% Density Profile of Hard Spheres at a Hard Flat Wall: rho(z), rho(z < 0.5) = 0
% Bulk density: rho (95% CI) = 0.48453108(0.00000126)
%
% rho_i is the average density in the interval [z_i-0.01, z_i+0.01]
%
%  z_i    rho_i     95% CI 
 0.510  1.4715356  0.0000551
 0.530  1.3783577  0.0000486
 0.550  1.2919893  0.0000447
 0.570  1.2119630  0.0000407
 0.590  1.1378946  0.0000371
 0.610  1.0693376  0.0000338
 0.630  1.0059010  0.0000320
 0.650  0.9472589  0.0000291
 0.670  0.8930777  0.0000278
 0.690  0.8429877  0.0000257
 0.710  0.7967827  0.0000240
 0.730  0.7541234  0.0000234
 0.750  0.7147884  0.0000225
 0.770  0.6785277  0.0000211
 0.790  0.6451132  0.0000207
 0.810  0.6143768  0.0000200
 0.830  0.5861045  0.0000196
 0.850  0.5601536  0.0000188
 0.870  0.5363454  0.0000184
 0.890  0.5145558  0.0000179
 0.910  0.4946420  0.0000173
 0.930  0.4764857  0.0000174
 0.950  0.4600009  0.0000169
 0.970  0.4450424  0.0000165
 0.990  0.4315778  0.0000165
 1.010  0.4194851  0.0000161
 1.030  0.4087331  0.0000160
 1.050  0.3992426  0.0000160
 1.070  0.3909681  0.0000156
 1.090  0.3838567  0.0000155
 1.110  0.3778994  0.0000154
 1.130  0.3730233  0.0000155
 1.150  0.3692382  0.0000155
 1.170  0.3665190  0.0000154
 1.190  0.3648721  0.0000152
 1.210  0.3642980  0.0000153
 1.230  0.3648039  0.0000155
 1.250  0.3664007  0.0000152
 1.270  0.3691050  0.0000155
 1.290  0.3729732  0.0000156
 1.310  0.3780257  0.0000159
 1.330  0.3843001  0.0000160
 1.350  0.3918390  0.0000162
 1.370  0.4007025  0.0000166
 1.390  0.4108698  0.0000168
 1.410  0.4223887  0.0000171
 1.430  0.4351217  0.0000176
 1.450  0.4490822  0.0000179
 1.470  0.4640969  0.0000188
 1.490  0.4800986  0.0000192
 1.510  0.4963245  0.0000200
 1.530  0.5102015  0.0000199
 1.550  0.5213978  0.0000204
 1.570  0.5302090  0.0000205
 1.590  0.5368671  0.0000210
 1.610  0.5416650  0.0000208
 1.630  0.5448183  0.0000210
 1.650  0.5465120  0.0000208
 1.670  0.5469878  0.0000208
 1.690  0.5464061  0.0000205
 1.710  0.5449087  0.0000209
 1.730  0.5426725  0.0000199
 1.750  0.5397812  0.0000198
 1.770  0.5363993  0.0000199
 1.790  0.5326448  0.0000197
 1.810  0.5285682  0.0000195
 1.830  0.5242690  0.0000190
 1.850  0.5198324  0.0000191
 1.870  0.5153181  0.0000193
 1.890  0.5107672  0.0000190
 1.910  0.5062754  0.0000186
 1.930  0.5018616  0.0000185
 1.950  0.4975529  0.0000182
 1.970  0.4934371  0.0000184
 1.990  0.4894691  0.0000182
 2.010  0.4857337  0.0000180
 2.030  0.4822286  0.0000178
 2.050  0.4789833  0.0000179
 2.070  0.4760083  0.0000177
 2.090  0.4733195  0.0000175
 2.110  0.4709303  0.0000176
 2.130  0.4688433  0.0000175
 2.150  0.4670862  0.0000176
 2.170  0.4656355  0.0000176
 2.190  0.4644856  0.0000174
 2.210  0.4636717  0.0000177
 2.230  0.4631589  0.0000174
 2.250  0.4629540  0.0000174
 2.270  0.4630461  0.0000175
 2.290  0.4634150  0.0000176
 2.310  0.4640806  0.0000177
 2.330  0.4649875  0.0000175
 2.350  0.4661611  0.0000178
 2.370  0.4675149  0.0000178
 2.390  0.4690713  0.0000181
 2.410  0.4707777  0.0000181
 2.430  0.4725912  0.0000180
 2.450  0.4745266  0.0000184
 2.470  0.4765250  0.0000181
 2.490  0.4785299  0.0000182
 2.510  0.4805175  0.0000180
 2.530  0.4824138  0.0000182
 2.550  0.4842033  0.0000183
 2.570  0.4858761  0.0000185
 2.590  0.4873956  0.0000186
 2.610  0.4887498  0.0000186
 2.630  0.4899344  0.0000187
 2.650  0.4909441  0.0000186
 2.670  0.4917770  0.0000187
 2.690  0.4924287  0.0000187
 2.710  0.4929346  0.0000189
 2.730  0.4932567  0.0000185
 2.750  0.4934255  0.0000186
 2.770  0.4934534  0.0000186
 2.790  0.4933661  0.0000182
 2.810  0.4931253  0.0000186
 2.830  0.4928174  0.0000181
 2.850  0.4923967  0.0000184
 2.870  0.4918851  0.0000187
 2.890  0.4913091  0.0000182
 2.910  0.4906921  0.0000184
 2.930  0.4900187  0.0000182
 2.950  0.4893500  0.0000183
 2.970  0.4886317  0.0000177
 2.990  0.4879137  0.0000183
 3.010  0.4872011  0.0000178
 3.030  0.4864950  0.0000182
 3.050  0.4858166  0.0000181
 3.070  0.4851634  0.0000180
 3.090  0.4845313  0.0000178
 3.110  0.4839473  0.0000181
 3.130  0.4834113  0.0000181
 3.150  0.4829349  0.0000183
 3.170  0.4824916  0.0000181
 3.190  0.4821203  0.0000180
 3.210  0.4817975  0.0000179
 3.230  0.4815410  0.0000181
 3.250  0.4813479  0.0000181
 3.270  0.4811895  0.0000181
 3.290  0.4811071  0.0000183
 3.310  0.4810668  0.0000179
 3.330  0.4810940  0.0000184
 3.350  0.4811570  0.0000179
 3.370  0.4812674  0.0000181
 3.390  0.4814366  0.0000180
 3.410  0.4816135  0.0000181
 3.430  0.4818370  0.0000180
 3.450  0.4820929  0.0000180
 3.470  0.4823440  0.0000181
 3.490  0.4826426  0.0000182
 3.510  0.4829251  0.0000180
 3.530  0.4832215  0.0000181
 3.550  0.4835171  0.0000181
 3.570  0.4838093  0.0000184
 3.590  0.4840892  0.0000184
 3.610  0.4843549  0.0000178
 3.630  0.4846068  0.0000181
 3.650  0.4848324  0.0000183
 3.670  0.4850525  0.0000179
 3.690  0.4852540  0.0000181
 3.710  0.4854047  0.0000182
 3.730  0.4855515  0.0000180
 3.750  0.4856854  0.0000183
 3.770  0.4857748  0.0000183
 3.790  0.4858497  0.0000183
 3.810  0.4858813  0.0000187
 3.830  0.4858801  0.0000181
 3.850  0.4859051  0.0000186
 3.870  0.4858809  0.0000184
 3.890  0.4858418  0.0000180
 3.910  0.4858076  0.0000180
 3.930  0.4857208  0.0000183
 3.950  0.4856416  0.0000181
 3.970  0.4855664  0.0000180
 3.990  0.4854647  0.0000182
 4.010  0.4853614  0.0000183
 4.030  0.4852558  0.0000183
 4.050  0.4851352  0.0000181
 4.070  0.4850190  0.0000182
 4.090  0.4849118  0.0000182
 4.110  0.4847942  0.0000183
 4.130  0.4846929  0.0000181
 4.150  0.4845895  0.0000183
 4.170  0.4844744  0.0000179
 4.190  0.4844116  0.0000181
 4.210  0.4843272  0.0000183
 4.230  0.4842409  0.0000181
 4.250  0.4841774  0.0000181
 4.270  0.4841272  0.0000180
 4.290  0.4840925  0.0000181
 4.310  0.4840434  0.0000183
 4.330  0.4840207  0.0000181
 4.350  0.4840182  0.0000177
 4.370  0.4840067  0.0000178
 4.390  0.4840026  0.0000177
 4.410  0.4840099  0.0000179
 4.430  0.4840261  0.0000181
 4.450  0.4840530  0.0000179
 4.470  0.4840588  0.0000179
 4.490  0.4840854  0.0000182
 4.510  0.4841332  0.0000179
 4.530  0.4841723  0.0000180
 4.550  0.4842125  0.0000179
 4.570  0.4842590  0.0000180
 4.590  0.4842959  0.0000181
 4.610  0.4843454  0.0000180
 4.630  0.4844034  0.0000180
 4.650  0.4844394  0.0000183
 4.670  0.4844831  0.0000187
 4.690  0.4845274  0.0000179
 4.710  0.4845582  0.0000183
 4.730  0.4845976  0.0000179
 4.750  0.4846328  0.0000181
 4.770  0.4846527  0.0000179
 4.790  0.4846707  0.0000182
 4.810  0.4847028  0.0000182
 4.830  0.4847180  0.0000179
 4.850  0.4847420  0.0000180
 4.870  0.4847482  0.0000182
 4.890  0.4847422  0.0000182
 4.910  0.4847547  0.0000181
 4.930  0.4847618  0.0000178
 4.950  0.4847459  0.0000180
 4.970  0.4847294  0.0000180
 4.990  0.4847209  0.0000183
 5.010  0.4847093  0.0000184
 5.030  0.4847007  0.0000183
 5.050  0.4846945  0.0000179
 5.070  0.4846775  0.0000176
 5.090  0.4846546  0.0000181
 5.110  0.4846396  0.0000182
 5.130  0.4846328  0.0000181
 5.150  0.4845990  0.0000182
 5.170  0.4845833  0.0000179
 5.190  0.4845769  0.0000182
 5.210  0.4845641  0.0000178
 5.230  0.4845398  0.0000181
 5.250  0.4845185  0.0000181
 5.270  0.4845271  0.0000180
 5.290  0.4844974  0.0000179
 5.310  0.4845115  0.0000181
 5.330  0.4844673  0.0000179
 5.350  0.4844772  0.0000181
 5.370  0.4844712  0.0000180
 5.390  0.4844606  0.0000181
 5.410  0.4844567  0.0000176
 5.430  0.4844503  0.0000180
 5.450  0.4844611  0.0000180
 5.470  0.4844664  0.0000182
 5.490  0.4844513  0.0000180
 5.510  0.4844661  0.0000177
 5.530  0.4844621  0.0000178
 5.550  0.4844642  0.0000180
 5.570  0.4844784  0.0000179
 5.590  0.4844885  0.0000179
 5.610  0.4844880  0.0000180
 5.630  0.4844901  0.0000179
 5.650  0.4844860  0.0000180
 5.670  0.4845025  0.0000179
 5.690  0.4845080  0.0000178
 5.710  0.4845135  0.0000179
 5.730  0.4845244  0.0000180
 5.750  0.4845117  0.0000179
 5.770  0.4845258  0.0000177
 5.790  0.4845481  0.0000178
 5.810  0.4845444  0.0000179
 5.830  0.4845505  0.0000178
 5.850  0.4845548  0.0000181
 5.870  0.4845469  0.0000179
 5.890  0.4845523  0.0000179
 5.910  0.4845581  0.0000180
 5.930  0.4845567  0.0000180
 5.950  0.4845675  0.0000183
 5.970  0.4845674  0.0000180
 5.990  0.4845605  0.0000179
 6.010  0.4845756  0.0000180
 6.030  0.4845730  0.0000182
 6.050  0.4845681  0.0000175
 6.070  0.4845578  0.0000180
 6.090  0.4845577  0.0000181
 6.110  0.4845555  0.0000177
 6.130  0.4845554  0.0000177
 6.150  0.4845513  0.0000180
 6.170  0.4845542  0.0000176
 6.190  0.4845530  0.0000178
 6.210  0.4845301  0.0000178
 6.230  0.4845350  0.0000181
 6.250  0.4845447  0.0000180
 6.270  0.4845449  0.0000180
 6.290  0.4845431  0.0000177
 6.310  0.4845451  0.0000179
 6.330  0.4845261  0.0000180
 6.350  0.4845284  0.0000179
 6.370  0.4845265  0.0000182
 6.390  0.4845334  0.0000180
 6.410  0.4845372  0.0000180
 6.430  0.4845224  0.0000180
 6.450  0.4845270  0.0000180
 6.470  0.4845307  0.0000179
 6.490  0.4845256  0.0000178
 6.510  0.4845184  0.0000179
 6.530  0.4845386  0.0000181
 6.550  0.4845317  0.0000180
 6.570  0.4845312  0.0000182
 6.590  0.4845280  0.0000179
 6.610  0.4845345  0.0000178
 6.630  0.4845287  0.0000179
 6.650  0.4845297  0.0000180
 6.670  0.4845373  0.0000182
 6.690  0.4845298  0.0000181
 6.710  0.4845347  0.0000182
 6.730  0.4845168  0.0000180
 6.750  0.4845275  0.0000180
 6.770  0.4845228  0.0000177
 6.790  0.4845309  0.0000181
 6.810  0.4845248  0.0000176
 6.830  0.4845349  0.0000178
 6.850  0.4845324  0.0000177
 6.870  0.4845296  0.0000179
 6.890  0.4845412  0.0000179
 6.910  0.4845292  0.0000175
 6.930  0.4845465  0.0000177
 6.950  0.4845215  0.0000179
 6.970  0.4845313  0.0000178
 6.990  0.4845389  0.0000178
 7.010  0.4845409  0.0000177
 7.030  0.4845321  0.0000178
 7.050  0.4845354  0.0000180
 7.070  0.4845395  0.0000177
 7.090  0.4845387  0.0000180
 7.110  0.4845443  0.0000180
 7.130  0.4845441  0.0000181
 7.150  0.4845122  0.0000180
 7.170  0.4845264  0.0000176
 7.190  0.4845422  0.0000178
 7.210  0.4845405  0.0000179
 7.230  0.4845276  0.0000178
 7.250  0.4845437  0.0000176
 7.270  0.4845381  0.0000179
 7.290  0.4845405  0.0000182
 7.310  0.4845402  0.0000179
 7.330  0.4845430  0.0000181
 7.350  0.4845260  0.0000183
 7.370  0.4845358  0.0000183
 7.390  0.4845318  0.0000181
 7.410  0.4845293  0.0000180
 7.430  0.4845291  0.0000182
 7.450  0.4845289  0.0000181
 7.470  0.4845383  0.0000178
 7.490  0.4845322  0.0000177
 7.510  0.4845390  0.0000179
 7.530  0.4845345  0.0000178
 7.550  0.4845159  0.0000179
 7.570  0.4845362  0.0000175
 7.590  0.4845219  0.0000177
 7.610  0.4845332  0.0000176
 7.630  0.4845441  0.0000179
 7.650  0.4845364  0.0000180
 7.670  0.4845362  0.0000179
 7.690  0.4845306  0.0000177
 7.710  0.4845379  0.0000174
 7.730  0.4845306  0.0000180
 7.750  0.4845308  0.0000177
 7.770  0.4845400  0.0000179
 7.790  0.4845249  0.0000180
 7.810  0.4845253  0.0000176
 7.830  0.4845356  0.0000176
 7.850  0.4845277  0.0000174
 7.870  0.4845373  0.0000178
 7.890  0.4845330  0.0000178
 7.910  0.4845325  0.0000178
 7.930  0.4845388  0.0000178
 7.950  0.4845426  0.0000177
 7.970  0.4845439  0.0000178
 7.990  0.4845439  0.0000178
 8.010  0.4845372  0.0000180
 8.030  0.4845345  0.0000179
 8.050  0.4845304  0.0000179
 8.070  0.4845344  0.0000177
 8.090  0.4845192  0.0000179
 8.110  0.4845145  0.0000179
 8.130  0.4845351  0.0000176
 8.150  0.4845322  0.0000181
 8.170  0.4845318  0.0000179
 8.190  0.4845298  0.0000178
 8.210  0.4845296  0.0000177
 8.230  0.4845493  0.0000176
 8.250  0.4845376  0.0000174
 8.270  0.4845300  0.0000179
 8.290  0.4845274  0.0000176
 8.310  0.4845171  0.0000177
 8.330  0.4845265  0.0000176
 8.350  0.4845348  0.0000179
 8.370  0.4845210  0.0000177
 8.390  0.4845286  0.0000183
 8.410  0.4845290  0.0000177
 8.430  0.4845481  0.0000178
 8.450  0.4845219  0.0000180
 8.470  0.4845269  0.0000181
 8.490  0.4845324  0.0000179
 8.510  0.4845287  0.0000177
 8.530  0.4845223  0.0000180
 8.550  0.4845315  0.0000180
 8.570  0.4845284  0.0000177
 8.590  0.4845284  0.0000179
 8.610  0.4845287  0.0000179
 8.630  0.4845280  0.0000177
 8.650  0.4845319  0.0000179
 8.670  0.4845305  0.0000183
 8.690  0.4845248  0.0000182
 8.710  0.4845450  0.0000180
 8.730  0.4845326  0.0000182
 8.750  0.4845409  0.0000177
 8.770  0.4845335  0.0000179
 8.790  0.4845243  0.0000176
 8.810  0.4845481  0.0000178
 8.830  0.4845313  0.0000179
 8.850  0.4845398  0.0000180
 8.870  0.4845311  0.0000178
 8.890  0.4845505  0.0000178
 8.910  0.4845386  0.0000178
 8.930  0.4845397  0.0000180
 8.950  0.4845260  0.0000179
 8.970  0.4845449  0.0000176
 8.990  0.4845388  0.0000176
 9.010  0.4845374  0.0000177
 9.030  0.4845381  0.0000177
 9.050  0.4845450  0.0000180
 9.070  0.4845231  0.0000179
 9.090  0.4845377  0.0000177
 9.110  0.4845418  0.0000176
 9.130  0.4845209  0.0000178
 9.150  0.4845116  0.0000176
 9.170  0.4845169  0.0000176
 9.190  0.4845256  0.0000178
 9.210  0.4845473  0.0000180
 9.230  0.4845392  0.0000176
 9.250  0.4845242  0.0000177
 9.270  0.4845188  0.0000176
 9.290  0.4845421  0.0000178
 9.310  0.4845265  0.0000174
 9.330  0.4845326  0.0000181
 9.350  0.4845359  0.0000177
 9.370  0.4845315  0.0000177
 9.390  0.4845185  0.0000174
 9.410  0.4845321  0.0000176
 9.430  0.4845245  0.0000182
 9.450  0.4845413  0.0000177
 9.470  0.4845329  0.0000178
 9.490  0.4845360  0.0000178
 9.510  0.4845300  0.0000176
 9.530  0.4845309  0.0000177
 9.550  0.4845350  0.0000176
 9.570  0.4845387  0.0000182
 9.590  0.4845403  0.0000179
 9.610  0.4845279  0.0000178
 9.630  0.4845261  0.0000176
 9.650  0.4845253  0.0000177
 9.670  0.4845303  0.0000178
 9.690  0.4845483  0.0000175
 9.710  0.4845327  0.0000177
 9.730  0.4845369  0.0000176
 9.750  0.4845349  0.0000179
 9.770  0.4845408  0.0000177
 9.790  0.4845179  0.0000176
 9.810  0.4845327  0.0000176
 9.830  0.4845373  0.0000177
 9.850  0.4845299  0.0000182
 9.870  0.4845445  0.0000177
 9.890  0.4845375  0.0000183
 9.910  0.4845358  0.0000178
 9.930  0.4845328  0.0000177
 9.950  0.4845348  0.0000175
 9.970  0.4845442  0.0000180
 9.990  0.4845508  0.0000179
10.010  0.4845382  0.0000178
10.030  0.4845378  0.0000179
10.050  0.4845466  0.0000179
10.070  0.4845402  0.0000178
10.090  0.4845489  0.0000180
10.110  0.4845423  0.0000179
10.130  0.4845402  0.0000177
10.150  0.4845374  0.0000181
10.170  0.4845181  0.0000177
10.190  0.4845268  0.0000176
10.210  0.4845277  0.0000178
10.230  0.4845253  0.0000177
10.250  0.4845335  0.0000177
10.270  0.4845228  0.0000177
10.290  0.4845244  0.0000178
10.310  0.4845403  0.0000177
10.330  0.4845264  0.0000179
10.350  0.4845128  0.0000175
10.370  0.4845355  0.0000179
10.390  0.4845362  0.0000177
10.410  0.4845309  0.0000179
10.430  0.4845345  0.0000175
10.450  0.4845278  0.0000177
10.470  0.4845210  0.0000176
10.490  0.4845451  0.0000179
10.510  0.4845338  0.0000178
10.530  0.4845374  0.0000176
10.550  0.4845332  0.0000177
10.570  0.4845409  0.0000175
10.590  0.4845309  0.0000177
10.610  0.4845270  0.0000172
10.630  0.4845354  0.0000175
10.650  0.4845394  0.0000174
10.670  0.4845295  0.0000176
10.690  0.4845246  0.0000174
10.710  0.4845330  0.0000182
10.730  0.4845403  0.0000177
10.750  0.4845321  0.0000180
10.770  0.4845307  0.0000176
10.790  0.4845294  0.0000180
10.810  0.4845216  0.0000179
10.830  0.4845343  0.0000177
10.850  0.4845219  0.0000177
10.870  0.4845218  0.0000175
10.890  0.4845193  0.0000175
10.910  0.4845039  0.0000179
10.930  0.4845313  0.0000177
10.950  0.4845352  0.0000175
10.970  0.4845340  0.0000175
10.990  0.4845248  0.0000174
11.010  0.4845193  0.0000176
11.030  0.4845333  0.0000174
11.050  0.4845209  0.0000174
11.070  0.4845238  0.0000176
11.090  0.4845369  0.0000177
11.110  0.4845384  0.0000177
11.130  0.4845210  0.0000175
11.150  0.4845276  0.0000177
11.170  0.4845357  0.0000174
11.190  0.4845447  0.0000176
11.210  0.4845411  0.0000180
11.230  0.4845242  0.0000177
11.250  0.4845386  0.0000175
11.270  0.4845344  0.0000176
11.290  0.4845384  0.0000177
11.310  0.4845245  0.0000177
11.330  0.4845380  0.0000176
11.350  0.4845276  0.0000179
11.370  0.4845371  0.0000177
11.390  0.4845292  0.0000179
11.410  0.4845256  0.0000178
11.430  0.4845284  0.0000178
11.450  0.4845338  0.0000177
11.470  0.4845312  0.0000178
11.490  0.4845321  0.0000178
11.510  0.4845201  0.0000178
11.530  0.4845371  0.0000178
11.550  0.4845269  0.0000174
11.570  0.4845257  0.0000177
11.590  0.4845331  0.0000177
11.610  0.4845336  0.0000180
11.630  0.4845549  0.0000177
11.650  0.4845398  0.0000176
11.670  0.4845385  0.0000175
11.690  0.4845352  0.0000175
11.710  0.4845474  0.0000177
11.730  0.4845389  0.0000178
11.750  0.4845200  0.0000177
11.770  0.4845305  0.0000177
11.790  0.4845272  0.0000174
11.810  0.4845123  0.0000175
11.830  0.4845238  0.0000174
11.850  0.4845126  0.0000179
11.870  0.4845404  0.0000178
11.890  0.4845345  0.0000181
11.910  0.4845369  0.0000178
11.930  0.4845276  0.0000178
11.950  0.4845418  0.0000175
11.970  0.4845240  0.0000179
11.990  0.4845240  0.0000178
12.010  0.4845266  0.0000177
12.030  0.4845225  0.0000177
12.050  0.4845363  0.0000175
12.070  0.4845427  0.0000177
12.090  0.4845241  0.0000180
12.110  0.4845291  0.0000177
12.130  0.4845186  0.0000175
12.150  0.4845300  0.0000179
12.170  0.4845226  0.0000175
12.190  0.4845472  0.0000178
12.210  0.4845261  0.0000179
12.230  0.4845338  0.0000178
12.250  0.4845347  0.0000175
12.270  0.4845237  0.0000175
12.290  0.4845209  0.0000176
12.310  0.4845288  0.0000177
12.330  0.4845285  0.0000176
12.350  0.4845389  0.0000175
12.370  0.4845411  0.0000177
12.390  0.4845378  0.0000178
12.410  0.4845289  0.0000179
12.430  0.4845272  0.0000175
12.450  0.4845495  0.0000175
12.470  0.4845439  0.0000176
12.490  0.4845428  0.0000177
12.510  0.4845573  0.0000179
12.530  0.4845413  0.0000177
12.550  0.4845386  0.0000176
12.570  0.4845404  0.0000177
12.590  0.4845405  0.0000176
12.610  0.4845443  0.0000177
12.630  0.4845368  0.0000178
12.650  0.4845286  0.0000176
12.670  0.4845324  0.0000176
12.690  0.4845364  0.0000178
12.710  0.4845358  0.0000175
12.730  0.4845384  0.0000178
12.750  0.4845327  0.0000178
12.770  0.4845303  0.0000177
12.790  0.4845363  0.0000178
12.810  0.4845248  0.0000178
12.830  0.4845219  0.0000177
12.850  0.4845380  0.0000179
12.870  0.4845322  0.0000179
12.890  0.4845328  0.0000179
12.910  0.4845347  0.0000177
12.930  0.4845272  0.0000180
12.950  0.4845281  0.0000174
12.970  0.4845357  0.0000176
12.990  0.4845267  0.0000178
13.010  0.4845215  0.0000175
13.030  0.4845228  0.0000177
13.050  0.4845288  0.0000177
13.070  0.4845210  0.0000177
13.090  0.4845160  0.0000178
13.110  0.4845164  0.0000175
13.130  0.4845243  0.0000177
13.150  0.4845130  0.0000177
13.170  0.4845297  0.0000171
13.190  0.4845248  0.0000179
13.210  0.4845260  0.0000176
13.230  0.4845210  0.0000180
13.250  0.4845233  0.0000178
13.270  0.4845448  0.0000175
13.290  0.4845408  0.0000177
13.310  0.4845348  0.0000178
13.330  0.4845344  0.0000174
13.350  0.4845412  0.0000179
13.370  0.4845446  0.0000178
13.390  0.4845451  0.0000175
13.410  0.4845427  0.0000174
13.430  0.4845267  0.0000175
13.450  0.4845464  0.0000177
13.470  0.4845399  0.0000173
13.490  0.4845473  0.0000176
13.510  0.4845356  0.0000176
13.530  0.4845490  0.0000176
13.550  0.4845565  0.0000177
13.570  0.4845423  0.0000175
13.590  0.4845433  0.0000178
13.610  0.4845564  0.0000178
13.630  0.4845421  0.0000179
13.650  0.4845365  0.0000179
13.670  0.4845400  0.0000180
13.690  0.4845341  0.0000178
13.710  0.4845465  0.0000177
13.730  0.4845357  0.0000173
13.750  0.4845351  0.0000175
13.770  0.4845370  0.0000178
13.790  0.4845428  0.0000177
13.810  0.4845243  0.0000176
13.830  0.4845246  0.0000176
13.850  0.4845453  0.0000174
13.870  0.4845333  0.0000178
13.890  0.4845319  0.0000175
13.910  0.4845190  0.0000177
13.930  0.4845273  0.0000175
13.950  0.4845364  0.0000178
13.970  0.4845318  0.0000177
13.990  0.4845317  0.0000178
14.010  0.4845216  0.0000178
14.030  0.4845268  0.0000177
14.050  0.4845273  0.0000176
14.070  0.4845249  0.0000179
14.090  0.4845211  0.0000177
14.110  0.4845282  0.0000177
14.130  0.4845357  0.0000175
14.150  0.4845369  0.0000176
14.170  0.4845392  0.0000174
14.190  0.4845255  0.0000175
14.210  0.4845282  0.0000178
14.230  0.4845360  0.0000172
14.250  0.4845423  0.0000176
14.270  0.4845297  0.0000180
14.290  0.4845237  0.0000172
14.310  0.4845484  0.0000178
14.330  0.4845327  0.0000176
14.350  0.4845309  0.0000179
14.370  0.4845337  0.0000178
14.390  0.4845233  0.0000176
14.410  0.4845235  0.0000176
14.430  0.4845336  0.0000178
14.450  0.4845279  0.0000177
14.470  0.4845357  0.0000178
14.490  0.4845585  0.0000176
14.510  0.4845360  0.0000177
14.530  0.4845330  0.0000176
14.550  0.4845483  0.0000175
14.570  0.4845295  0.0000174
14.590  0.4845237  0.0000176
14.610  0.4845341  0.0000175
14.630  0.4845264  0.0000178
14.650  0.4845408  0.0000179
14.670  0.4845371  0.0000180
14.690  0.4845509  0.0000176
14.710  0.4845355  0.0000175
14.730  0.4845495  0.0000177
14.750  0.4845423  0.0000174
14.770  0.4845296  0.0000177
14.790  0.4845265  0.0000175
14.810  0.4845358  0.0000176
14.830  0.4845234  0.0000177
14.850  0.4845231  0.0000175
14.870  0.4845372  0.0000176
14.890  0.4845328  0.0000175
14.910  0.4845231  0.0000174
14.930  0.4845277  0.0000174
14.950  0.4845292  0.0000175
14.970  0.4845512  0.0000179
14.990  0.4845286  0.0000176
15.010  0.4845293  0.0000176
15.030  0.4845418  0.0000174
15.050  0.4845368  0.0000177
15.070  0.4845319  0.0000176
15.090  0.4845386  0.0000174
15.110  0.4845325  0.0000177
15.130  0.4845329  0.0000175
15.150  0.4845293  0.0000173
15.170  0.4845293  0.0000178
15.190  0.4845281  0.0000175
15.210  0.4845196  0.0000176
15.230  0.4845307  0.0000174
15.250  0.4845346  0.0000175
15.270  0.4845273  0.0000175
15.290  0.4845273  0.0000177
15.310  0.4845343  0.0000177
15.330  0.4845436  0.0000178
15.350  0.4845428  0.0000182
15.370  0.4845463  0.0000178
15.390  0.4845267  0.0000176
15.410  0.4845400  0.0000176
15.430  0.4845211  0.0000177
15.450  0.4845226  0.0000175
15.470  0.4845264  0.0000174
15.490  0.4845280  0.0000178
15.510  0.4845341  0.0000178
15.530  0.4845191  0.0000177
15.550  0.4845523  0.0000175
15.570  0.4845322  0.0000178
15.590  0.4845427  0.0000178
15.610  0.4845289  0.0000178
15.630  0.4845443  0.0000180
15.650  0.4845358  0.0000176
15.670  0.4845347  0.0000174
15.690  0.4845366  0.0000177
15.710  0.4845324  0.0000175
15.730  0.4845491  0.0000177
15.750  0.4845436  0.0000177
15.770  0.4845439  0.0000176
15.790  0.4845220  0.0000176
15.810  0.4845150  0.0000176
15.830  0.4845321  0.0000177
15.850  0.4845299  0.0000177
15.870  0.4845318  0.0000176
15.890  0.4845409  0.0000177
15.910  0.4845437  0.0000177
15.930  0.4845270  0.0000174
15.950  0.4845241  0.0000172
15.970  0.4845364  0.0000175
15.990  0.4845416  0.0000179
16.010  0.4845274  0.0000176
16.030  0.4845209  0.0000175
16.050  0.4845238  0.0000178
16.070  0.4845375  0.0000177
16.090  0.4845319  0.0000176
16.110  0.4845243  0.0000177
16.130  0.4845292  0.0000178
16.150  0.4845285  0.0000179
16.170  0.4845497  0.0000176
16.190  0.4845366  0.0000174
16.210  0.4845225  0.0000175
16.230  0.4845427  0.0000173
16.250  0.4845185  0.0000179
16.270  0.4845586  0.0000174
16.290  0.4845333  0.0000176
16.310  0.4845459  0.0000175
16.330  0.4845323  0.0000176
16.350  0.4845309  0.0000178
16.370  0.4845314  0.0000179
16.390  0.4845236  0.0000175
16.410  0.4845301  0.0000176
16.430  0.4845312  0.0000174
16.450  0.4845545  0.0000177
16.470  0.4845422  0.0000175
16.490  0.4845350  0.0000177
16.510  0.4845356  0.0000175
16.530  0.4845374  0.0000177
16.550  0.4845254  0.0000176
16.570  0.4845439  0.0000175
16.590  0.4845434  0.0000179
16.610  0.4845242  0.0000177
16.630  0.4845323  0.0000174
16.650  0.4845377  0.0000175
16.670  0.4845249  0.0000175
16.690  0.4845316  0.0000177
16.710  0.4845445  0.0000178
16.730  0.4845440  0.0000178
16.750  0.4845352  0.0000172
16.770  0.4845244  0.0000177
16.790  0.4845174  0.0000174
16.810  0.4845231  0.0000176
16.830  0.4845351  0.0000173
16.850  0.4845325  0.0000177
16.870  0.4845331  0.0000178
16.890  0.4845329  0.0000174
16.910  0.4845421  0.0000176
16.930  0.4845239  0.0000176
16.950  0.4845320  0.0000174
16.970  0.4845433  0.0000175
16.990  0.4845366  0.0000176
17.010  0.4845221  0.0000176
17.030  0.4845288  0.0000178
17.050  0.4845303  0.0000175
17.070  0.4845266  0.0000174
17.090  0.4845262  0.0000174
17.110  0.4845282  0.0000173
17.130  0.4845417  0.0000175
17.150  0.4845295  0.0000174
17.170  0.4845315  0.0000175
17.190  0.4845198  0.0000176
17.210  0.4845277  0.0000176
17.230  0.4845281  0.0000176
17.250  0.4845128  0.0000177
17.270  0.4845412  0.0000178
17.290  0.4845335  0.0000178
17.310  0.4845410  0.0000178
17.330  0.4845360  0.0000175
17.350  0.4845471  0.0000176
17.370  0.4845348  0.0000178
17.390  0.4845371  0.0000176
17.410  0.4845354  0.0000178
17.430  0.4845181  0.0000175
17.450  0.4845488  0.0000177
17.470  0.4845457  0.0000178
17.490  0.4845433  0.0000175
17.510  0.4845315  0.0000177
17.530  0.4845291  0.0000177
17.550  0.4845429  0.0000177
17.570  0.4845292  0.0000173
17.590  0.4845433  0.0000175
17.610  0.4845334  0.0000175
17.630  0.4845345  0.0000177
17.650  0.4845352  0.0000176
17.670  0.4845375  0.0000174
17.690  0.4845396  0.0000177
17.710  0.4845293  0.0000176
17.730  0.4845453  0.0000174
17.750  0.4845245  0.0000173
17.770  0.4845323  0.0000176
17.790  0.4845449  0.0000176
17.810  0.4845165  0.0000174
17.830  0.4845255  0.0000176
17.850  0.4845317  0.0000174
17.870  0.4845232  0.0000177
17.890  0.4845358  0.0000176
17.910  0.4845225  0.0000175
17.930  0.4845297  0.0000178
17.950  0.4845085  0.0000178
17.970  0.4845356  0.0000172
17.990  0.4845294  0.0000177
18.010  0.4845121  0.0000173
18.030  0.4845252  0.0000180
18.050  0.4845323  0.0000176
18.070  0.4845348  0.0000177
18.090  0.4845209  0.0000178
18.110  0.4845232  0.0000174
18.130  0.4845275  0.0000177
18.150  0.4845301  0.0000179
18.170  0.4845228  0.0000177
18.190  0.4845300  0.0000173
18.210  0.4845096  0.0000176
18.230  0.4845241  0.0000177
18.250  0.4845425  0.0000176
18.270  0.4845335  0.0000176
18.290  0.4845304  0.0000176
18.310  0.4845455  0.0000177
18.330  0.4845305  0.0000174
18.350  0.4845340  0.0000181
18.370  0.4845340  0.0000176
18.390  0.4845428  0.0000177
18.410  0.4845368  0.0000177
18.430  0.4845442  0.0000174
18.450  0.4845477  0.0000177
18.470  0.4845457  0.0000175
18.490  0.4845353  0.0000176
18.510  0.4845383  0.0000174
18.530  0.4845379  0.0000176
18.550  0.4845492  0.0000177
18.570  0.4845355  0.0000177
18.590  0.4845406  0.0000175
18.610  0.4845289  0.0000176
18.630  0.4845447  0.0000177
18.650  0.4845337  0.0000176
18.670  0.4845376  0.0000176
18.690  0.4845276  0.0000174
18.710  0.4845232  0.0000173
18.730  0.4845191  0.0000177
18.750  0.4845347  0.0000175
18.770  0.4845348  0.0000177
18.790  0.4845261  0.0000175
18.810  0.4845242  0.0000176
18.830  0.4845223  0.0000179
18.850  0.4845325  0.0000174
18.870  0.4845318  0.0000177
18.890  0.4845273  0.0000176
18.910  0.4845370  0.0000175
18.930  0.4845351  0.0000174
18.950  0.4845288  0.0000176
18.970  0.4845298  0.0000179
18.990  0.4845170  0.0000175
19.010  0.4845220  0.0000179
19.030  0.4845327  0.0000177
19.050  0.4845227  0.0000175
19.070  0.4845099  0.0000175
19.090  0.4845308  0.0000177
19.110  0.4845116  0.0000178
19.130  0.4845412  0.0000175
19.150  0.4845361  0.0000178
19.170  0.4845280  0.0000176
19.190  0.4845381  0.0000176
19.210  0.4845380  0.0000177
19.230  0.4845233  0.0000177
19.250  0.4845389  0.0000176
19.270  0.4845357  0.0000177
19.290  0.4845393  0.0000176
19.310  0.4845339  0.0000173
19.330  0.4845316  0.0000177
19.350  0.4845473  0.0000173
19.370  0.4845303  0.0000177
19.390  0.4845462  0.0000175
19.410  0.4845306  0.0000174
19.430  0.4845356  0.0000172
19.450  0.4845498  0.0000179
19.470  0.4845328  0.0000177
19.490  0.4845440  0.0000177
19.510  0.4845356  0.0000174
19.530  0.4845300  0.0000177
19.550  0.4845382  0.0000176
19.570  0.4845357  0.0000176
19.590  0.4845364  0.0000179
19.610  0.4845271  0.0000174
19.630  0.4845254  0.0000176
19.650  0.4845141  0.0000176
19.670  0.4845319  0.0000177
19.690  0.4845192  0.0000177
19.710  0.4845244  0.0000175
19.730  0.4845194  0.0000176
19.750  0.4845477  0.0000177
19.770  0.4845358  0.0000177
19.790  0.4845385  0.0000178
19.810  0.4845134  0.0000178
19.830  0.4845472  0.0000180
19.850  0.4845368  0.0000178
19.870  0.4845293  0.0000175
19.890  0.4845269  0.0000178
19.910  0.4845319  0.0000175
19.930  0.4845269  0.0000177
19.950  0.4845346  0.0000176
19.970  0.4845209  0.0000176
19.990  0.4845258  0.0000178
20.010  0.4845323  0.0000174
20.030  0.4845381  0.0000177
20.050  0.4845259  0.0000179
20.070  0.4845187  0.0000178
20.090  0.4845265  0.0000174
20.110  0.4845451  0.0000176
20.130  0.4845290  0.0000179
20.150  0.4845252  0.0000178
20.170  0.4845305  0.0000181
20.190  0.4845270  0.0000179
20.210  0.4845331  0.0000174
20.230  0.4845405  0.0000174
20.250  0.4845389  0.0000177
20.270  0.4845230  0.0000180
20.290  0.4845327  0.0000177
20.310  0.4845347  0.0000177
20.330  0.4845345  0.0000180
20.350  0.4845233  0.0000175
20.370  0.4845374  0.0000177
20.390  0.4845483  0.0000176
20.410  0.4845412  0.0000175
20.430  0.4845325  0.0000176
20.450  0.4845374  0.0000178
20.470  0.4845259  0.0000178
20.490  0.4845437  0.0000175
20.510  0.4845275  0.0000176
20.530  0.4845282  0.0000174
20.550  0.4845127  0.0000173
20.570  0.4845137  0.0000178
20.590  0.4845296  0.0000178
20.610  0.4845322  0.0000176
20.630  0.4845437  0.0000179
20.650  0.4845390  0.0000176
20.670  0.4845306  0.0000178
20.690  0.4845270  0.0000177
20.710  0.4845356  0.0000175
20.730  0.4845251  0.0000177
20.750  0.4845293  0.0000176
20.770  0.4845355  0.0000174
20.790  0.4845386  0.0000177
20.810  0.4845492  0.0000181
20.830  0.4845513  0.0000177
20.850  0.4845137  0.0000175
20.870  0.4845307  0.0000174
20.890  0.4845299  0.0000177
20.910  0.4845218  0.0000180
20.930  0.4845286  0.0000180
20.950  0.4845278  0.0000178
20.970  0.4845250  0.0000177
20.990  0.4845260  0.0000178
21.010  0.4845355  0.0000174
21.030  0.4845375  0.0000173
21.050  0.4845261  0.0000175
21.070  0.4845237  0.0000176
21.090  0.4845337  0.0000177
21.110  0.4845186  0.0000176
21.130  0.4845339  0.0000177
21.150  0.4845290  0.0000175
21.170  0.4845327  0.0000179
21.190  0.4845356  0.0000176
21.210  0.4845377  0.0000177
21.230  0.4845333  0.0000174
21.250  0.4845337  0.0000181
21.270  0.4845248  0.0000177
21.290  0.4845267  0.0000174
21.310  0.4845452  0.0000178
21.330  0.4845349  0.0000180
21.350  0.4845134  0.0000176
21.370  0.4845360  0.0000176
21.390  0.4845434  0.0000177
21.410  0.4845244  0.0000174
21.430  0.4845208  0.0000175
21.450  0.4845514  0.0000178
21.470  0.4845379  0.0000181
21.490  0.4845394  0.0000175
21.510  0.4845328  0.0000178
21.530  0.4845350  0.0000176
21.550  0.4845448  0.0000176
21.570  0.4845385  0.0000178
21.590  0.4845293  0.0000173
21.610  0.4845474  0.0000176
21.630  0.4845272  0.0000176
21.650  0.4845361  0.0000178
21.670  0.4845195  0.0000176
21.690  0.4845213  0.0000177
21.710  0.4845247  0.0000177
21.730  0.4845257  0.0000180
21.750  0.4845263  0.0000177
21.770  0.4845361  0.0000176
21.790  0.4845211  0.0000179
21.810  0.4845353  0.0000180
21.830  0.4845301  0.0000178
21.850  0.4845221  0.0000178
21.870  0.4845427  0.0000180
21.890  0.4845203  0.0000176
21.910  0.4845287  0.0000177
21.930  0.4845157  0.0000175
21.950  0.4845257  0.0000177
21.970  0.4845113  0.0000178
21.990  0.4845301  0.0000179
22.010  0.4845313  0.0000178
22.030  0.4845246  0.0000176
22.050  0.4845278  0.0000181
22.070  0.4845234  0.0000173
22.090  0.4845409  0.0000175
22.110  0.4845366  0.0000176
22.130  0.4845332  0.0000177
22.150  0.4845348  0.0000175
22.170  0.4845276  0.0000176
22.190  0.4845325  0.0000178
22.210  0.4845281  0.0000177
22.230  0.4845364  0.0000178
22.250  0.4845373  0.0000180
22.270  0.4845334  0.0000176
22.290  0.4845338  0.0000181
22.310  0.4845324  0.0000180
22.330  0.4845334  0.0000179
22.350  0.4845266  0.0000178
22.370  0.4845191  0.0000177
22.390  0.4845213  0.0000179
22.410  0.4845326  0.0000177
22.430  0.4845221  0.0000178
22.450  0.4845317  0.0000178
22.470  0.4845156  0.0000178
22.490  0.4845334  0.0000179
22.510  0.4845337  0.0000180
22.530  0.4845334  0.0000177
22.550  0.4845333  0.0000179
22.570  0.4845251  0.0000178
22.590  0.4845270  0.0000180
22.610  0.4845308  0.0000178
22.630  0.4845357  0.0000179
22.650  0.4845343  0.0000175
22.670  0.4845323  0.0000180
22.690  0.4845346  0.0000179
22.710  0.4845326  0.0000179
22.730  0.4845314  0.0000174
22.750  0.4845372  0.0000176
22.770  0.4845364  0.0000178
22.790  0.4845284  0.0000175
22.810  0.4845459  0.0000179
22.830  0.4845317  0.0000178
22.850  0.4845418  0.0000179
22.870  0.4845347  0.0000177
22.890  0.4845354  0.0000179
22.910  0.4845259  0.0000178
22.930  0.4845200  0.0000179
22.950  0.4845300  0.0000180
22.970  0.4845384  0.0000178
22.990  0.4845244  0.0000175
23.010  0.4845271  0.0000177
23.030  0.4845287  0.0000178
23.050  0.4845235  0.0000177
23.070  0.4845478  0.0000177
23.090  0.4845240  0.0000176
23.110  0.4845310  0.0000180
23.130  0.4845186  0.0000176
23.150  0.4845310  0.0000176
23.170  0.4845394  0.0000176
23.190  0.4845299  0.0000178
23.210  0.4845386  0.0000176
23.230  0.4845341  0.0000176
23.250  0.4845295  0.0000179
23.270  0.4845246  0.0000180
23.290  0.4845271  0.0000179
23.310  0.4845257  0.0000177
23.330  0.4845468  0.0000180
23.350  0.4845292  0.0000176
23.370  0.4845263  0.0000178
23.390  0.4845371  0.0000179
23.410  0.4845283  0.0000177
23.430  0.4845294  0.0000177
23.450  0.4845115  0.0000180
23.470  0.4845288  0.0000176
23.490  0.4845339  0.0000173
23.510  0.4845168  0.0000176
23.530  0.4845178  0.0000179
23.550  0.4845315  0.0000177
23.570  0.4845142  0.0000178
23.590  0.4845276  0.0000177
23.610  0.4845257  0.0000175
23.630  0.4845299  0.0000177
23.650  0.4845372  0.0000178
23.670  0.4845275  0.0000178
23.690  0.4845221  0.0000178
23.710  0.4845551  0.0000176
23.730  0.4845423  0.0000177
23.750  0.4845367  0.0000176
23.770  0.4845299  0.0000176
23.790  0.4845384  0.0000177
23.810  0.4845247  0.0000177
23.830  0.4845359  0.0000180
23.850  0.4845176  0.0000180
23.870  0.4845336  0.0000181
23.890  0.4845331  0.0000175
23.910  0.4845221  0.0000180
23.930  0.4845238  0.0000178
23.950  0.4845453  0.0000177
23.970  0.4845480  0.0000175
23.990  0.4845240  0.0000180
24.010  0.4845299  0.0000181
24.030  0.4845363  0.0000176
24.050  0.4845351  0.0000176
24.070  0.4845272  0.0000178
24.090  0.4845435  0.0000178
24.110  0.4845282  0.0000179
24.130  0.4845204  0.0000179
24.150  0.4845220  0.0000177
24.170  0.4845226  0.0000180
24.190  0.4845158  0.0000179
24.210  0.4845249  0.0000180
24.230  0.4845133  0.0000175
24.250  0.4845227  0.0000178
24.270  0.4845106  0.0000177
24.290  0.4845256  0.0000180
24.310  0.4845308  0.0000178
24.330  0.4845155  0.0000180
24.350  0.4845363  0.0000179
24.370  0.4845107  0.0000177
24.390  0.4845319  0.0000176
24.410  0.4845388  0.0000177
24.430  0.4845313  0.0000178
24.450  0.4845506  0.0000178
24.470  0.4845205  0.0000178
24.490  0.4845238  0.0000180
24.510  0.4845350  0.0000180
24.530  0.4845436  0.0000182
24.550  0.4845219  0.0000180
24.570  0.4845360  0.0000179
24.590  0.4845413  0.0000179
24.610  0.4845302  0.0000181
24.630  0.4845426  0.0000178
24.650  0.4845393  0.0000176
24.670  0.4845293  0.0000176
24.690  0.4845221  0.0000177
24.710  0.4845229  0.0000180
24.730  0.4845275  0.0000180
24.750  0.4845260  0.0000178
24.770  0.4845332  0.0000179
24.790  0.4845240  0.0000177
24.810  0.4845087  0.0000178
24.830  0.4845286  0.0000180
24.850  0.4845310  0.0000177
24.870  0.4845403  0.0000176
24.890  0.4845464  0.0000178
24.910  0.4845334  0.0000178
24.930  0.4845328  0.0000178
24.950  0.4845255  0.0000174
24.970  0.4845424  0.0000178
24.990  0.4845187  0.0000182
25.010  0.4845328  0.0000179
25.030  0.4845373  0.0000179
25.050  0.4845224  0.0000180
25.070  0.4845260  0.0000177
25.090  0.4845437  0.0000177
25.110  0.4845269  0.0000179
25.130  0.4845293  0.0000181
25.150  0.4845149  0.0000179
25.170  0.4845267  0.0000179
25.190  0.4845300  0.0000180
25.210  0.4845232  0.0000181
25.230  0.4845270  0.0000176
25.250  0.4845189  0.0000178
25.270  0.4845252  0.0000180
25.290  0.4845120  0.0000177
25.310  0.4845162  0.0000179
25.330  0.4845269  0.0000179
25.350  0.4845307  0.0000181
25.370  0.4845192  0.0000175
25.390  0.4845235  0.0000178
25.410  0.4845197  0.0000179
25.430  0.4845283  0.0000177
25.450  0.4845373  0.0000183
25.470  0.4845281  0.0000181
25.490  0.4845256  0.0000178
25.510  0.4845282  0.0000182
25.530  0.4845237  0.0000178
25.550  0.4845324  0.0000181
25.570  0.4845344  0.0000181
25.590  0.4845424  0.0000178
25.610  0.4845448  0.0000178
25.630  0.4845303  0.0000181
25.650  0.4845327  0.0000180
25.670  0.4845337  0.0000181
25.690  0.4845170  0.0000181
25.710  0.4845251  0.0000177
25.730  0.4845453  0.0000182
25.750  0.4845344  0.0000178
25.770  0.4845339  0.0000180
25.790  0.4845333  0.0000181
25.810  0.4845129  0.0000177
25.830  0.4845416  0.0000179
25.850  0.4845301  0.0000178
25.870  0.4845458  0.0000178
25.890  0.4845338  0.0000181
25.910  0.4845238  0.0000181
25.930  0.4845320  0.0000178
25.950  0.4845437  0.0000176
25.970  0.4845329  0.0000179
25.990  0.4845343  0.0000177
26.010  0.4845433  0.0000177
26.030  0.4845372  0.0000177
26.050  0.4845535  0.0000181
26.070  0.4845306  0.0000180
26.090  0.4845329  0.0000176
26.110  0.4845337  0.0000181
26.130  0.4845303  0.0000175
26.150  0.4845249  0.0000176
26.170  0.4845151  0.0000178
26.190  0.4845237  0.0000178
26.210  0.4845169  0.0000177
26.230  0.4845284  0.0000179
26.250  0.4845349  0.0000176
26.270  0.4845094  0.0000179
26.290  0.4845323  0.0000178
26.310  0.4845214  0.0000178
26.330  0.4845354  0.0000180
26.350  0.4845299  0.0000180
26.370  0.4845276  0.0000177
26.390  0.4845046  0.0000180
26.410  0.4845137  0.0000178
26.430  0.4845150  0.0000180
26.450  0.4845183  0.0000181
26.470  0.4845131  0.0000180
26.490  0.4845181  0.0000180
26.510  0.4845181  0.0000179
26.530  0.4845246  0.0000179
26.550  0.4845163  0.0000181
26.570  0.4845296  0.0000177
26.590  0.4845318  0.0000180
26.610  0.4845173  0.0000179
26.630  0.4845367  0.0000178
26.650  0.4845259  0.0000177
26.670  0.4845313  0.0000180
26.690  0.4845301  0.0000178
26.710  0.4845388  0.0000182
26.730  0.4845527  0.0000177
26.750  0.4845394  0.0000180
26.770  0.4845235  0.0000178
26.790  0.4845399  0.0000179
26.810  0.4845326  0.0000180
26.830  0.4845312  0.0000175
26.850  0.4845380  0.0000182
26.870  0.4845460  0.0000179
26.890  0.4845343  0.0000177
26.910  0.4845389  0.0000178
26.930  0.4845353  0.0000179
26.950  0.4845388  0.0000180
26.970  0.4845278  0.0000180
26.990  0.4845376  0.0000181
27.010  0.4845354  0.0000176
27.030  0.4845450  0.0000181
27.050  0.4845219  0.0000179
27.070  0.4845253  0.0000178
27.090  0.4845193  0.0000181
27.110  0.4845427  0.0000177
27.130  0.4845394  0.0000178
27.150  0.4845326  0.0000178
27.170  0.4845296  0.0000179
27.190  0.4845153  0.0000179
27.210  0.4845272  0.0000178
27.230  0.4845206  0.0000177
27.250  0.4845260  0.0000178
27.270  0.4845277  0.0000184
27.290  0.4845326  0.0000179
27.310  0.4845209  0.0000180
27.330  0.4845241  0.0000182
27.350  0.4845286  0.0000179
27.370  0.4845355  0.0000180
27.390  0.4845174  0.0000183
27.410  0.4845160  0.0000180
27.430  0.4845543  0.0000179
27.450  0.4845325  0.0000184
27.470  0.4845120  0.0000180
27.490  0.4845103  0.0000180
27.510  0.4845331  0.0000182
27.530  0.4845129  0.0000182
27.550  0.4845457  0.0000180
27.570  0.4845186  0.0000182
27.590  0.4845195  0.0000178
27.610  0.4845320  0.0000181
27.630  0.4845370  0.0000181
27.650  0.4845265  0.0000181
27.670  0.4845239  0.0000181
27.690  0.4845368  0.0000184
27.710  0.4845240  0.0000180
27.730  0.4845301  0.0000177
27.750  0.4845422  0.0000178
27.770  0.4845300  0.0000179
27.790  0.4845352  0.0000177
27.810  0.4845260  0.0000181
27.830  0.4845248  0.0000178
27.850  0.4845421  0.0000183
27.870  0.4845252  0.0000183
27.890  0.4845431  0.0000183
27.910  0.4845428  0.0000178
27.930  0.4845116  0.0000182
27.950  0.4845387  0.0000180
27.970  0.4845314  0.0000183
27.990  0.4845227  0.0000181
28.010  0.4845368  0.0000176
28.030  0.4845254  0.0000178
28.050  0.4845300  0.0000179
28.070  0.4845275  0.0000179
28.090  0.4845259  0.0000177
28.110  0.4845071  0.0000180
28.130  0.4845253  0.0000182
28.150  0.4845138  0.0000180
28.170  0.4845167  0.0000181
28.190  0.4845261  0.0000183
28.210  0.4845180  0.0000181
28.230  0.4845294  0.0000180
28.250  0.4845228  0.0000179
28.270  0.4845172  0.0000183
28.290  0.4845119  0.0000177
28.310  0.4845396  0.0000180
28.330  0.4845342  0.0000179
28.350  0.4845224  0.0000181
28.370  0.4845237  0.0000181
28.390  0.4845244  0.0000184
28.410  0.4845317  0.0000181
28.430  0.4845337  0.0000183
28.450  0.4845409  0.0000181
28.470  0.4845342  0.0000178
28.490  0.4845315  0.0000181
28.510  0.4845337  0.0000179
28.530  0.4845169  0.0000181
28.550  0.4845357  0.0000180
28.570  0.4845231  0.0000181
28.590  0.4845294  0.0000180
28.610  0.4845313  0.0000181
28.630  0.4845271  0.0000181
28.650  0.4845178  0.0000180
28.670  0.4845308  0.0000181
28.690  0.4845343  0.0000182
28.710  0.4845446  0.0000181
28.730  0.4845340  0.0000184
28.750  0.4845299  0.0000181
28.770  0.4845487  0.0000180
28.790  0.4845479  0.0000182
28.810  0.4845305  0.0000179
28.830  0.4845426  0.0000183
28.850  0.4845263  0.0000180
28.870  0.4845218  0.0000180
28.890  0.4845269  0.0000180
28.910  0.4845294  0.0000179
28.930  0.4845248  0.0000179
28.950  0.4845313  0.0000182
28.970  0.4845443  0.0000181
28.990  0.4845415  0.0000178
29.010  0.4845442  0.0000184
29.030  0.4845239  0.0000181
29.050  0.4845272  0.0000183
29.070  0.4845246  0.0000177
29.090  0.4845224  0.0000179
29.110  0.4845379  0.0000180
29.130  0.4845478  0.0000180
29.150  0.4845239  0.0000179
29.170  0.4845292  0.0000179
29.190  0.4845231  0.0000181
29.210  0.4845332  0.0000179
29.230  0.4845304  0.0000183
29.250  0.4845210  0.0000184
29.270  0.4845351  0.0000184
29.290  0.4845384  0.0000183
29.310  0.4845300  0.0000182
29.330  0.4845332  0.0000185
29.350  0.4845156  0.0000184
29.370  0.4845398  0.0000182
29.390  0.4845241  0.0000181
29.410  0.4845200  0.0000180
29.430  0.4845331  0.0000181
29.450  0.4845253  0.0000181
29.470  0.4845164  0.0000181
29.490  0.4845315  0.0000179
29.510  0.4845267  0.0000180
29.530  0.4845223  0.0000182
29.550  0.4845165  0.0000182
29.570  0.4845193  0.0000180
29.590  0.4845309  0.0000183
29.610  0.4845169  0.0000185
29.630  0.4845248  0.0000180
29.650  0.4845283  0.0000181
29.670  0.4845306  0.0000182
29.690  0.4845350  0.0000180
29.710  0.4845317  0.0000181
29.730  0.4845253  0.0000183
29.750  0.4845335  0.0000180
29.770  0.4845372  0.0000182
29.790  0.4845428  0.0000185
29.810  0.4845380  0.0000181
29.830  0.4845333  0.0000182
29.850  0.4845404  0.0000181
29.870  0.4845237  0.0000182
29.890  0.4845166  0.0000181
29.910  0.4845303  0.0000182
29.930  0.4845338  0.0000183
29.950  0.4845206  0.0000184
29.970  0.4845497  0.0000185
29.990  0.4845345  0.0000184
30.010  0.4845345  0.0000185
30.030  0.4845272  0.0000182
30.050  0.4845288  0.0000180
30.070  0.4845255  0.0000185
30.090  0.4845425  0.0000182
30.110  0.4845187  0.0000182
30.130  0.4845500  0.0000180
30.150  0.4845291  0.0000184
30.170  0.4845176  0.0000181
30.190  0.4845231  0.0000184
30.210  0.4845381  0.0000185
30.230  0.4845264  0.0000181
30.250  0.4845270  0.0000181
30.270  0.4845431  0.0000187
30.290  0.4845377  0.0000179
30.310  0.4845269  0.0000183
30.330  0.4845254  0.0000181
30.350  0.4845133  0.0000182
30.370  0.4845341  0.0000185
30.390  0.4845185  0.0000182
30.410  0.4845247  0.0000184
30.430  0.4845166  0.0000185
30.450  0.4845275  0.0000184
30.470  0.4845135  0.0000181
30.490  0.4845223  0.0000183
30.510  0.4845129  0.0000185
30.530  0.4845108  0.0000185
30.550  0.4845210  0.0000184
30.570  0.4845273  0.0000184
30.590  0.4845115  0.0000182
30.610  0.4845202  0.0000182
30.630  0.4845320  0.0000182
30.650  0.4845204  0.0000182
30.670  0.4845088  0.0000181
30.690  0.4845194  0.0000184
30.710  0.4845325  0.0000182
30.730  0.4845379  0.0000182
30.750  0.4845120  0.0000183
30.770  0.4845264  0.0000184
30.790  0.4845439  0.0000185
30.810  0.4845322  0.0000181
30.830  0.4845365  0.0000183
30.850  0.4845346  0.0000183
30.870  0.4845163  0.0000184
30.890  0.4845198  0.0000185
30.910  0.4845274  0.0000185
30.930  0.4845338  0.0000182
30.950  0.4845383  0.0000183
30.970  0.4845201  0.0000183
30.990  0.4845324  0.0000181
31.010  0.4845393  0.0000184
31.030  0.4845317  0.0000183
31.050  0.4845362  0.0000183
31.070  0.4845280  0.0000187
31.090  0.4845325  0.0000186
31.110  0.4845326  0.0000183
31.130  0.4845305  0.0000185
31.150  0.4845317  0.0000180
31.170  0.4845318  0.0000183
31.190  0.4845504  0.0000182
31.210  0.4845337  0.0000186
31.230  0.4845238  0.0000180
31.250  0.4845322  0.0000183
31.270  0.4845252  0.0000183
31.290  0.4845336  0.0000181
31.310  0.4845267  0.0000186
31.330  0.4845353  0.0000184
31.350  0.4845341  0.0000182
31.370  0.4845209  0.0000184
31.390  0.4845297  0.0000183
31.410  0.4845305  0.0000183
31.430  0.4845278  0.0000184
31.450  0.4845202  0.0000186
31.470  0.4845125  0.0000186
31.490  0.4845249  0.0000181
31.510  0.4845306  0.0000182
31.530  0.4845297  0.0000185
31.550  0.4845303  0.0000183
31.570  0.4845159  0.0000186
31.590  0.4845375  0.0000186
31.610  0.4845304  0.0000183
31.630  0.4845314  0.0000184
31.650  0.4845182  0.0000186
31.670  0.4845179  0.0000184
31.690  0.4845215  0.0000183
31.710  0.4845199  0.0000185
31.730  0.4845130  0.0000180
31.750  0.4845285  0.0000182
31.770  0.4845290  0.0000182
31.790  0.4845158  0.0000184
31.810  0.4845419  0.0000184
31.830  0.4845311  0.0000181
31.850  0.4845411  0.0000185
31.870  0.4845358  0.0000183
31.890  0.4845233  0.0000183
31.910  0.4845313  0.0000184
31.930  0.4845221  0.0000183
31.950  0.4845251  0.0000185
31.970  0.4845140  0.0000181
31.990  0.4845221  0.0000183
32.010  0.4845336  0.0000184
32.030  0.4845132  0.0000182
32.050  0.4845200  0.0000183
32.070  0.4845325  0.0000183
32.090  0.4845263  0.0000185
32.110  0.4845313  0.0000180
32.130  0.4845353  0.0000183
32.150  0.4845148  0.0000183
32.170  0.4845315  0.0000182
32.190  0.4845315  0.0000188
32.210  0.4845293  0.0000191
32.230  0.4845302  0.0000184
32.250  0.4845126  0.0000186
32.270  0.4845072  0.0000186
32.290  0.4845332  0.0000193
32.310  0.4845228  0.0000191
32.330  0.4845328  0.0000186
32.350  0.4845278  0.0000189
32.370  0.4845297  0.0000185
32.390  0.4845203  0.0000182
32.410  0.4845376  0.0000182
32.430  0.4845294  0.0000182
32.450  0.4845184  0.0000182
32.470  0.4845376  0.0000178
32.490  0.4845288  0.0000180
32.510  0.4845369  0.0000177
32.530  0.4845415  0.0000180
32.550  0.4845438  0.0000174
32.570  0.4845305  0.0000175
32.590  0.4845180  0.0000180
32.610  0.4845281  0.0000178
32.630  0.4845272  0.0000179
32.650  0.4845217  0.0000183
32.670  0.4845180  0.0000183
32.690  0.4845306  0.0000185
32.710  0.4845250  0.0000186
32.730  0.4845237  0.0000188
32.750  0.4845177  0.0000192
32.770  0.4845387  0.0000168
