% Density Profile of Hard Spheres at a Hard Flat Wall: rho(z), rho(z < 0.5) = 0
% Bulk density: rho (95% CI) = 0.10191620(0.00000008)
%
% rho_i is the average density in the interval [z_i-0.01, z_i+0.01]
%
%  z_i    rho_i     95% CI 
 0.510  0.1264076  0.0000022
 0.530  0.1254663  0.0000021
 0.550  0.1245356  0.0000021
 0.570  0.1236146  0.0000020
 0.590  0.1227037  0.0000020
 0.610  0.1218044  0.0000020
 0.630  0.1209172  0.0000019
 0.650  0.1200430  0.0000019
 0.670  0.1191821  0.0000019
 0.690  0.1183369  0.0000019
 0.710  0.1175041  0.0000019
 0.730  0.1166858  0.0000018
 0.750  0.1158836  0.0000018
 0.770  0.1150989  0.0000018
 0.790  0.1143278  0.0000017
 0.810  0.1135751  0.0000017
 0.830  0.1128385  0.0000017
 0.850  0.1121215  0.0000017
 0.870  0.1114215  0.0000017
 0.890  0.1107402  0.0000017
 0.910  0.1100778  0.0000016
 0.930  0.1094346  0.0000017
 0.950  0.1088125  0.0000016
 0.970  0.1082093  0.0000016
 0.990  0.1076264  0.0000016
 1.010  0.1070652  0.0000016
 1.030  0.1065260  0.0000016
 1.050  0.1060072  0.0000016
 1.070  0.1055112  0.0000016
 1.090  0.1050369  0.0000015
 1.110  0.1045868  0.0000016
 1.130  0.1041582  0.0000015
 1.150  0.1037539  0.0000016
 1.170  0.1033745  0.0000015
 1.190  0.1030183  0.0000015
 1.210  0.1026858  0.0000015
 1.230  0.1023810  0.0000015
 1.250  0.1021009  0.0000015
 1.270  0.1018461  0.0000015
 1.290  0.1016181  0.0000015
 1.310  0.1014173  0.0000015
 1.330  0.1012437  0.0000015
 1.350  0.1010981  0.0000015
 1.370  0.1009806  0.0000015
 1.390  0.1008909  0.0000015
 1.410  0.1008326  0.0000015
 1.430  0.1008022  0.0000015
 1.450  0.1008031  0.0000015
 1.470  0.1008337  0.0000015
 1.490  0.1008962  0.0000015
 1.510  0.1009844  0.0000015
 1.530  0.1010717  0.0000015
 1.550  0.1011542  0.0000015
 1.570  0.1012337  0.0000015
 1.590  0.1013053  0.0000015
 1.610  0.1013734  0.0000015
 1.630  0.1014371  0.0000015
 1.650  0.1014963  0.0000015
 1.670  0.1015503  0.0000015
 1.690  0.1016005  0.0000015
 1.710  0.1016468  0.0000015
 1.730  0.1016882  0.0000015
 1.750  0.1017278  0.0000015
 1.770  0.1017626  0.0000015
 1.790  0.1017946  0.0000015
 1.810  0.1018230  0.0000015
 1.830  0.1018486  0.0000015
 1.850  0.1018707  0.0000015
 1.870  0.1018921  0.0000015
 1.890  0.1019089  0.0000015
 1.910  0.1019252  0.0000015
 1.930  0.1019363  0.0000015
 1.950  0.1019481  0.0000015
 1.970  0.1019569  0.0000015
 1.990  0.1019655  0.0000014
 2.010  0.1019711  0.0000015
 2.030  0.1019753  0.0000015
 2.050  0.1019773  0.0000015
 2.070  0.1019802  0.0000015
 2.090  0.1019795  0.0000015
 2.110  0.1019788  0.0000015
 2.130  0.1019772  0.0000015
 2.150  0.1019766  0.0000015
 2.170  0.1019744  0.0000015
 2.190  0.1019711  0.0000015
 2.210  0.1019679  0.0000014
 2.230  0.1019644  0.0000015
 2.250  0.1019605  0.0000015
 2.270  0.1019555  0.0000015
 2.290  0.1019516  0.0000015
 2.310  0.1019488  0.0000015
 2.330  0.1019447  0.0000015
 2.350  0.1019416  0.0000015
 2.370  0.1019374  0.0000015
 2.390  0.1019332  0.0000015
 2.410  0.1019313  0.0000015
 2.430  0.1019271  0.0000014
 2.450  0.1019247  0.0000015
 2.470  0.1019230  0.0000015
 2.490  0.1019211  0.0000015
 2.510  0.1019184  0.0000015
 2.530  0.1019186  0.0000015
 2.550  0.1019166  0.0000014
 2.570  0.1019153  0.0000015
 2.590  0.1019146  0.0000014
 2.610  0.1019142  0.0000015
 2.630  0.1019142  0.0000014
 2.650  0.1019135  0.0000015
 2.670  0.1019117  0.0000015
 2.690  0.1019124  0.0000015
 2.710  0.1019118  0.0000015
 2.730  0.1019112  0.0000015
 2.750  0.1019120  0.0000014
 2.770  0.1019120  0.0000015
 2.790  0.1019123  0.0000015
 2.810  0.1019127  0.0000015
 2.830  0.1019125  0.0000015
 2.850  0.1019118  0.0000015
 2.870  0.1019131  0.0000014
 2.890  0.1019129  0.0000015
 2.910  0.1019133  0.0000015
 2.930  0.1019126  0.0000015
 2.950  0.1019134  0.0000015
 2.970  0.1019142  0.0000015
 2.990  0.1019137  0.0000014
 3.010  0.1019132  0.0000015
 3.030  0.1019144  0.0000014
 3.050  0.1019155  0.0000015
 3.070  0.1019149  0.0000015
 3.090  0.1019160  0.0000015
 3.110  0.1019170  0.0000015
 3.130  0.1019153  0.0000014
 3.150  0.1019161  0.0000015
 3.170  0.1019154  0.0000015
 3.190  0.1019173  0.0000015
 3.210  0.1019161  0.0000014
 3.230  0.1019167  0.0000015
 3.250  0.1019169  0.0000015
 3.270  0.1019167  0.0000015
 3.290  0.1019159  0.0000015
 3.310  0.1019164  0.0000015
 3.330  0.1019169  0.0000015
 3.350  0.1019165  0.0000015
 3.370  0.1019171  0.0000015
 3.390  0.1019176  0.0000015
 3.410  0.1019165  0.0000014
 3.430  0.1019177  0.0000014
 3.450  0.1019169  0.0000015
 3.470  0.1019162  0.0000014
 3.490  0.1019171  0.0000015
 3.510  0.1019158  0.0000014
 3.530  0.1019168  0.0000015
 3.550  0.1019174  0.0000015
 3.570  0.1019173  0.0000015
 3.590  0.1019168  0.0000015
 3.610  0.1019164  0.0000014
 3.630  0.1019171  0.0000015
 3.650  0.1019174  0.0000015
 3.670  0.1019164  0.0000015
 3.690  0.1019153  0.0000015
 3.710  0.1019163  0.0000015
 3.730  0.1019169  0.0000014
 3.750  0.1019168  0.0000015
 3.770  0.1019157  0.0000015
 3.790  0.1019164  0.0000015
 3.810  0.1019152  0.0000015
 3.830  0.1019168  0.0000015
 3.850  0.1019164  0.0000014
 3.870  0.1019172  0.0000015
 3.890  0.1019170  0.0000015
 3.910  0.1019161  0.0000015
 3.930  0.1019163  0.0000015
 3.950  0.1019164  0.0000014
 3.970  0.1019162  0.0000014
 3.990  0.1019163  0.0000015
 4.010  0.1019165  0.0000015
 4.030  0.1019160  0.0000015
 4.050  0.1019166  0.0000015
 4.070  0.1019151  0.0000015
 4.090  0.1019150  0.0000015
 4.110  0.1019151  0.0000014
 4.130  0.1019156  0.0000014
 4.150  0.1019155  0.0000015
 4.170  0.1019153  0.0000014
 4.190  0.1019150  0.0000015
 4.210  0.1019148  0.0000015
 4.230  0.1019155  0.0000015
 4.250  0.1019154  0.0000014
 4.270  0.1019157  0.0000015
 4.290  0.1019164  0.0000015
 4.310  0.1019167  0.0000015
 4.330  0.1019163  0.0000015
 4.350  0.1019163  0.0000014
 4.370  0.1019170  0.0000015
 4.390  0.1019160  0.0000014
 4.410  0.1019151  0.0000015
 4.430  0.1019156  0.0000014
 4.450  0.1019160  0.0000014
 4.470  0.1019166  0.0000014
 4.490  0.1019160  0.0000014
 4.510  0.1019163  0.0000015
 4.530  0.1019165  0.0000015
 4.550  0.1019156  0.0000015
 4.570  0.1019163  0.0000014
 4.590  0.1019161  0.0000014
 4.610  0.1019158  0.0000014
 4.630  0.1019157  0.0000015
 4.650  0.1019159  0.0000014
 4.670  0.1019161  0.0000014
 4.690  0.1019152  0.0000014
 4.710  0.1019151  0.0000014
 4.730  0.1019161  0.0000014
 4.750  0.1019161  0.0000015
 4.770  0.1019155  0.0000014
 4.790  0.1019158  0.0000014
 4.810  0.1019144  0.0000014
 4.830  0.1019167  0.0000014
 4.850  0.1019145  0.0000014
 4.870  0.1019145  0.0000015
 4.890  0.1019150  0.0000014
 4.910  0.1019155  0.0000014
 4.930  0.1019155  0.0000014
 4.950  0.1019163  0.0000014
 4.970  0.1019157  0.0000015
 4.990  0.1019157  0.0000015
 5.010  0.1019148  0.0000015
 5.030  0.1019156  0.0000015
 5.050  0.1019166  0.0000014
 5.070  0.1019150  0.0000015
 5.090  0.1019145  0.0000014
 5.110  0.1019152  0.0000015
 5.130  0.1019147  0.0000014
 5.150  0.1019155  0.0000014
 5.170  0.1019150  0.0000015
 5.190  0.1019147  0.0000015
 5.210  0.1019156  0.0000014
 5.230  0.1019155  0.0000014
 5.250  0.1019149  0.0000014
 5.270  0.1019155  0.0000015
 5.290  0.1019150  0.0000014
 5.310  0.1019155  0.0000014
 5.330  0.1019152  0.0000014
 5.350  0.1019132  0.0000014
 5.370  0.1019145  0.0000014
 5.390  0.1019145  0.0000014
 5.410  0.1019152  0.0000014
 5.430  0.1019153  0.0000014
 5.450  0.1019167  0.0000014
 5.470  0.1019155  0.0000015
 5.490  0.1019151  0.0000014
 5.510  0.1019158  0.0000014
 5.530  0.1019154  0.0000014
 5.550  0.1019160  0.0000014
 5.570  0.1019150  0.0000014
 5.590  0.1019155  0.0000014
 5.610  0.1019158  0.0000014
 5.630  0.1019165  0.0000014
 5.650  0.1019160  0.0000014
 5.670  0.1019156  0.0000014
 5.690  0.1019151  0.0000014
 5.710  0.1019153  0.0000014
 5.730  0.1019159  0.0000014
 5.750  0.1019161  0.0000014
 5.770  0.1019161  0.0000014
 5.790  0.1019157  0.0000015
 5.810  0.1019151  0.0000014
 5.830  0.1019154  0.0000014
 5.850  0.1019155  0.0000014
 5.870  0.1019157  0.0000014
 5.890  0.1019152  0.0000014
 5.910  0.1019167  0.0000014
 5.930  0.1019154  0.0000014
 5.950  0.1019147  0.0000014
 5.970  0.1019167  0.0000014
 5.990  0.1019150  0.0000014
 6.010  0.1019160  0.0000014
 6.030  0.1019161  0.0000014
 6.050  0.1019150  0.0000014
 6.070  0.1019144  0.0000014
 6.090  0.1019159  0.0000014
 6.110  0.1019153  0.0000014
 6.130  0.1019145  0.0000014
 6.150  0.1019151  0.0000014
 6.170  0.1019145  0.0000014
 6.190  0.1019149  0.0000014
 6.210  0.1019148  0.0000014
 6.230  0.1019170  0.0000014
 6.250  0.1019155  0.0000014
 6.270  0.1019165  0.0000014
 6.290  0.1019160  0.0000014
 6.310  0.1019156  0.0000014
 6.330  0.1019158  0.0000014
 6.350  0.1019159  0.0000014
 6.370  0.1019157  0.0000014
 6.390  0.1019157  0.0000014
 6.410  0.1019152  0.0000014
 6.430  0.1019167  0.0000014
 6.450  0.1019166  0.0000014
 6.470  0.1019160  0.0000015
 6.490  0.1019155  0.0000014
 6.510  0.1019154  0.0000014
 6.530  0.1019162  0.0000014
 6.550  0.1019150  0.0000014
 6.570  0.1019162  0.0000014
 6.590  0.1019154  0.0000014
 6.610  0.1019161  0.0000014
 6.630  0.1019153  0.0000014
 6.650  0.1019147  0.0000014
 6.670  0.1019151  0.0000014
 6.690  0.1019153  0.0000014
 6.710  0.1019160  0.0000014
 6.730  0.1019156  0.0000014
 6.750  0.1019148  0.0000014
 6.770  0.1019150  0.0000014
 6.790  0.1019152  0.0000014
 6.810  0.1019161  0.0000014
 6.830  0.1019142  0.0000014
 6.850  0.1019150  0.0000014
 6.870  0.1019153  0.0000014
 6.890  0.1019152  0.0000014
 6.910  0.1019165  0.0000014
 6.930  0.1019151  0.0000014
 6.950  0.1019161  0.0000014
 6.970  0.1019158  0.0000014
 6.990  0.1019160  0.0000014
 7.010  0.1019156  0.0000014
 7.030  0.1019157  0.0000014
 7.050  0.1019154  0.0000014
 7.070  0.1019147  0.0000015
 7.090  0.1019144  0.0000014
 7.110  0.1019157  0.0000015
 7.130  0.1019149  0.0000015
 7.150  0.1019150  0.0000014
 7.170  0.1019148  0.0000014
 7.190  0.1019152  0.0000015
 7.210  0.1019155  0.0000014
 7.230  0.1019152  0.0000014
 7.250  0.1019159  0.0000014
 7.270  0.1019146  0.0000014
 7.290  0.1019153  0.0000014
 7.310  0.1019147  0.0000014
 7.330  0.1019159  0.0000014
 7.350  0.1019149  0.0000014
 7.370  0.1019160  0.0000014
 7.390  0.1019163  0.0000014
 7.410  0.1019157  0.0000014
 7.430  0.1019152  0.0000014
 7.450  0.1019163  0.0000014
 7.470  0.1019166  0.0000014
 7.490  0.1019157  0.0000014
 7.510  0.1019157  0.0000014
 7.530  0.1019148  0.0000015
 7.550  0.1019153  0.0000014
 7.570  0.1019148  0.0000014
 7.590  0.1019164  0.0000014
 7.610  0.1019151  0.0000014
 7.630  0.1019156  0.0000014
 7.650  0.1019160  0.0000014
 7.670  0.1019158  0.0000014
 7.690  0.1019161  0.0000014
 7.710  0.1019159  0.0000014
 7.730  0.1019156  0.0000014
 7.750  0.1019148  0.0000014
 7.770  0.1019160  0.0000014
 7.790  0.1019160  0.0000014
 7.810  0.1019159  0.0000014
 7.830  0.1019156  0.0000014
 7.850  0.1019170  0.0000014
 7.870  0.1019159  0.0000014
 7.890  0.1019163  0.0000014
 7.910  0.1019159  0.0000014
 7.930  0.1019167  0.0000014
 7.950  0.1019159  0.0000014
 7.970  0.1019172  0.0000014
 7.990  0.1019163  0.0000014
 8.010  0.1019159  0.0000014
 8.030  0.1019158  0.0000014
 8.050  0.1019160  0.0000014
 8.070  0.1019161  0.0000014
 8.090  0.1019169  0.0000014
 8.110  0.1019160  0.0000014
 8.130  0.1019159  0.0000014
 8.150  0.1019165  0.0000014
 8.170  0.1019159  0.0000014
 8.190  0.1019163  0.0000014
 8.210  0.1019157  0.0000014
 8.230  0.1019162  0.0000014
 8.250  0.1019167  0.0000014
 8.270  0.1019158  0.0000014
 8.290  0.1019168  0.0000014
 8.310  0.1019160  0.0000014
 8.330  0.1019159  0.0000014
 8.350  0.1019158  0.0000014
 8.370  0.1019164  0.0000014
 8.390  0.1019159  0.0000014
 8.410  0.1019162  0.0000014
 8.430  0.1019167  0.0000014
 8.450  0.1019162  0.0000014
 8.470  0.1019166  0.0000014
 8.490  0.1019157  0.0000014
 8.510  0.1019159  0.0000014
 8.530  0.1019154  0.0000014
 8.550  0.1019162  0.0000014
 8.570  0.1019162  0.0000014
 8.590  0.1019164  0.0000014
 8.610  0.1019158  0.0000014
 8.630  0.1019158  0.0000014
 8.650  0.1019158  0.0000014
 8.670  0.1019152  0.0000014
 8.690  0.1019161  0.0000014
 8.710  0.1019168  0.0000014
 8.730  0.1019153  0.0000014
 8.750  0.1019172  0.0000014
 8.770  0.1019163  0.0000014
 8.790  0.1019160  0.0000014
 8.810  0.1019157  0.0000014
 8.830  0.1019168  0.0000014
 8.850  0.1019160  0.0000014
 8.870  0.1019167  0.0000014
 8.890  0.1019158  0.0000014
 8.910  0.1019176  0.0000014
 8.930  0.1019177  0.0000014
 8.950  0.1019173  0.0000014
 8.970  0.1019161  0.0000014
 8.990  0.1019170  0.0000014
 9.010  0.1019172  0.0000014
 9.030  0.1019163  0.0000014
 9.050  0.1019163  0.0000014
 9.070  0.1019166  0.0000014
 9.090  0.1019166  0.0000014
 9.110  0.1019168  0.0000014
 9.130  0.1019163  0.0000014
 9.150  0.1019162  0.0000014
 9.170  0.1019163  0.0000014
 9.190  0.1019158  0.0000014
 9.210  0.1019168  0.0000014
 9.230  0.1019161  0.0000014
 9.250  0.1019160  0.0000014
 9.270  0.1019164  0.0000014
 9.290  0.1019167  0.0000014
 9.310  0.1019155  0.0000015
 9.330  0.1019155  0.0000014
 9.350  0.1019159  0.0000014
 9.370  0.1019159  0.0000014
 9.390  0.1019157  0.0000014
 9.410  0.1019163  0.0000014
 9.430  0.1019161  0.0000014
 9.450  0.1019178  0.0000014
 9.470  0.1019163  0.0000014
 9.490  0.1019160  0.0000014
 9.510  0.1019165  0.0000014
 9.530  0.1019168  0.0000014
 9.550  0.1019174  0.0000014
 9.570  0.1019166  0.0000014
 9.590  0.1019169  0.0000014
 9.610  0.1019175  0.0000014
 9.630  0.1019179  0.0000014
 9.650  0.1019174  0.0000014
 9.670  0.1019168  0.0000014
 9.690  0.1019162  0.0000014
 9.710  0.1019167  0.0000014
 9.730  0.1019164  0.0000014
 9.750  0.1019173  0.0000014
 9.770  0.1019158  0.0000014
 9.790  0.1019164  0.0000014
 9.810  0.1019165  0.0000014
 9.830  0.1019162  0.0000014
 9.850  0.1019157  0.0000014
 9.870  0.1019155  0.0000014
 9.890  0.1019158  0.0000014
 9.910  0.1019162  0.0000014
 9.930  0.1019160  0.0000014
 9.950  0.1019160  0.0000014
 9.970  0.1019167  0.0000014
 9.990  0.1019163  0.0000013
10.010  0.1019170  0.0000014
10.030  0.1019159  0.0000014
10.050  0.1019156  0.0000014
10.070  0.1019173  0.0000014
10.090  0.1019172  0.0000014
10.110  0.1019175  0.0000014
10.130  0.1019151  0.0000014
10.150  0.1019167  0.0000014
10.170  0.1019158  0.0000014
10.190  0.1019162  0.0000014
10.210  0.1019169  0.0000013
10.230  0.1019163  0.0000014
10.250  0.1019158  0.0000014
10.270  0.1019158  0.0000014
10.290  0.1019149  0.0000014
10.310  0.1019162  0.0000014
10.330  0.1019163  0.0000014
10.350  0.1019160  0.0000014
10.370  0.1019163  0.0000014
10.390  0.1019158  0.0000014
10.410  0.1019160  0.0000014
10.430  0.1019161  0.0000014
10.450  0.1019169  0.0000014
10.470  0.1019165  0.0000014
10.490  0.1019169  0.0000014
10.510  0.1019173  0.0000014
10.530  0.1019160  0.0000014
10.550  0.1019163  0.0000014
10.570  0.1019160  0.0000014
10.590  0.1019167  0.0000014
10.610  0.1019157  0.0000014
10.630  0.1019159  0.0000014
10.650  0.1019160  0.0000014
10.670  0.1019153  0.0000014
10.690  0.1019161  0.0000014
10.710  0.1019156  0.0000014
10.730  0.1019166  0.0000014
10.750  0.1019164  0.0000014
10.770  0.1019156  0.0000014
10.790  0.1019166  0.0000014
10.810  0.1019172  0.0000014
10.830  0.1019163  0.0000014
10.850  0.1019162  0.0000014
10.870  0.1019167  0.0000014
10.890  0.1019158  0.0000014
10.910  0.1019165  0.0000014
10.930  0.1019152  0.0000014
10.950  0.1019162  0.0000014
10.970  0.1019161  0.0000014
10.990  0.1019158  0.0000014
11.010  0.1019156  0.0000014
11.030  0.1019159  0.0000014
11.050  0.1019176  0.0000014
11.070  0.1019153  0.0000014
11.090  0.1019171  0.0000014
11.110  0.1019171  0.0000013
11.130  0.1019170  0.0000014
11.150  0.1019162  0.0000014
11.170  0.1019164  0.0000014
11.190  0.1019162  0.0000014
11.210  0.1019174  0.0000014
11.230  0.1019169  0.0000014
11.250  0.1019167  0.0000014
11.270  0.1019168  0.0000014
11.290  0.1019160  0.0000014
11.310  0.1019159  0.0000014
11.330  0.1019171  0.0000014
11.350  0.1019160  0.0000014
11.370  0.1019156  0.0000014
11.390  0.1019170  0.0000014
11.410  0.1019157  0.0000014
11.430  0.1019168  0.0000014
11.450  0.1019166  0.0000014
11.470  0.1019160  0.0000014
11.490  0.1019156  0.0000014
11.510  0.1019175  0.0000014
11.530  0.1019158  0.0000014
11.550  0.1019159  0.0000014
11.570  0.1019165  0.0000014
11.590  0.1019160  0.0000014
11.610  0.1019173  0.0000014
11.630  0.1019166  0.0000014
11.650  0.1019175  0.0000014
11.670  0.1019173  0.0000014
11.690  0.1019158  0.0000014
11.710  0.1019168  0.0000014
11.730  0.1019169  0.0000014
11.750  0.1019153  0.0000013
11.770  0.1019160  0.0000014
11.790  0.1019159  0.0000014
11.810  0.1019154  0.0000014
11.830  0.1019155  0.0000014
11.850  0.1019148  0.0000013
11.870  0.1019162  0.0000014
11.890  0.1019167  0.0000014
11.910  0.1019166  0.0000014
11.930  0.1019165  0.0000014
11.950  0.1019162  0.0000014
11.970  0.1019165  0.0000014
11.990  0.1019161  0.0000014
12.010  0.1019172  0.0000014
12.030  0.1019168  0.0000014
12.050  0.1019157  0.0000014
12.070  0.1019165  0.0000014
12.090  0.1019166  0.0000014
12.110  0.1019163  0.0000014
12.130  0.1019174  0.0000014
12.150  0.1019170  0.0000014
12.170  0.1019164  0.0000014
12.190  0.1019165  0.0000014
12.210  0.1019159  0.0000014
12.230  0.1019162  0.0000014
12.250  0.1019168  0.0000014
12.270  0.1019158  0.0000014
12.290  0.1019162  0.0000014
12.310  0.1019166  0.0000013
12.330  0.1019172  0.0000014
12.350  0.1019168  0.0000014
12.370  0.1019166  0.0000014
12.390  0.1019159  0.0000014
12.410  0.1019160  0.0000014
12.430  0.1019156  0.0000014
12.450  0.1019159  0.0000014
12.470  0.1019155  0.0000014
12.490  0.1019162  0.0000014
12.510  0.1019158  0.0000014
12.530  0.1019163  0.0000014
12.550  0.1019159  0.0000014
12.570  0.1019160  0.0000014
12.590  0.1019160  0.0000014
12.610  0.1019165  0.0000014
12.630  0.1019161  0.0000014
12.650  0.1019155  0.0000014
12.670  0.1019165  0.0000014
12.690  0.1019158  0.0000014
12.710  0.1019156  0.0000014
12.730  0.1019165  0.0000014
12.750  0.1019158  0.0000014
12.770  0.1019164  0.0000014
12.790  0.1019159  0.0000014
12.810  0.1019162  0.0000014
12.830  0.1019151  0.0000014
12.850  0.1019156  0.0000014
12.870  0.1019157  0.0000014
12.890  0.1019158  0.0000014
12.910  0.1019163  0.0000014
12.930  0.1019157  0.0000014
12.950  0.1019161  0.0000014
12.970  0.1019163  0.0000014
12.990  0.1019166  0.0000014
13.010  0.1019157  0.0000014
13.030  0.1019152  0.0000014
13.050  0.1019154  0.0000014
13.070  0.1019159  0.0000014
13.090  0.1019157  0.0000014
13.110  0.1019159  0.0000014
13.130  0.1019154  0.0000014
13.150  0.1019164  0.0000014
13.170  0.1019156  0.0000014
13.190  0.1019157  0.0000014
13.210  0.1019153  0.0000014
13.230  0.1019154  0.0000014
13.250  0.1019150  0.0000014
13.270  0.1019171  0.0000014
13.290  0.1019155  0.0000014
13.310  0.1019158  0.0000014
13.330  0.1019163  0.0000014
13.350  0.1019162  0.0000014
13.370  0.1019158  0.0000014
13.390  0.1019157  0.0000014
13.410  0.1019169  0.0000014
13.430  0.1019168  0.0000014
13.450  0.1019162  0.0000014
13.470  0.1019164  0.0000014
13.490  0.1019163  0.0000014
13.510  0.1019166  0.0000014
13.530  0.1019174  0.0000014
13.550  0.1019163  0.0000014
13.570  0.1019155  0.0000014
13.590  0.1019163  0.0000014
13.610  0.1019166  0.0000014
13.630  0.1019160  0.0000014
13.650  0.1019172  0.0000014
13.670  0.1019160  0.0000014
13.690  0.1019160  0.0000014
13.710  0.1019158  0.0000014
13.730  0.1019158  0.0000014
13.750  0.1019163  0.0000014
13.770  0.1019161  0.0000014
13.790  0.1019154  0.0000014
13.810  0.1019160  0.0000014
13.830  0.1019161  0.0000014
13.850  0.1019154  0.0000014
13.870  0.1019162  0.0000014
13.890  0.1019162  0.0000014
13.910  0.1019158  0.0000014
13.930  0.1019159  0.0000014
13.950  0.1019156  0.0000014
13.970  0.1019158  0.0000013
13.990  0.1019159  0.0000014
14.010  0.1019162  0.0000014
14.030  0.1019177  0.0000014
14.050  0.1019152  0.0000013
14.070  0.1019155  0.0000014
14.090  0.1019156  0.0000014
14.110  0.1019161  0.0000014
14.130  0.1019160  0.0000014
14.150  0.1019166  0.0000014
14.170  0.1019168  0.0000014
14.190  0.1019151  0.0000014
14.210  0.1019153  0.0000014
14.230  0.1019168  0.0000014
14.250  0.1019173  0.0000013
14.270  0.1019163  0.0000014
14.290  0.1019171  0.0000014
14.310  0.1019158  0.0000014
14.330  0.1019163  0.0000014
14.350  0.1019176  0.0000014
14.370  0.1019176  0.0000014
14.390  0.1019170  0.0000014
14.410  0.1019168  0.0000014
14.430  0.1019169  0.0000014
14.450  0.1019157  0.0000014
14.470  0.1019158  0.0000014
14.490  0.1019157  0.0000014
14.510  0.1019164  0.0000014
14.530  0.1019170  0.0000014
14.550  0.1019157  0.0000014
14.570  0.1019158  0.0000014
14.590  0.1019171  0.0000014
14.610  0.1019162  0.0000014
14.630  0.1019173  0.0000014
14.650  0.1019168  0.0000014
14.670  0.1019176  0.0000013
14.690  0.1019173  0.0000014
14.710  0.1019166  0.0000014
14.730  0.1019168  0.0000014
14.750  0.1019157  0.0000014
14.770  0.1019165  0.0000014
14.790  0.1019176  0.0000014
14.810  0.1019158  0.0000014
14.830  0.1019172  0.0000014
14.850  0.1019169  0.0000014
14.870  0.1019165  0.0000014
14.890  0.1019175  0.0000014
14.910  0.1019168  0.0000014
14.930  0.1019164  0.0000014
14.950  0.1019177  0.0000014
14.970  0.1019166  0.0000014
14.990  0.1019169  0.0000014
15.010  0.1019173  0.0000014
15.030  0.1019167  0.0000013
15.050  0.1019163  0.0000014
15.070  0.1019171  0.0000014
15.090  0.1019162  0.0000014
15.110  0.1019164  0.0000014
15.130  0.1019172  0.0000014
15.150  0.1019166  0.0000013
15.170  0.1019177  0.0000014
15.190  0.1019173  0.0000013
15.210  0.1019154  0.0000014
15.230  0.1019155  0.0000014
15.250  0.1019166  0.0000014
15.270  0.1019172  0.0000014
15.290  0.1019182  0.0000014
15.310  0.1019173  0.0000014
15.330  0.1019166  0.0000014
15.350  0.1019161  0.0000014
15.370  0.1019169  0.0000014
15.390  0.1019171  0.0000014
15.410  0.1019165  0.0000014
15.430  0.1019163  0.0000014
15.450  0.1019172  0.0000014
15.470  0.1019161  0.0000014
15.490  0.1019173  0.0000014
15.510  0.1019165  0.0000014
15.530  0.1019165  0.0000014
15.550  0.1019168  0.0000014
15.570  0.1019167  0.0000014
15.590  0.1019175  0.0000014
15.610  0.1019158  0.0000014
15.630  0.1019166  0.0000013
15.650  0.1019173  0.0000014
15.670  0.1019182  0.0000014
15.690  0.1019179  0.0000014
15.710  0.1019174  0.0000014
15.730  0.1019171  0.0000014
15.750  0.1019163  0.0000014
15.770  0.1019160  0.0000014
15.790  0.1019185  0.0000014
15.810  0.1019167  0.0000014
15.830  0.1019170  0.0000014
15.850  0.1019165  0.0000014
15.870  0.1019171  0.0000014
15.890  0.1019170  0.0000014
15.910  0.1019155  0.0000014
15.930  0.1019184  0.0000014
15.950  0.1019166  0.0000014
15.970  0.1019175  0.0000014
15.990  0.1019167  0.0000014
16.010  0.1019168  0.0000014
16.030  0.1019165  0.0000014
16.050  0.1019172  0.0000014
16.070  0.1019162  0.0000014
16.090  0.1019163  0.0000014
16.110  0.1019176  0.0000014
16.130  0.1019164  0.0000014
16.150  0.1019168  0.0000014
16.170  0.1019159  0.0000014
16.190  0.1019168  0.0000014
16.210  0.1019173  0.0000014
16.230  0.1019169  0.0000014
16.250  0.1019166  0.0000014
16.270  0.1019171  0.0000014
16.290  0.1019157  0.0000014
16.310  0.1019169  0.0000014
16.330  0.1019164  0.0000013
16.350  0.1019161  0.0000013
16.370  0.1019166  0.0000014
16.390  0.1019157  0.0000014
16.410  0.1019163  0.0000014
16.430  0.1019157  0.0000014
16.450  0.1019176  0.0000014
16.470  0.1019166  0.0000013
16.490  0.1019164  0.0000014
16.510  0.1019163  0.0000014
16.530  0.1019162  0.0000014
16.550  0.1019166  0.0000014
16.570  0.1019173  0.0000014
16.590  0.1019173  0.0000014
16.610  0.1019168  0.0000014
16.630  0.1019162  0.0000014
16.650  0.1019170  0.0000014
16.670  0.1019174  0.0000014
16.690  0.1019164  0.0000014
16.710  0.1019179  0.0000014
16.730  0.1019174  0.0000014
16.750  0.1019178  0.0000014
16.770  0.1019178  0.0000013
16.790  0.1019169  0.0000014
16.810  0.1019174  0.0000014
16.830  0.1019167  0.0000014
16.850  0.1019164  0.0000013
16.870  0.1019162  0.0000014
16.890  0.1019165  0.0000014
16.910  0.1019160  0.0000014
16.930  0.1019159  0.0000014
16.950  0.1019170  0.0000014
16.970  0.1019165  0.0000014
16.990  0.1019161  0.0000014
17.010  0.1019167  0.0000014
17.030  0.1019166  0.0000014
17.050  0.1019163  0.0000014
17.070  0.1019149  0.0000014
17.090  0.1019165  0.0000014
17.110  0.1019162  0.0000014
17.130  0.1019153  0.0000014
17.150  0.1019157  0.0000014
17.170  0.1019158  0.0000014
17.190  0.1019166  0.0000014
17.210  0.1019160  0.0000014
17.230  0.1019175  0.0000014
17.250  0.1019166  0.0000013
17.270  0.1019174  0.0000014
17.290  0.1019165  0.0000014
17.310  0.1019158  0.0000014
17.330  0.1019165  0.0000014
17.350  0.1019168  0.0000014
17.370  0.1019165  0.0000014
17.390  0.1019165  0.0000014
17.410  0.1019172  0.0000014
17.430  0.1019166  0.0000014
17.450  0.1019172  0.0000014
17.470  0.1019172  0.0000014
17.490  0.1019172  0.0000014
17.510  0.1019173  0.0000014
17.530  0.1019169  0.0000014
17.550  0.1019173  0.0000014
17.570  0.1019171  0.0000014
17.590  0.1019171  0.0000014
17.610  0.1019165  0.0000014
17.630  0.1019165  0.0000014
17.650  0.1019173  0.0000013
17.670  0.1019160  0.0000014
17.690  0.1019166  0.0000014
17.710  0.1019154  0.0000014
17.730  0.1019158  0.0000014
17.750  0.1019164  0.0000014
17.770  0.1019155  0.0000014
17.790  0.1019166  0.0000014
17.810  0.1019158  0.0000014
17.830  0.1019159  0.0000014
17.850  0.1019161  0.0000013
17.870  0.1019154  0.0000014
17.890  0.1019154  0.0000014
17.910  0.1019161  0.0000014
17.930  0.1019153  0.0000014
17.950  0.1019162  0.0000013
17.970  0.1019151  0.0000013
17.990  0.1019159  0.0000014
18.010  0.1019161  0.0000014
18.030  0.1019152  0.0000014
18.050  0.1019156  0.0000014
18.070  0.1019155  0.0000014
18.090  0.1019162  0.0000014
18.110  0.1019156  0.0000014
18.130  0.1019169  0.0000014
18.150  0.1019166  0.0000014
18.170  0.1019155  0.0000014
18.190  0.1019159  0.0000014
18.210  0.1019161  0.0000014
18.230  0.1019156  0.0000014
18.250  0.1019155  0.0000014
18.270  0.1019166  0.0000014
18.290  0.1019165  0.0000014
18.310  0.1019165  0.0000014
18.330  0.1019161  0.0000014
18.350  0.1019161  0.0000014
18.370  0.1019159  0.0000014
18.390  0.1019163  0.0000014
18.410  0.1019163  0.0000014
18.430  0.1019164  0.0000014
18.450  0.1019156  0.0000014
18.470  0.1019159  0.0000014
18.490  0.1019166  0.0000014
18.510  0.1019160  0.0000014
18.530  0.1019155  0.0000014
18.550  0.1019177  0.0000014
18.570  0.1019163  0.0000014
18.590  0.1019172  0.0000014
18.610  0.1019164  0.0000014
18.630  0.1019165  0.0000014
18.650  0.1019158  0.0000014
18.670  0.1019169  0.0000014
18.690  0.1019164  0.0000014
18.710  0.1019169  0.0000014
18.730  0.1019160  0.0000014
18.750  0.1019160  0.0000014
18.770  0.1019178  0.0000014
18.790  0.1019161  0.0000014
18.810  0.1019164  0.0000014
18.830  0.1019161  0.0000014
18.850  0.1019154  0.0000014
18.870  0.1019157  0.0000014
18.890  0.1019160  0.0000013
18.910  0.1019160  0.0000014
18.930  0.1019156  0.0000014
18.950  0.1019166  0.0000014
18.970  0.1019151  0.0000014
18.990  0.1019171  0.0000014
19.010  0.1019165  0.0000014
19.030  0.1019162  0.0000014
19.050  0.1019160  0.0000014
19.070  0.1019153  0.0000014
19.090  0.1019155  0.0000014
19.110  0.1019156  0.0000014
19.130  0.1019164  0.0000014
19.150  0.1019154  0.0000014
19.170  0.1019165  0.0000014
19.190  0.1019166  0.0000014
19.210  0.1019169  0.0000014
19.230  0.1019165  0.0000014
19.250  0.1019170  0.0000014
19.270  0.1019160  0.0000014
19.290  0.1019159  0.0000014
19.310  0.1019170  0.0000014
19.330  0.1019174  0.0000014
19.350  0.1019159  0.0000014
19.370  0.1019171  0.0000014
19.390  0.1019158  0.0000014
19.410  0.1019157  0.0000014
19.430  0.1019154  0.0000013
19.450  0.1019165  0.0000014
19.470  0.1019169  0.0000014
19.490  0.1019167  0.0000014
19.510  0.1019164  0.0000014
19.530  0.1019177  0.0000014
19.550  0.1019167  0.0000014
19.570  0.1019156  0.0000014
19.590  0.1019155  0.0000014
19.610  0.1019161  0.0000014
19.630  0.1019161  0.0000014
19.650  0.1019170  0.0000014
19.670  0.1019165  0.0000014
19.690  0.1019158  0.0000014
19.710  0.1019169  0.0000014
19.730  0.1019161  0.0000014
19.750  0.1019154  0.0000014
19.770  0.1019154  0.0000014
19.790  0.1019152  0.0000014
19.810  0.1019160  0.0000014
19.830  0.1019156  0.0000014
19.850  0.1019149  0.0000014
19.870  0.1019147  0.0000014
19.890  0.1019158  0.0000014
19.910  0.1019164  0.0000014
19.930  0.1019151  0.0000014
19.950  0.1019157  0.0000014
19.970  0.1019157  0.0000014
19.990  0.1019173  0.0000014
20.010  0.1019157  0.0000014
20.030  0.1019170  0.0000014
20.050  0.1019167  0.0000014
20.070  0.1019169  0.0000014
20.090  0.1019171  0.0000014
20.110  0.1019150  0.0000014
20.130  0.1019162  0.0000014
20.150  0.1019160  0.0000014
20.170  0.1019163  0.0000014
20.190  0.1019153  0.0000014
20.210  0.1019160  0.0000014
20.230  0.1019160  0.0000014
20.250  0.1019164  0.0000014
20.270  0.1019172  0.0000014
20.290  0.1019164  0.0000014
20.310  0.1019160  0.0000014
20.330  0.1019152  0.0000014
20.350  0.1019171  0.0000014
20.370  0.1019172  0.0000014
20.390  0.1019174  0.0000014
20.410  0.1019173  0.0000014
20.430  0.1019170  0.0000014
20.450  0.1019151  0.0000014
20.470  0.1019170  0.0000014
20.490  0.1019160  0.0000014
20.510  0.1019158  0.0000014
20.530  0.1019167  0.0000014
20.550  0.1019168  0.0000014
20.570  0.1019167  0.0000014
20.590  0.1019175  0.0000014
20.610  0.1019168  0.0000014
20.630  0.1019159  0.0000014
20.650  0.1019154  0.0000014
20.670  0.1019163  0.0000014
20.690  0.1019162  0.0000014
20.710  0.1019159  0.0000014
20.730  0.1019172  0.0000014
20.750  0.1019163  0.0000014
20.770  0.1019159  0.0000014
20.790  0.1019173  0.0000014
20.810  0.1019162  0.0000014
20.830  0.1019156  0.0000014
20.850  0.1019163  0.0000014
20.870  0.1019164  0.0000014
20.890  0.1019180  0.0000014
20.910  0.1019167  0.0000014
20.930  0.1019161  0.0000014
20.950  0.1019160  0.0000014
20.970  0.1019156  0.0000014
20.990  0.1019155  0.0000014
21.010  0.1019160  0.0000014
21.030  0.1019153  0.0000014
21.050  0.1019157  0.0000014
21.070  0.1019157  0.0000013
21.090  0.1019162  0.0000014
21.110  0.1019149  0.0000014
21.130  0.1019164  0.0000014
21.150  0.1019156  0.0000014
21.170  0.1019161  0.0000014
21.190  0.1019153  0.0000014
21.210  0.1019163  0.0000014
21.230  0.1019153  0.0000014
21.250  0.1019157  0.0000014
21.270  0.1019161  0.0000014
21.290  0.1019170  0.0000013
21.310  0.1019160  0.0000014
21.330  0.1019165  0.0000014
21.350  0.1019166  0.0000014
21.370  0.1019170  0.0000014
21.390  0.1019176  0.0000014
21.410  0.1019154  0.0000014
21.430  0.1019169  0.0000014
21.450  0.1019164  0.0000014
21.470  0.1019163  0.0000014
21.490  0.1019170  0.0000014
21.510  0.1019163  0.0000014
21.530  0.1019168  0.0000014
21.550  0.1019163  0.0000014
21.570  0.1019166  0.0000014
21.590  0.1019166  0.0000013
21.610  0.1019161  0.0000014
21.630  0.1019177  0.0000014
21.650  0.1019165  0.0000014
21.670  0.1019167  0.0000014
21.690  0.1019163  0.0000014
21.710  0.1019166  0.0000014
21.730  0.1019161  0.0000014
21.750  0.1019167  0.0000014
21.770  0.1019167  0.0000014
21.790  0.1019170  0.0000014
21.810  0.1019168  0.0000014
21.830  0.1019174  0.0000014
21.850  0.1019167  0.0000014
21.870  0.1019174  0.0000014
21.890  0.1019176  0.0000014
21.910  0.1019168  0.0000014
21.930  0.1019178  0.0000013
21.950  0.1019173  0.0000014
21.970  0.1019175  0.0000014
21.990  0.1019172  0.0000014
22.010  0.1019170  0.0000014
22.030  0.1019157  0.0000014
22.050  0.1019160  0.0000014
22.070  0.1019171  0.0000014
22.090  0.1019164  0.0000014
22.110  0.1019169  0.0000014
22.130  0.1019159  0.0000014
22.150  0.1019166  0.0000014
22.170  0.1019158  0.0000014
22.190  0.1019155  0.0000014
22.210  0.1019168  0.0000014
22.230  0.1019156  0.0000014
22.250  0.1019154  0.0000014
22.270  0.1019169  0.0000014
22.290  0.1019157  0.0000014
22.310  0.1019157  0.0000014
22.330  0.1019162  0.0000014
22.350  0.1019158  0.0000014
22.370  0.1019158  0.0000014
22.390  0.1019163  0.0000014
22.410  0.1019167  0.0000014
22.430  0.1019171  0.0000014
22.450  0.1019173  0.0000014
22.470  0.1019173  0.0000013
22.490  0.1019160  0.0000014
22.510  0.1019168  0.0000014
22.530  0.1019164  0.0000014
22.550  0.1019156  0.0000014
22.570  0.1019163  0.0000014
22.590  0.1019172  0.0000014
22.610  0.1019155  0.0000014
22.630  0.1019162  0.0000014
22.650  0.1019168  0.0000014
22.670  0.1019164  0.0000014
22.690  0.1019161  0.0000014
22.710  0.1019159  0.0000014
22.730  0.1019168  0.0000014
22.750  0.1019171  0.0000014
22.770  0.1019171  0.0000014
22.790  0.1019170  0.0000014
22.810  0.1019174  0.0000014
22.830  0.1019176  0.0000014
22.850  0.1019162  0.0000014
22.870  0.1019162  0.0000014
22.890  0.1019169  0.0000014
22.910  0.1019165  0.0000014
22.930  0.1019177  0.0000014
22.950  0.1019180  0.0000014
22.970  0.1019168  0.0000014
22.990  0.1019178  0.0000014
23.010  0.1019167  0.0000014
23.030  0.1019163  0.0000014
23.050  0.1019162  0.0000014
23.070  0.1019166  0.0000014
23.090  0.1019167  0.0000014
23.110  0.1019150  0.0000014
23.130  0.1019158  0.0000014
23.150  0.1019169  0.0000014
23.170  0.1019163  0.0000014
23.190  0.1019158  0.0000014
23.210  0.1019158  0.0000014
23.230  0.1019157  0.0000014
23.250  0.1019169  0.0000014
23.270  0.1019166  0.0000014
23.290  0.1019164  0.0000014
23.310  0.1019163  0.0000014
23.330  0.1019158  0.0000014
23.350  0.1019156  0.0000014
23.370  0.1019165  0.0000014
23.390  0.1019165  0.0000014
23.410  0.1019169  0.0000014
23.430  0.1019156  0.0000014
23.450  0.1019154  0.0000014
23.470  0.1019170  0.0000014
23.490  0.1019167  0.0000014
23.510  0.1019158  0.0000014
23.530  0.1019163  0.0000014
23.550  0.1019169  0.0000014
23.570  0.1019171  0.0000014
23.590  0.1019162  0.0000014
23.610  0.1019164  0.0000014
23.630  0.1019161  0.0000014
23.650  0.1019161  0.0000014
23.670  0.1019169  0.0000014
23.690  0.1019171  0.0000014
23.710  0.1019162  0.0000014
23.730  0.1019169  0.0000014
23.750  0.1019160  0.0000014
23.770  0.1019164  0.0000014
23.790  0.1019165  0.0000014
23.810  0.1019168  0.0000014
23.830  0.1019168  0.0000014
23.850  0.1019168  0.0000014
23.870  0.1019172  0.0000014
23.890  0.1019170  0.0000014
23.910  0.1019184  0.0000014
23.930  0.1019162  0.0000014
23.950  0.1019175  0.0000014
23.970  0.1019164  0.0000014
23.990  0.1019179  0.0000014
24.010  0.1019164  0.0000014
24.030  0.1019167  0.0000014
24.050  0.1019158  0.0000014
24.070  0.1019172  0.0000014
24.090  0.1019165  0.0000014
24.110  0.1019170  0.0000014
24.130  0.1019170  0.0000014
24.150  0.1019161  0.0000014
24.170  0.1019165  0.0000014
24.190  0.1019175  0.0000014
24.210  0.1019169  0.0000014
24.230  0.1019169  0.0000015
24.250  0.1019165  0.0000014
24.270  0.1019174  0.0000014
24.290  0.1019171  0.0000014
24.310  0.1019161  0.0000014
24.330  0.1019174  0.0000014
24.350  0.1019169  0.0000014
24.370  0.1019165  0.0000014
24.390  0.1019167  0.0000014
24.410  0.1019163  0.0000014
24.430  0.1019161  0.0000014
24.450  0.1019146  0.0000014
24.470  0.1019170  0.0000014
24.490  0.1019162  0.0000014
24.510  0.1019137  0.0000014
24.530  0.1019160  0.0000014
24.550  0.1019157  0.0000014
24.570  0.1019162  0.0000014
24.590  0.1019161  0.0000014
24.610  0.1019158  0.0000014
24.630  0.1019156  0.0000014
24.650  0.1019169  0.0000015
24.670  0.1019156  0.0000014
24.690  0.1019167  0.0000014
24.710  0.1019154  0.0000014
24.730  0.1019160  0.0000014
24.750  0.1019160  0.0000014
24.770  0.1019164  0.0000014
24.790  0.1019161  0.0000014
24.810  0.1019166  0.0000014
24.830  0.1019170  0.0000014
24.850  0.1019156  0.0000014
24.870  0.1019173  0.0000014
24.890  0.1019169  0.0000014
24.910  0.1019160  0.0000014
24.930  0.1019167  0.0000014
24.950  0.1019154  0.0000014
24.970  0.1019169  0.0000014
24.990  0.1019162  0.0000014
25.010  0.1019161  0.0000014
25.030  0.1019161  0.0000014
25.050  0.1019162  0.0000014
25.070  0.1019166  0.0000014
25.090  0.1019163  0.0000014
25.110  0.1019160  0.0000014
25.130  0.1019156  0.0000014
25.150  0.1019164  0.0000014
25.170  0.1019162  0.0000014
25.190  0.1019167  0.0000014
25.210  0.1019154  0.0000014
25.230  0.1019156  0.0000014
25.250  0.1019158  0.0000014
25.270  0.1019167  0.0000014
25.290  0.1019158  0.0000014
25.310  0.1019167  0.0000014
25.330  0.1019163  0.0000014
25.350  0.1019170  0.0000014
25.370  0.1019162  0.0000014
25.390  0.1019154  0.0000014
25.410  0.1019165  0.0000014
25.430  0.1019170  0.0000014
25.450  0.1019159  0.0000014
25.470  0.1019169  0.0000014
25.490  0.1019163  0.0000014
25.510  0.1019165  0.0000014
25.530  0.1019159  0.0000014
25.550  0.1019159  0.0000014
25.570  0.1019172  0.0000014
25.590  0.1019166  0.0000014
25.610  0.1019167  0.0000014
25.630  0.1019156  0.0000014
25.650  0.1019156  0.0000014
25.670  0.1019156  0.0000015
25.690  0.1019160  0.0000014
25.710  0.1019155  0.0000014
25.730  0.1019170  0.0000014
25.750  0.1019167  0.0000014
25.770  0.1019153  0.0000014
25.790  0.1019156  0.0000014
25.810  0.1019147  0.0000014
25.830  0.1019156  0.0000014
25.850  0.1019149  0.0000014
25.870  0.1019161  0.0000014
25.890  0.1019153  0.0000014
25.910  0.1019160  0.0000014
25.930  0.1019150  0.0000014
25.950  0.1019155  0.0000014
25.970  0.1019170  0.0000014
25.990  0.1019151  0.0000014
26.010  0.1019149  0.0000014
26.030  0.1019154  0.0000014
26.050  0.1019158  0.0000014
26.070  0.1019142  0.0000014
26.090  0.1019156  0.0000014
26.110  0.1019164  0.0000014
26.130  0.1019157  0.0000014
26.150  0.1019171  0.0000014
26.170  0.1019172  0.0000014
26.190  0.1019161  0.0000014
26.210  0.1019163  0.0000014
26.230  0.1019163  0.0000014
26.250  0.1019159  0.0000014
26.270  0.1019167  0.0000014
26.290  0.1019163  0.0000014
26.310  0.1019151  0.0000014
26.330  0.1019165  0.0000014
26.350  0.1019151  0.0000014
26.370  0.1019165  0.0000014
26.390  0.1019160  0.0000014
26.410  0.1019160  0.0000014
26.430  0.1019146  0.0000014
26.450  0.1019166  0.0000014
26.470  0.1019160  0.0000014
26.490  0.1019163  0.0000014
26.510  0.1019163  0.0000014
26.530  0.1019159  0.0000014
26.550  0.1019162  0.0000014
26.570  0.1019154  0.0000014
26.590  0.1019156  0.0000014
26.610  0.1019157  0.0000015
26.630  0.1019155  0.0000014
26.650  0.1019153  0.0000014
26.670  0.1019163  0.0000014
26.690  0.1019155  0.0000014
26.710  0.1019159  0.0000014
26.730  0.1019160  0.0000014
26.750  0.1019153  0.0000014
26.770  0.1019165  0.0000015
26.790  0.1019144  0.0000014
26.810  0.1019155  0.0000014
26.830  0.1019166  0.0000014
26.850  0.1019158  0.0000014
26.870  0.1019150  0.0000014
26.890  0.1019171  0.0000014
26.910  0.1019149  0.0000015
26.930  0.1019158  0.0000014
26.950  0.1019162  0.0000015
26.970  0.1019155  0.0000015
26.990  0.1019153  0.0000014
27.010  0.1019162  0.0000014
27.030  0.1019160  0.0000015
27.050  0.1019169  0.0000014
27.070  0.1019162  0.0000014
27.090  0.1019163  0.0000014
27.110  0.1019159  0.0000014
27.130  0.1019160  0.0000014
27.150  0.1019172  0.0000014
27.170  0.1019163  0.0000014
27.190  0.1019172  0.0000014
27.210  0.1019161  0.0000014
27.230  0.1019165  0.0000014
27.250  0.1019163  0.0000014
27.270  0.1019160  0.0000014
27.290  0.1019161  0.0000014
27.310  0.1019159  0.0000014
27.330  0.1019157  0.0000014
27.350  0.1019166  0.0000015
27.370  0.1019156  0.0000014
27.390  0.1019163  0.0000014
27.410  0.1019158  0.0000014
27.430  0.1019157  0.0000015
27.450  0.1019158  0.0000014
27.470  0.1019160  0.0000015
27.490  0.1019171  0.0000015
27.510  0.1019165  0.0000014
27.530  0.1019167  0.0000015
27.550  0.1019168  0.0000014
27.570  0.1019166  0.0000014
27.590  0.1019168  0.0000014
27.610  0.1019172  0.0000014
27.630  0.1019163  0.0000014
27.650  0.1019166  0.0000014
27.670  0.1019167  0.0000014
27.690  0.1019163  0.0000014
27.710  0.1019159  0.0000014
27.730  0.1019164  0.0000014
27.750  0.1019164  0.0000014
27.770  0.1019164  0.0000014
27.790  0.1019162  0.0000014
27.810  0.1019154  0.0000014
27.830  0.1019174  0.0000014
27.850  0.1019175  0.0000014
27.870  0.1019154  0.0000014
27.890  0.1019164  0.0000014
27.910  0.1019166  0.0000014
27.930  0.1019171  0.0000014
27.950  0.1019166  0.0000015
27.970  0.1019171  0.0000015
27.990  0.1019168  0.0000015
28.010  0.1019161  0.0000015
28.030  0.1019163  0.0000014
28.050  0.1019169  0.0000014
28.070  0.1019164  0.0000014
28.090  0.1019166  0.0000014
28.110  0.1019165  0.0000014
28.130  0.1019167  0.0000015
28.150  0.1019159  0.0000015
28.170  0.1019161  0.0000015
28.190  0.1019173  0.0000015
28.210  0.1019166  0.0000015
28.230  0.1019161  0.0000015
28.250  0.1019161  0.0000015
28.270  0.1019164  0.0000014
28.290  0.1019156  0.0000014
28.310  0.1019166  0.0000014
28.330  0.1019174  0.0000015
28.350  0.1019160  0.0000014
28.370  0.1019161  0.0000014
28.390  0.1019161  0.0000014
28.410  0.1019169  0.0000014
28.430  0.1019162  0.0000014
28.450  0.1019159  0.0000014
28.470  0.1019164  0.0000015
28.490  0.1019160  0.0000015
28.510  0.1019160  0.0000014
28.530  0.1019161  0.0000014
28.550  0.1019159  0.0000015
28.570  0.1019157  0.0000015
28.590  0.1019158  0.0000015
28.610  0.1019161  0.0000015
28.630  0.1019160  0.0000015
28.650  0.1019166  0.0000015
28.670  0.1019161  0.0000014
28.690  0.1019167  0.0000014
28.710  0.1019160  0.0000015
28.730  0.1019157  0.0000015
28.750  0.1019160  0.0000014
28.770  0.1019167  0.0000015
28.790  0.1019157  0.0000015
28.810  0.1019163  0.0000014
28.830  0.1019160  0.0000015
28.850  0.1019166  0.0000015
28.870  0.1019155  0.0000015
28.890  0.1019156  0.0000015
28.910  0.1019156  0.0000015
28.930  0.1019162  0.0000015
28.950  0.1019157  0.0000015
28.970  0.1019157  0.0000015
28.990  0.1019168  0.0000015
29.010  0.1019168  0.0000015
29.030  0.1019167  0.0000015
29.050  0.1019167  0.0000015
29.070  0.1019167  0.0000015
29.090  0.1019151  0.0000014
29.110  0.1019164  0.0000014
29.130  0.1019161  0.0000015
29.150  0.1019163  0.0000015
29.170  0.1019173  0.0000015
29.190  0.1019169  0.0000015
29.210  0.1019171  0.0000015
29.230  0.1019166  0.0000015
29.250  0.1019172  0.0000014
29.270  0.1019173  0.0000015
29.290  0.1019156  0.0000014
29.310  0.1019166  0.0000015
29.330  0.1019165  0.0000014
29.350  0.1019166  0.0000015
29.370  0.1019158  0.0000014
29.390  0.1019160  0.0000015
29.410  0.1019166  0.0000015
29.430  0.1019160  0.0000014
29.450  0.1019162  0.0000014
29.470  0.1019167  0.0000015
29.490  0.1019170  0.0000015
29.510  0.1019168  0.0000015
29.530  0.1019174  0.0000015
29.550  0.1019163  0.0000014
29.570  0.1019172  0.0000015
29.590  0.1019169  0.0000015
29.610  0.1019161  0.0000015
29.630  0.1019162  0.0000015
29.650  0.1019147  0.0000015
29.670  0.1019166  0.0000015
29.690  0.1019163  0.0000015
29.710  0.1019145  0.0000014
29.730  0.1019154  0.0000014
29.750  0.1019158  0.0000014
29.770  0.1019159  0.0000014
29.790  0.1019147  0.0000015
29.810  0.1019153  0.0000015
29.830  0.1019167  0.0000014
29.850  0.1019156  0.0000015
29.870  0.1019147  0.0000014
29.890  0.1019158  0.0000015
29.910  0.1019157  0.0000015
29.930  0.1019154  0.0000015
29.950  0.1019152  0.0000015
29.970  0.1019167  0.0000015
29.990  0.1019160  0.0000015
30.010  0.1019161  0.0000015
30.030  0.1019160  0.0000015
30.050  0.1019149  0.0000015
30.070  0.1019160  0.0000015
30.090  0.1019158  0.0000015
30.110  0.1019164  0.0000015
30.130  0.1019155  0.0000015
30.150  0.1019157  0.0000015
30.170  0.1019162  0.0000015
30.190  0.1019160  0.0000015
30.210  0.1019164  0.0000015
30.230  0.1019170  0.0000015
30.250  0.1019159  0.0000015
30.270  0.1019160  0.0000015
30.290  0.1019169  0.0000015
30.310  0.1019160  0.0000014
30.330  0.1019169  0.0000015
30.350  0.1019164  0.0000015
30.370  0.1019154  0.0000015
30.390  0.1019158  0.0000015
30.410  0.1019159  0.0000014
30.430  0.1019159  0.0000014
30.450  0.1019140  0.0000014
30.470  0.1019156  0.0000014
30.490  0.1019159  0.0000015
30.510  0.1019154  0.0000014
30.530  0.1019156  0.0000015
30.550  0.1019161  0.0000015
30.570  0.1019161  0.0000015
30.590  0.1019171  0.0000014
30.610  0.1019165  0.0000015
30.630  0.1019157  0.0000015
30.650  0.1019164  0.0000014
30.670  0.1019166  0.0000015
30.690  0.1019167  0.0000015
30.710  0.1019172  0.0000015
30.730  0.1019176  0.0000015
30.750  0.1019161  0.0000015
30.770  0.1019169  0.0000015
30.790  0.1019168  0.0000015
30.810  0.1019177  0.0000015
30.830  0.1019153  0.0000015
30.850  0.1019162  0.0000015
30.870  0.1019167  0.0000015
30.890  0.1019167  0.0000015
30.910  0.1019164  0.0000015
30.930  0.1019162  0.0000015
30.950  0.1019163  0.0000015
30.970  0.1019161  0.0000015
30.990  0.1019157  0.0000015
31.010  0.1019155  0.0000015
31.030  0.1019161  0.0000015
31.050  0.1019156  0.0000015
31.070  0.1019160  0.0000015
31.090  0.1019150  0.0000015
31.110  0.1019158  0.0000015
31.130  0.1019157  0.0000015
31.150  0.1019166  0.0000015
31.170  0.1019164  0.0000015
31.190  0.1019168  0.0000015
31.210  0.1019161  0.0000015
31.230  0.1019156  0.0000015
31.250  0.1019154  0.0000015
31.270  0.1019161  0.0000015
31.290  0.1019157  0.0000015
31.310  0.1019159  0.0000015
31.330  0.1019159  0.0000015
31.350  0.1019169  0.0000015
31.370  0.1019173  0.0000015
31.390  0.1019168  0.0000015
31.410  0.1019152  0.0000015
31.430  0.1019150  0.0000015
31.450  0.1019167  0.0000015
31.470  0.1019170  0.0000015
31.490  0.1019157  0.0000015
31.510  0.1019155  0.0000015
31.530  0.1019162  0.0000015
31.550  0.1019151  0.0000015
31.570  0.1019158  0.0000015
31.590  0.1019158  0.0000015
31.610  0.1019158  0.0000015
31.630  0.1019153  0.0000015
31.650  0.1019160  0.0000015
31.670  0.1019162  0.0000015
31.690  0.1019170  0.0000015
31.710  0.1019161  0.0000015
31.730  0.1019159  0.0000015
31.750  0.1019160  0.0000015
31.770  0.1019163  0.0000015
31.790  0.1019160  0.0000015
31.810  0.1019161  0.0000015
31.830  0.1019159  0.0000015
31.850  0.1019166  0.0000015
31.870  0.1019154  0.0000015
31.890  0.1019168  0.0000015
31.910  0.1019171  0.0000015
31.930  0.1019155  0.0000015
31.950  0.1019160  0.0000015
31.970  0.1019165  0.0000015
31.990  0.1019163  0.0000015
32.010  0.1019166  0.0000015
32.030  0.1019165  0.0000015
32.050  0.1019158  0.0000015
32.070  0.1019160  0.0000015
32.090  0.1019147  0.0000015
32.110  0.1019164  0.0000015
32.130  0.1019176  0.0000015
32.150  0.1019163  0.0000015
32.170  0.1019156  0.0000015
32.190  0.1019152  0.0000015
32.210  0.1019164  0.0000015
32.230  0.1019163  0.0000015
32.250  0.1019149  0.0000015
32.270  0.1019158  0.0000015
32.290  0.1019154  0.0000016
32.310  0.1019163  0.0000015
32.330  0.1019154  0.0000015
32.350  0.1019158  0.0000015
32.370  0.1019179  0.0000015
32.390  0.1019162  0.0000015
32.410  0.1019159  0.0000015
32.430  0.1019157  0.0000015
32.450  0.1019166  0.0000015
32.470  0.1019169  0.0000015
32.490  0.1019157  0.0000015
32.510  0.1019167  0.0000015
32.530  0.1019163  0.0000015
32.550  0.1019161  0.0000016
32.570  0.1019158  0.0000016
32.590  0.1019170  0.0000016
32.610  0.1019177  0.0000015
32.630  0.1019170  0.0000015
32.650  0.1019162  0.0000016
32.670  0.1019172  0.0000016
32.690  0.1019168  0.0000016
32.710  0.1019166  0.0000016
32.730  0.1019167  0.0000016
32.750  0.1019163  0.0000016
32.770  0.1019165  0.0000015
