% Density Profile of Hard Spheres at a Hard Flat Wall: rho(z), rho(z < 0.5) = 0
% Bulk density: rho (95% CI) = 0.19440226(0.00000035)
%
% rho_i is the average density in the interval [z_i-0.01, z_i+0.01]
%
%  z_i    rho_i     95% CI 
 0.510  0.2957065  0.0000086
 0.530  0.2908785  0.0000084
 0.550  0.2861590  0.0000080
 0.570  0.2815354  0.0000079
 0.590  0.2770171  0.0000077
 0.610  0.2726024  0.0000074
 0.630  0.2682874  0.0000073
 0.650  0.2640864  0.0000070
 0.670  0.2599900  0.0000069
 0.690  0.2559990  0.0000067
 0.710  0.2521234  0.0000067
 0.730  0.2483538  0.0000066
 0.750  0.2446943  0.0000063
 0.770  0.2411428  0.0000063
 0.790  0.2377046  0.0000061
 0.810  0.2343793  0.0000060
 0.830  0.2311644  0.0000059
 0.850  0.2280589  0.0000057
 0.870  0.2250678  0.0000057
 0.890  0.2221824  0.0000055
 0.910  0.2194132  0.0000054
 0.930  0.2167515  0.0000054
 0.950  0.2142012  0.0000054
 0.970  0.2117631  0.0000053
 0.990  0.2094340  0.0000052
 1.010  0.2072181  0.0000052
 1.030  0.2051129  0.0000051
 1.050  0.2031174  0.0000051
 1.070  0.2012353  0.0000051
 1.090  0.1994598  0.0000050
 1.110  0.1978006  0.0000050
 1.130  0.1962532  0.0000049
 1.150  0.1948112  0.0000048
 1.170  0.1934891  0.0000050
 1.190  0.1922808  0.0000050
 1.210  0.1911813  0.0000049
 1.230  0.1902001  0.0000048
 1.250  0.1893306  0.0000048
 1.270  0.1885792  0.0000047
 1.290  0.1879480  0.0000048
 1.310  0.1874363  0.0000048
 1.330  0.1870425  0.0000048
 1.350  0.1867712  0.0000048
 1.370  0.1866285  0.0000048
 1.390  0.1866065  0.0000048
 1.410  0.1867091  0.0000047
 1.430  0.1869476  0.0000048
 1.450  0.1873114  0.0000048
 1.470  0.1878083  0.0000048
 1.490  0.1884363  0.0000048
 1.510  0.1891648  0.0000048
 1.530  0.1898733  0.0000049
 1.550  0.1905196  0.0000048
 1.570  0.1911213  0.0000049
 1.590  0.1916687  0.0000049
 1.610  0.1921700  0.0000048
 1.630  0.1926265  0.0000049
 1.650  0.1930369  0.0000049
 1.670  0.1934070  0.0000050
 1.690  0.1937426  0.0000049
 1.710  0.1940416  0.0000052
 1.730  0.1943003  0.0000050
 1.750  0.1945290  0.0000050
 1.770  0.1947261  0.0000050
 1.790  0.1948987  0.0000049
 1.810  0.1950370  0.0000049
 1.830  0.1951565  0.0000050
 1.850  0.1952515  0.0000049
 1.870  0.1953266  0.0000050
 1.890  0.1953822  0.0000050
 1.910  0.1954196  0.0000048
 1.930  0.1954412  0.0000049
 1.950  0.1954460  0.0000049
 1.970  0.1954411  0.0000049
 1.990  0.1954248  0.0000050
 2.010  0.1953923  0.0000050
 2.030  0.1953576  0.0000049
 2.050  0.1953116  0.0000050
 2.070  0.1952583  0.0000049
 2.090  0.1952048  0.0000049
 2.110  0.1951405  0.0000049
 2.130  0.1950841  0.0000050
 2.150  0.1950166  0.0000050
 2.170  0.1949482  0.0000050
 2.190  0.1948817  0.0000049
 2.210  0.1948199  0.0000048
 2.230  0.1947544  0.0000049
 2.250  0.1946939  0.0000048
 2.270  0.1946373  0.0000048
 2.290  0.1945787  0.0000049
 2.310  0.1945265  0.0000049
 2.330  0.1944821  0.0000049
 2.350  0.1944385  0.0000049
 2.370  0.1943936  0.0000048
 2.390  0.1943611  0.0000050
 2.410  0.1943309  0.0000049
 2.430  0.1943048  0.0000050
 2.450  0.1942853  0.0000050
 2.470  0.1942670  0.0000048
 2.490  0.1942533  0.0000050
 2.510  0.1942510  0.0000049
 2.530  0.1942425  0.0000049
 2.550  0.1942396  0.0000049
 2.570  0.1942389  0.0000050
 2.590  0.1942414  0.0000050
 2.610  0.1942424  0.0000049
 2.630  0.1942524  0.0000048
 2.650  0.1942597  0.0000050
 2.670  0.1942656  0.0000047
 2.690  0.1942768  0.0000047
 2.710  0.1942848  0.0000049
 2.730  0.1943001  0.0000050
 2.750  0.1943050  0.0000049
 2.770  0.1943175  0.0000048
 2.790  0.1943282  0.0000049
 2.810  0.1943353  0.0000049
 2.830  0.1943472  0.0000049
 2.850  0.1943581  0.0000048
 2.870  0.1943655  0.0000049
 2.890  0.1943713  0.0000048
 2.910  0.1943781  0.0000049
 2.930  0.1943870  0.0000049
 2.950  0.1943940  0.0000049
 2.970  0.1943978  0.0000048
 2.990  0.1944048  0.0000048
 3.010  0.1944112  0.0000049
 3.030  0.1944148  0.0000048
 3.050  0.1944147  0.0000048
 3.070  0.1944167  0.0000048
 3.090  0.1944203  0.0000048
 3.110  0.1944233  0.0000048
 3.130  0.1944240  0.0000047
 3.150  0.1944194  0.0000049
 3.170  0.1944246  0.0000050
 3.190  0.1944221  0.0000050
 3.210  0.1944217  0.0000049
 3.230  0.1944227  0.0000049
 3.250  0.1944218  0.0000049
 3.270  0.1944207  0.0000050
 3.290  0.1944192  0.0000049
 3.310  0.1944249  0.0000048
 3.330  0.1944168  0.0000049
 3.350  0.1944147  0.0000050
 3.370  0.1944113  0.0000048
 3.390  0.1944135  0.0000048
 3.410  0.1944082  0.0000049
 3.430  0.1944109  0.0000047
 3.450  0.1944101  0.0000049
 3.470  0.1944032  0.0000049
 3.490  0.1944077  0.0000049
 3.510  0.1944009  0.0000049
 3.530  0.1944020  0.0000049
 3.550  0.1944044  0.0000048
 3.570  0.1944018  0.0000047
 3.590  0.1944018  0.0000048
 3.610  0.1944005  0.0000048
 3.630  0.1943975  0.0000048
 3.650  0.1944026  0.0000049
 3.670  0.1943952  0.0000048
 3.690  0.1944010  0.0000049
 3.710  0.1944013  0.0000047
 3.730  0.1944011  0.0000048
 3.750  0.1943994  0.0000049
 3.770  0.1943971  0.0000048
 3.790  0.1943958  0.0000048
 3.810  0.1943966  0.0000047
 3.830  0.1943992  0.0000048
 3.850  0.1944006  0.0000048
 3.870  0.1944001  0.0000049
 3.890  0.1943967  0.0000049
 3.910  0.1943984  0.0000048
 3.930  0.1944006  0.0000048
 3.950  0.1944017  0.0000049
 3.970  0.1943989  0.0000049
 3.990  0.1944007  0.0000048
 4.010  0.1943987  0.0000048
 4.030  0.1944016  0.0000048
 4.050  0.1944006  0.0000049
 4.070  0.1943985  0.0000048
 4.090  0.1944001  0.0000048
 4.110  0.1944003  0.0000048
 4.130  0.1944011  0.0000048
 4.150  0.1944040  0.0000048
 4.170  0.1944019  0.0000048
 4.190  0.1943982  0.0000047
 4.210  0.1944003  0.0000046
 4.230  0.1944014  0.0000047
 4.250  0.1944061  0.0000048
 4.270  0.1944038  0.0000049
 4.290  0.1944078  0.0000048
 4.310  0.1944036  0.0000048
 4.330  0.1944043  0.0000048
 4.350  0.1944046  0.0000049
 4.370  0.1944035  0.0000048
 4.390  0.1944057  0.0000048
 4.410  0.1944087  0.0000048
 4.430  0.1944037  0.0000048
 4.450  0.1944011  0.0000049
 4.470  0.1944046  0.0000049
 4.490  0.1944024  0.0000047
 4.510  0.1944044  0.0000048
 4.530  0.1944034  0.0000048
 4.550  0.1944026  0.0000047
 4.570  0.1944056  0.0000047
 4.590  0.1944019  0.0000047
 4.610  0.1944040  0.0000047
 4.630  0.1944027  0.0000048
 4.650  0.1943979  0.0000048
 4.670  0.1944009  0.0000048
 4.690  0.1944016  0.0000048
 4.710  0.1944048  0.0000048
 4.730  0.1943994  0.0000048
 4.750  0.1943990  0.0000048
 4.770  0.1944015  0.0000048
 4.790  0.1944016  0.0000048
 4.810  0.1944053  0.0000048
 4.830  0.1944055  0.0000047
 4.850  0.1944007  0.0000047
 4.870  0.1944055  0.0000048
 4.890  0.1944020  0.0000047
 4.910  0.1944048  0.0000048
 4.930  0.1944036  0.0000048
 4.950  0.1944019  0.0000048
 4.970  0.1944010  0.0000047
 4.990  0.1944038  0.0000048
 5.010  0.1944014  0.0000047
 5.030  0.1944042  0.0000048
 5.050  0.1944037  0.0000048
 5.070  0.1944032  0.0000048
 5.090  0.1943997  0.0000047
 5.110  0.1944006  0.0000048
 5.130  0.1944014  0.0000047
 5.150  0.1944028  0.0000048
 5.170  0.1944012  0.0000047
 5.190  0.1943997  0.0000049
 5.210  0.1943995  0.0000047
 5.230  0.1944062  0.0000048
 5.250  0.1944042  0.0000048
 5.270  0.1944033  0.0000048
 5.290  0.1944003  0.0000047
 5.310  0.1943985  0.0000048
 5.330  0.1943993  0.0000048
 5.350  0.1944068  0.0000047
 5.370  0.1944017  0.0000048
 5.390  0.1944014  0.0000047
 5.410  0.1943998  0.0000048
 5.430  0.1944063  0.0000047
 5.450  0.1944021  0.0000049
 5.470  0.1944021  0.0000048
 5.490  0.1944014  0.0000048
 5.510  0.1944027  0.0000048
 5.530  0.1944023  0.0000047
 5.550  0.1944020  0.0000048
 5.570  0.1944021  0.0000047
 5.590  0.1944043  0.0000046
 5.610  0.1943999  0.0000047
 5.630  0.1944001  0.0000048
 5.650  0.1944005  0.0000048
 5.670  0.1944016  0.0000047
 5.690  0.1944048  0.0000048
 5.710  0.1944015  0.0000047
 5.730  0.1943998  0.0000047
 5.750  0.1944035  0.0000048
 5.770  0.1944033  0.0000047
 5.790  0.1944020  0.0000048
 5.810  0.1944025  0.0000048
 5.830  0.1944025  0.0000048
 5.850  0.1944045  0.0000048
 5.870  0.1944040  0.0000048
 5.890  0.1944007  0.0000048
 5.910  0.1944050  0.0000047
 5.930  0.1944055  0.0000047
 5.950  0.1944032  0.0000047
 5.970  0.1944028  0.0000047
 5.990  0.1944024  0.0000048
 6.010  0.1943988  0.0000046
 6.030  0.1944008  0.0000047
 6.050  0.1944016  0.0000047
 6.070  0.1944036  0.0000047
 6.090  0.1944005  0.0000047
 6.110  0.1943999  0.0000048
 6.130  0.1944032  0.0000048
 6.150  0.1944047  0.0000047
 6.170  0.1944026  0.0000046
 6.190  0.1944002  0.0000047
 6.210  0.1944032  0.0000046
 6.230  0.1944033  0.0000047
 6.250  0.1944019  0.0000047
 6.270  0.1944026  0.0000047
 6.290  0.1944025  0.0000046
 6.310  0.1944025  0.0000047
 6.330  0.1944026  0.0000046
 6.350  0.1944047  0.0000047
 6.370  0.1944033  0.0000048
 6.390  0.1944069  0.0000047
 6.410  0.1944044  0.0000047
 6.430  0.1944015  0.0000048
 6.450  0.1944034  0.0000046
 6.470  0.1944021  0.0000047
 6.490  0.1944025  0.0000047
 6.510  0.1944038  0.0000047
 6.530  0.1944054  0.0000046
 6.550  0.1944040  0.0000047
 6.570  0.1944036  0.0000048
 6.590  0.1944027  0.0000047
 6.610  0.1944027  0.0000047
 6.630  0.1944051  0.0000048
 6.650  0.1944050  0.0000046
 6.670  0.1944037  0.0000047
 6.690  0.1944072  0.0000047
 6.710  0.1944043  0.0000048
 6.730  0.1944007  0.0000047
 6.750  0.1944074  0.0000048
 6.770  0.1944056  0.0000046
 6.790  0.1944075  0.0000046
 6.810  0.1944008  0.0000046
 6.830  0.1944001  0.0000047
 6.850  0.1944022  0.0000046
 6.870  0.1944007  0.0000046
 6.890  0.1944006  0.0000047
 6.910  0.1944053  0.0000047
 6.930  0.1944015  0.0000047
 6.950  0.1944051  0.0000046
 6.970  0.1944011  0.0000046
 6.990  0.1943998  0.0000047
 7.010  0.1943997  0.0000048
 7.030  0.1943979  0.0000047
 7.050  0.1943996  0.0000046
 7.070  0.1944029  0.0000046
 7.090  0.1943991  0.0000046
 7.110  0.1944026  0.0000047
 7.130  0.1944013  0.0000048
 7.150  0.1944017  0.0000046
 7.170  0.1944006  0.0000046
 7.190  0.1944013  0.0000047
 7.210  0.1944048  0.0000046
 7.230  0.1944035  0.0000047
 7.250  0.1944032  0.0000046
 7.270  0.1944029  0.0000047
 7.290  0.1944078  0.0000047
 7.310  0.1944077  0.0000047
 7.330  0.1944006  0.0000047
 7.350  0.1944037  0.0000047
 7.370  0.1944030  0.0000046
 7.390  0.1944010  0.0000047
 7.410  0.1944014  0.0000046
 7.430  0.1944042  0.0000047
 7.450  0.1944043  0.0000047
 7.470  0.1943983  0.0000047
 7.490  0.1944033  0.0000046
 7.510  0.1944053  0.0000046
 7.530  0.1944043  0.0000046
 7.550  0.1944012  0.0000045
 7.570  0.1944033  0.0000046
 7.590  0.1944019  0.0000047
 7.610  0.1944025  0.0000047
 7.630  0.1944020  0.0000046
 7.650  0.1944026  0.0000047
 7.670  0.1944052  0.0000047
 7.690  0.1944054  0.0000046
 7.710  0.1944030  0.0000046
 7.730  0.1944058  0.0000046
 7.750  0.1944068  0.0000047
 7.770  0.1944049  0.0000046
 7.790  0.1944041  0.0000046
 7.810  0.1944039  0.0000046
 7.830  0.1944040  0.0000046
 7.850  0.1944047  0.0000046
 7.870  0.1943988  0.0000046
 7.890  0.1944044  0.0000046
 7.910  0.1944027  0.0000047
 7.930  0.1944010  0.0000046
 7.950  0.1944058  0.0000047
 7.970  0.1944066  0.0000045
 7.990  0.1944032  0.0000045
 8.010  0.1944060  0.0000046
 8.030  0.1944030  0.0000047
 8.050  0.1944023  0.0000046
 8.070  0.1944043  0.0000045
 8.090  0.1944053  0.0000045
 8.110  0.1944076  0.0000046
 8.130  0.1944005  0.0000045
 8.150  0.1944010  0.0000047
 8.170  0.1944026  0.0000047
 8.190  0.1944034  0.0000045
 8.210  0.1944072  0.0000045
 8.230  0.1944048  0.0000046
 8.250  0.1944023  0.0000046
 8.270  0.1944016  0.0000046
 8.290  0.1944048  0.0000046
 8.310  0.1944022  0.0000047
 8.330  0.1944026  0.0000045
 8.350  0.1944020  0.0000046
 8.370  0.1944037  0.0000047
 8.390  0.1944046  0.0000047
 8.410  0.1944010  0.0000047
 8.430  0.1943967  0.0000046
 8.450  0.1944000  0.0000046
 8.470  0.1944015  0.0000047
 8.490  0.1943975  0.0000046
 8.510  0.1944039  0.0000046
 8.530  0.1944023  0.0000046
 8.550  0.1944019  0.0000047
 8.570  0.1944013  0.0000047
 8.590  0.1944001  0.0000046
 8.610  0.1944000  0.0000046
 8.630  0.1944004  0.0000047
 8.650  0.1944014  0.0000048
 8.670  0.1944051  0.0000047
 8.690  0.1944018  0.0000047
 8.710  0.1944048  0.0000047
 8.730  0.1944028  0.0000046
 8.750  0.1944043  0.0000047
 8.770  0.1944052  0.0000046
 8.790  0.1944029  0.0000046
 8.810  0.1944045  0.0000046
 8.830  0.1944035  0.0000047
 8.850  0.1944020  0.0000047
 8.870  0.1944065  0.0000046
 8.890  0.1944041  0.0000047
 8.910  0.1944009  0.0000047
 8.930  0.1944034  0.0000046
 8.950  0.1943999  0.0000047
 8.970  0.1944023  0.0000045
 8.990  0.1943989  0.0000047
 9.010  0.1943979  0.0000046
 9.030  0.1944018  0.0000046
 9.050  0.1944005  0.0000047
 9.070  0.1944029  0.0000048
 9.090  0.1944010  0.0000047
 9.110  0.1944014  0.0000047
 9.130  0.1944020  0.0000045
 9.150  0.1944013  0.0000046
 9.170  0.1944005  0.0000047
 9.190  0.1943995  0.0000046
 9.210  0.1944036  0.0000047
 9.230  0.1944002  0.0000044
 9.250  0.1943979  0.0000047
 9.270  0.1944017  0.0000047
 9.290  0.1944022  0.0000047
 9.310  0.1944007  0.0000046
 9.330  0.1943987  0.0000046
 9.350  0.1943999  0.0000046
 9.370  0.1944037  0.0000047
 9.390  0.1944001  0.0000047
 9.410  0.1943985  0.0000046
 9.430  0.1944027  0.0000046
 9.450  0.1944022  0.0000046
 9.470  0.1944040  0.0000045
 9.490  0.1944027  0.0000047
 9.510  0.1944001  0.0000046
 9.530  0.1944036  0.0000047
 9.550  0.1944021  0.0000046
 9.570  0.1944016  0.0000046
 9.590  0.1944022  0.0000046
 9.610  0.1944052  0.0000046
 9.630  0.1943995  0.0000046
 9.650  0.1944042  0.0000045
 9.670  0.1944003  0.0000045
 9.690  0.1944027  0.0000046
 9.710  0.1944018  0.0000045
 9.730  0.1944052  0.0000045
 9.750  0.1944041  0.0000046
 9.770  0.1944044  0.0000046
 9.790  0.1944057  0.0000045
 9.810  0.1944040  0.0000045
 9.830  0.1944040  0.0000046
 9.850  0.1944007  0.0000046
 9.870  0.1944025  0.0000046
 9.890  0.1944052  0.0000046
 9.910  0.1944046  0.0000046
 9.930  0.1943996  0.0000045
 9.950  0.1943989  0.0000047
 9.970  0.1944013  0.0000046
 9.990  0.1943990  0.0000046
10.010  0.1944002  0.0000046
10.030  0.1944046  0.0000047
10.050  0.1944025  0.0000046
10.070  0.1943998  0.0000046
10.090  0.1943973  0.0000047
10.110  0.1944001  0.0000047
10.130  0.1944027  0.0000046
10.150  0.1943984  0.0000046
10.170  0.1944021  0.0000046
10.190  0.1944000  0.0000046
10.210  0.1944018  0.0000046
10.230  0.1944024  0.0000046
10.250  0.1944003  0.0000046
10.270  0.1944004  0.0000047
10.290  0.1943993  0.0000046
10.310  0.1943986  0.0000046
10.330  0.1944019  0.0000046
10.350  0.1944014  0.0000045
10.370  0.1944037  0.0000046
10.390  0.1944004  0.0000046
10.410  0.1943999  0.0000046
10.430  0.1944067  0.0000046
10.450  0.1944076  0.0000045
10.470  0.1944074  0.0000045
10.490  0.1944057  0.0000046
10.510  0.1944074  0.0000045
10.530  0.1944036  0.0000047
10.550  0.1944062  0.0000046
10.570  0.1944060  0.0000046
10.590  0.1944046  0.0000045
10.610  0.1944055  0.0000045
10.630  0.1944043  0.0000046
10.650  0.1944046  0.0000047
10.670  0.1944046  0.0000047
10.690  0.1944061  0.0000046
10.710  0.1944048  0.0000046
10.730  0.1944022  0.0000046
10.750  0.1944005  0.0000045
10.770  0.1944027  0.0000046
10.790  0.1944020  0.0000045
10.810  0.1944064  0.0000046
10.830  0.1944042  0.0000045
10.850  0.1944052  0.0000045
10.870  0.1944051  0.0000045
10.890  0.1943997  0.0000045
10.910  0.1943999  0.0000046
10.930  0.1944068  0.0000046
10.950  0.1944029  0.0000045
10.970  0.1944000  0.0000045
10.990  0.1944029  0.0000045
11.010  0.1944036  0.0000047
11.030  0.1944032  0.0000046
11.050  0.1944030  0.0000046
11.070  0.1944017  0.0000047
11.090  0.1944031  0.0000047
11.110  0.1944021  0.0000046
11.130  0.1944027  0.0000046
11.150  0.1944015  0.0000047
11.170  0.1944000  0.0000046
11.190  0.1944052  0.0000046
11.210  0.1944038  0.0000047
11.230  0.1944016  0.0000046
11.250  0.1944030  0.0000045
11.270  0.1944025  0.0000046
11.290  0.1944033  0.0000045
11.310  0.1944043  0.0000045
11.330  0.1944065  0.0000045
11.350  0.1944059  0.0000046
11.370  0.1944053  0.0000045
11.390  0.1944054  0.0000045
11.410  0.1944049  0.0000047
11.430  0.1944073  0.0000046
11.450  0.1944032  0.0000046
11.470  0.1944063  0.0000046
11.490  0.1944047  0.0000045
11.510  0.1944057  0.0000045
11.530  0.1944043  0.0000045
11.550  0.1944020  0.0000046
11.570  0.1944035  0.0000045
11.590  0.1944002  0.0000046
11.610  0.1944020  0.0000046
11.630  0.1944023  0.0000044
11.650  0.1944056  0.0000045
11.670  0.1944006  0.0000046
11.690  0.1944029  0.0000047
11.710  0.1944060  0.0000046
11.730  0.1944008  0.0000046
11.750  0.1944013  0.0000046
11.770  0.1944044  0.0000045
11.790  0.1944045  0.0000046
11.810  0.1944036  0.0000047
11.830  0.1944044  0.0000046
11.850  0.1944009  0.0000045
11.870  0.1944002  0.0000045
11.890  0.1944060  0.0000045
11.910  0.1943997  0.0000046
11.930  0.1944048  0.0000046
11.950  0.1944029  0.0000046
11.970  0.1944058  0.0000045
11.990  0.1944036  0.0000044
12.010  0.1944019  0.0000045
12.030  0.1944021  0.0000046
12.050  0.1943989  0.0000046
12.070  0.1943974  0.0000045
12.090  0.1944032  0.0000046
12.110  0.1944019  0.0000047
12.130  0.1944009  0.0000046
12.150  0.1944023  0.0000045
12.170  0.1944041  0.0000047
12.190  0.1944013  0.0000045
12.210  0.1944058  0.0000047
12.230  0.1944008  0.0000046
12.250  0.1944006  0.0000045
12.270  0.1944025  0.0000046
12.290  0.1944028  0.0000046
12.310  0.1944029  0.0000045
12.330  0.1943963  0.0000047
12.350  0.1944034  0.0000044
12.370  0.1944020  0.0000044
12.390  0.1944036  0.0000045
12.410  0.1944074  0.0000046
12.430  0.1944054  0.0000045
12.450  0.1944041  0.0000046
12.470  0.1944028  0.0000045
12.490  0.1944048  0.0000046
12.510  0.1944018  0.0000046
12.530  0.1944052  0.0000046
12.550  0.1944059  0.0000046
12.570  0.1944072  0.0000045
12.590  0.1944054  0.0000046
12.610  0.1944050  0.0000045
12.630  0.1944045  0.0000045
12.650  0.1944067  0.0000046
12.670  0.1944012  0.0000046
12.690  0.1944069  0.0000046
12.710  0.1944049  0.0000046
12.730  0.1944024  0.0000046
12.750  0.1944071  0.0000045
12.770  0.1944050  0.0000046
12.790  0.1944050  0.0000046
12.810  0.1944069  0.0000045
12.830  0.1944053  0.0000046
12.850  0.1944042  0.0000046
12.870  0.1944020  0.0000046
12.890  0.1944015  0.0000046
12.910  0.1944017  0.0000045
12.930  0.1944025  0.0000044
12.950  0.1944050  0.0000046
12.970  0.1944054  0.0000045
12.990  0.1944047  0.0000045
13.010  0.1944089  0.0000046
13.030  0.1944017  0.0000045
13.050  0.1944051  0.0000045
13.070  0.1944017  0.0000045
13.090  0.1944027  0.0000045
13.110  0.1944047  0.0000046
13.130  0.1944061  0.0000046
13.150  0.1944040  0.0000047
13.170  0.1944025  0.0000046
13.190  0.1944033  0.0000047
13.210  0.1944071  0.0000046
13.230  0.1944048  0.0000046
13.250  0.1944046  0.0000045
13.270  0.1944020  0.0000045
13.290  0.1944053  0.0000045
13.310  0.1944039  0.0000045
13.330  0.1944036  0.0000046
13.350  0.1944020  0.0000046
13.370  0.1944027  0.0000046
13.390  0.1944036  0.0000045
13.410  0.1944039  0.0000045
13.430  0.1943988  0.0000046
13.450  0.1944019  0.0000046
13.470  0.1944011  0.0000046
13.490  0.1944039  0.0000046
13.510  0.1944040  0.0000045
13.530  0.1944023  0.0000044
13.550  0.1944018  0.0000045
13.570  0.1943974  0.0000046
13.590  0.1944014  0.0000046
13.610  0.1944002  0.0000045
13.630  0.1944023  0.0000045
13.650  0.1944039  0.0000045
13.670  0.1944035  0.0000044
13.690  0.1944057  0.0000045
13.710  0.1944029  0.0000044
13.730  0.1944061  0.0000045
13.750  0.1944020  0.0000044
13.770  0.1944055  0.0000045
13.790  0.1944025  0.0000044
13.810  0.1944068  0.0000044
13.830  0.1944021  0.0000046
13.850  0.1944022  0.0000045
13.870  0.1944023  0.0000047
13.890  0.1944036  0.0000045
13.910  0.1944015  0.0000046
13.930  0.1944019  0.0000044
13.950  0.1944043  0.0000045
13.970  0.1944033  0.0000045
13.990  0.1944055  0.0000046
14.010  0.1944023  0.0000046
14.030  0.1944037  0.0000046
14.050  0.1944044  0.0000045
14.070  0.1944039  0.0000045
14.090  0.1944066  0.0000046
14.110  0.1944021  0.0000046
14.130  0.1944054  0.0000045
14.150  0.1944070  0.0000044
14.170  0.1944047  0.0000046
14.190  0.1944052  0.0000046
14.210  0.1944041  0.0000046
14.230  0.1944037  0.0000045
14.250  0.1944035  0.0000045
14.270  0.1944015  0.0000045
14.290  0.1944063  0.0000044
14.310  0.1944031  0.0000046
14.330  0.1944041  0.0000045
14.350  0.1944007  0.0000045
14.370  0.1944007  0.0000046
14.390  0.1944034  0.0000045
14.410  0.1944034  0.0000045
14.430  0.1944041  0.0000047
14.450  0.1944092  0.0000048
14.470  0.1944023  0.0000046
14.490  0.1944040  0.0000046
14.510  0.1944056  0.0000045
14.530  0.1944043  0.0000046
14.550  0.1944053  0.0000046
14.570  0.1944018  0.0000046
14.590  0.1944025  0.0000045
14.610  0.1944021  0.0000045
14.630  0.1944013  0.0000045
14.650  0.1944003  0.0000046
14.670  0.1944026  0.0000045
14.690  0.1944053  0.0000046
14.710  0.1944046  0.0000046
14.730  0.1944027  0.0000046
14.750  0.1944023  0.0000046
14.770  0.1944072  0.0000047
14.790  0.1944075  0.0000046
14.810  0.1944040  0.0000045
14.830  0.1944029  0.0000046
14.850  0.1944030  0.0000046
14.870  0.1944023  0.0000045
14.890  0.1944067  0.0000045
14.910  0.1944066  0.0000045
14.930  0.1944013  0.0000045
14.950  0.1944060  0.0000046
14.970  0.1944043  0.0000045
14.990  0.1944066  0.0000045
15.010  0.1944018  0.0000046
15.030  0.1944038  0.0000045
15.050  0.1944030  0.0000045
15.070  0.1943998  0.0000046
15.090  0.1944018  0.0000045
15.110  0.1944018  0.0000044
15.130  0.1944036  0.0000046
15.150  0.1944012  0.0000046
15.170  0.1943970  0.0000045
15.190  0.1943994  0.0000045
15.210  0.1944007  0.0000046
15.230  0.1943993  0.0000046
15.250  0.1943993  0.0000045
15.270  0.1944036  0.0000045
15.290  0.1944020  0.0000045
15.310  0.1943998  0.0000045
15.330  0.1943992  0.0000045
15.350  0.1944004  0.0000046
15.370  0.1944046  0.0000045
15.390  0.1944062  0.0000045
15.410  0.1944000  0.0000045
15.430  0.1944003  0.0000046
15.450  0.1944023  0.0000046
15.470  0.1944028  0.0000045
15.490  0.1944049  0.0000046
15.510  0.1944019  0.0000045
15.530  0.1944021  0.0000046
15.550  0.1944069  0.0000046
15.570  0.1944045  0.0000045
15.590  0.1944049  0.0000046
15.610  0.1944039  0.0000045
15.630  0.1944030  0.0000045
15.650  0.1944016  0.0000046
15.670  0.1944038  0.0000045
15.690  0.1944055  0.0000045
15.710  0.1944027  0.0000044
15.730  0.1944052  0.0000044
15.750  0.1944033  0.0000046
15.770  0.1944028  0.0000045
15.790  0.1944027  0.0000045
15.810  0.1944047  0.0000045
15.830  0.1944038  0.0000044
15.850  0.1944033  0.0000046
15.870  0.1944010  0.0000046
15.890  0.1944052  0.0000046
15.910  0.1944024  0.0000045
15.930  0.1944042  0.0000046
15.950  0.1944023  0.0000045
15.970  0.1944042  0.0000045
15.990  0.1943993  0.0000045
16.010  0.1944021  0.0000045
16.030  0.1944006  0.0000045
16.050  0.1944027  0.0000045
16.070  0.1944053  0.0000045
16.090  0.1944022  0.0000046
16.110  0.1944015  0.0000046
16.130  0.1944018  0.0000045
16.150  0.1943995  0.0000046
16.170  0.1943995  0.0000046
16.190  0.1944007  0.0000045
16.210  0.1944019  0.0000045
16.230  0.1944010  0.0000045
16.250  0.1944006  0.0000046
16.270  0.1944036  0.0000044
16.290  0.1944026  0.0000045
16.310  0.1944044  0.0000045
16.330  0.1944032  0.0000045
16.350  0.1944021  0.0000045
16.370  0.1944041  0.0000045
16.390  0.1944001  0.0000045
16.410  0.1944054  0.0000044
16.430  0.1944006  0.0000045
16.450  0.1943996  0.0000045
16.470  0.1944037  0.0000046
16.490  0.1944004  0.0000045
16.510  0.1944032  0.0000045
16.530  0.1944021  0.0000045
16.550  0.1943988  0.0000045
16.570  0.1944029  0.0000045
16.590  0.1944046  0.0000045
16.610  0.1944032  0.0000046
16.630  0.1944021  0.0000046
16.650  0.1944037  0.0000044
16.670  0.1944023  0.0000045
16.690  0.1944018  0.0000045
16.710  0.1944009  0.0000045
16.730  0.1944064  0.0000046
16.750  0.1944032  0.0000045
16.770  0.1944033  0.0000045
16.790  0.1944012  0.0000045
16.810  0.1944032  0.0000044
16.830  0.1944021  0.0000045
16.850  0.1943996  0.0000045
16.870  0.1944038  0.0000044
16.890  0.1944023  0.0000045
16.910  0.1944017  0.0000045
16.930  0.1944005  0.0000046
16.950  0.1944005  0.0000046
16.970  0.1944047  0.0000046
16.990  0.1944059  0.0000045
17.010  0.1944007  0.0000045
17.030  0.1944014  0.0000046
17.050  0.1944011  0.0000046
17.070  0.1944025  0.0000044
17.090  0.1943997  0.0000046
17.110  0.1944054  0.0000045
17.130  0.1943999  0.0000045
17.150  0.1944047  0.0000046
17.170  0.1943996  0.0000045
17.190  0.1944031  0.0000045
17.210  0.1944010  0.0000046
17.230  0.1944040  0.0000045
17.250  0.1943981  0.0000045
17.270  0.1944048  0.0000045
17.290  0.1944022  0.0000045
17.310  0.1944005  0.0000044
17.330  0.1944021  0.0000044
17.350  0.1944034  0.0000045
17.370  0.1944051  0.0000044
17.390  0.1944020  0.0000045
17.410  0.1944069  0.0000045
17.430  0.1944013  0.0000046
17.450  0.1944018  0.0000045
17.470  0.1944037  0.0000046
17.490  0.1944051  0.0000046
17.510  0.1943996  0.0000044
17.530  0.1943986  0.0000045
17.550  0.1944017  0.0000044
17.570  0.1944025  0.0000046
17.590  0.1944024  0.0000045
17.610  0.1944032  0.0000044
17.630  0.1944018  0.0000045
17.650  0.1944035  0.0000046
17.670  0.1944047  0.0000044
17.690  0.1944033  0.0000046
17.710  0.1944028  0.0000046
17.730  0.1943983  0.0000045
17.750  0.1944007  0.0000046
17.770  0.1944024  0.0000045
17.790  0.1944024  0.0000045
17.810  0.1944018  0.0000046
17.830  0.1943986  0.0000046
17.850  0.1944048  0.0000046
17.870  0.1944022  0.0000045
17.890  0.1943980  0.0000045
17.910  0.1943986  0.0000045
17.930  0.1943991  0.0000046
17.950  0.1943993  0.0000046
17.970  0.1943998  0.0000045
17.990  0.1943975  0.0000046
18.010  0.1944012  0.0000046
18.030  0.1943998  0.0000045
18.050  0.1944023  0.0000045
18.070  0.1944020  0.0000044
18.090  0.1944036  0.0000045
18.110  0.1944000  0.0000044
18.130  0.1943997  0.0000046
18.150  0.1944028  0.0000045
18.170  0.1944007  0.0000046
18.190  0.1944036  0.0000046
18.210  0.1944042  0.0000046
18.230  0.1944016  0.0000046
18.250  0.1944040  0.0000045
18.270  0.1944014  0.0000045
18.290  0.1944003  0.0000046
18.310  0.1944022  0.0000046
18.330  0.1944056  0.0000045
18.350  0.1944046  0.0000046
18.370  0.1944030  0.0000046
18.390  0.1944043  0.0000044
18.410  0.1944029  0.0000044
18.430  0.1944029  0.0000046
18.450  0.1944005  0.0000045
18.470  0.1944052  0.0000044
18.490  0.1944058  0.0000045
18.510  0.1944037  0.0000046
18.530  0.1944059  0.0000045
18.550  0.1944011  0.0000045
18.570  0.1944025  0.0000045
18.590  0.1944038  0.0000046
18.610  0.1944022  0.0000045
18.630  0.1944035  0.0000044
18.650  0.1944025  0.0000045
18.670  0.1944052  0.0000045
18.690  0.1944035  0.0000045
18.710  0.1944008  0.0000046
18.730  0.1943999  0.0000045
18.750  0.1944011  0.0000046
18.770  0.1944037  0.0000046
18.790  0.1944011  0.0000045
18.810  0.1943991  0.0000046
18.830  0.1944025  0.0000045
18.850  0.1944002  0.0000045
18.870  0.1944033  0.0000044
18.890  0.1944040  0.0000045
18.910  0.1944030  0.0000045
18.930  0.1944056  0.0000045
18.950  0.1944049  0.0000045
18.970  0.1944009  0.0000043
18.990  0.1944030  0.0000045
19.010  0.1944011  0.0000045
19.030  0.1944035  0.0000045
19.050  0.1944039  0.0000045
19.070  0.1944072  0.0000045
19.090  0.1944014  0.0000046
19.110  0.1943998  0.0000046
19.130  0.1944067  0.0000045
19.150  0.1944041  0.0000045
19.170  0.1944042  0.0000045
19.190  0.1944027  0.0000046
19.210  0.1944045  0.0000044
19.230  0.1944006  0.0000046
19.250  0.1944028  0.0000045
19.270  0.1944022  0.0000044
19.290  0.1944001  0.0000045
19.310  0.1944054  0.0000046
19.330  0.1944010  0.0000045
19.350  0.1944024  0.0000045
19.370  0.1944048  0.0000045
19.390  0.1944003  0.0000045
19.410  0.1944022  0.0000045
19.430  0.1944025  0.0000046
19.450  0.1943990  0.0000045
19.470  0.1943994  0.0000045
19.490  0.1944020  0.0000046
19.510  0.1944015  0.0000046
19.530  0.1944024  0.0000045
19.550  0.1944054  0.0000045
19.570  0.1944054  0.0000045
19.590  0.1944015  0.0000045
19.610  0.1944001  0.0000046
19.630  0.1944012  0.0000045
19.650  0.1944030  0.0000045
19.670  0.1944019  0.0000046
19.690  0.1944002  0.0000046
19.710  0.1944009  0.0000046
19.730  0.1944029  0.0000044
19.750  0.1944012  0.0000046
19.770  0.1944035  0.0000046
19.790  0.1944004  0.0000045
19.810  0.1944013  0.0000045
19.830  0.1944056  0.0000045
19.850  0.1944023  0.0000047
19.870  0.1944017  0.0000046
19.890  0.1944004  0.0000047
19.910  0.1944054  0.0000045
19.930  0.1944014  0.0000045
19.950  0.1944015  0.0000046
19.970  0.1944004  0.0000046
19.990  0.1944014  0.0000045
20.010  0.1944011  0.0000045
20.030  0.1944035  0.0000046
20.050  0.1944022  0.0000045
20.070  0.1944031  0.0000045
20.090  0.1943986  0.0000046
20.110  0.1944002  0.0000046
20.130  0.1944038  0.0000047
20.150  0.1944026  0.0000045
20.170  0.1944057  0.0000045
20.190  0.1944010  0.0000046
20.210  0.1944043  0.0000045
20.230  0.1944026  0.0000045
20.250  0.1944037  0.0000046
20.270  0.1944041  0.0000044
20.290  0.1944041  0.0000046
20.310  0.1944051  0.0000045
20.330  0.1944055  0.0000046
20.350  0.1944023  0.0000044
20.370  0.1944065  0.0000045
20.390  0.1944012  0.0000045
20.410  0.1944031  0.0000047
20.430  0.1944012  0.0000046
20.450  0.1944020  0.0000046
20.470  0.1944035  0.0000047
20.490  0.1944045  0.0000045
20.510  0.1944024  0.0000046
20.530  0.1944059  0.0000046
20.550  0.1944048  0.0000046
20.570  0.1944035  0.0000045
20.590  0.1944064  0.0000046
20.610  0.1944060  0.0000047
20.630  0.1944024  0.0000047
20.650  0.1944038  0.0000045
20.670  0.1944012  0.0000047
20.690  0.1944032  0.0000047
20.710  0.1944023  0.0000048
20.730  0.1944062  0.0000045
20.750  0.1943997  0.0000045
20.770  0.1944032  0.0000046
20.790  0.1944064  0.0000046
20.810  0.1944020  0.0000046
20.830  0.1944042  0.0000046
20.850  0.1944074  0.0000046
20.870  0.1944042  0.0000046
20.890  0.1944022  0.0000046
20.910  0.1944035  0.0000046
20.930  0.1944022  0.0000045
20.950  0.1944000  0.0000047
20.970  0.1944055  0.0000045
20.990  0.1944043  0.0000045
21.010  0.1944053  0.0000046
21.030  0.1944031  0.0000046
21.050  0.1944018  0.0000045
21.070  0.1944035  0.0000045
21.090  0.1944003  0.0000046
21.110  0.1944043  0.0000046
21.130  0.1944033  0.0000046
21.150  0.1944015  0.0000047
21.170  0.1944017  0.0000044
21.190  0.1943999  0.0000047
21.210  0.1944037  0.0000046
21.230  0.1944038  0.0000045
21.250  0.1944041  0.0000046
21.270  0.1944007  0.0000047
21.290  0.1944030  0.0000046
21.310  0.1944021  0.0000046
21.330  0.1944042  0.0000046
21.350  0.1944024  0.0000046
21.370  0.1944021  0.0000046
21.390  0.1944003  0.0000046
21.410  0.1944030  0.0000046
21.430  0.1944022  0.0000046
21.450  0.1944011  0.0000046
21.470  0.1944010  0.0000046
21.490  0.1944023  0.0000047
21.510  0.1943990  0.0000046
21.530  0.1944043  0.0000046
21.550  0.1943991  0.0000045
21.570  0.1944040  0.0000046
21.590  0.1944021  0.0000046
21.610  0.1944060  0.0000046
21.630  0.1944038  0.0000046
21.650  0.1944030  0.0000046
21.670  0.1944008  0.0000046
21.690  0.1944020  0.0000045
21.710  0.1944021  0.0000046
21.730  0.1943987  0.0000047
21.750  0.1944011  0.0000046
21.770  0.1944034  0.0000046
21.790  0.1943993  0.0000046
21.810  0.1944001  0.0000046
21.830  0.1943998  0.0000045
21.850  0.1944004  0.0000045
21.870  0.1944046  0.0000046
21.890  0.1944015  0.0000046
21.910  0.1943993  0.0000046
21.930  0.1944039  0.0000047
21.950  0.1944025  0.0000047
21.970  0.1944048  0.0000046
21.990  0.1944018  0.0000045
22.010  0.1944052  0.0000047
22.030  0.1944020  0.0000046
22.050  0.1943999  0.0000045
22.070  0.1944046  0.0000046
22.090  0.1944059  0.0000046
22.110  0.1944038  0.0000046
22.130  0.1944038  0.0000046
22.150  0.1944038  0.0000046
22.170  0.1944023  0.0000046
22.190  0.1944076  0.0000046
22.210  0.1944043  0.0000045
22.230  0.1944042  0.0000046
22.250  0.1943998  0.0000045
22.270  0.1944002  0.0000045
22.290  0.1944022  0.0000045
22.310  0.1944046  0.0000046
22.330  0.1944021  0.0000046
22.350  0.1944000  0.0000046
22.370  0.1943992  0.0000046
22.390  0.1944012  0.0000046
22.410  0.1944006  0.0000046
22.430  0.1944008  0.0000046
22.450  0.1944029  0.0000046
22.470  0.1943986  0.0000047
22.490  0.1944012  0.0000046
22.510  0.1943996  0.0000046
22.530  0.1943987  0.0000046
22.550  0.1944026  0.0000046
22.570  0.1944048  0.0000045
22.590  0.1944065  0.0000046
22.610  0.1944033  0.0000047
22.630  0.1944012  0.0000045
22.650  0.1944024  0.0000046
22.670  0.1944055  0.0000046
22.690  0.1944012  0.0000046
22.710  0.1944034  0.0000047
22.730  0.1944019  0.0000046
22.750  0.1944035  0.0000046
22.770  0.1944024  0.0000046
22.790  0.1944037  0.0000047
22.810  0.1944028  0.0000046
22.830  0.1943999  0.0000046
22.850  0.1944032  0.0000046
22.870  0.1944022  0.0000047
22.890  0.1944040  0.0000044
22.910  0.1944030  0.0000045
22.930  0.1944039  0.0000046
22.950  0.1944030  0.0000047
22.970  0.1944043  0.0000047
22.990  0.1944024  0.0000046
23.010  0.1944048  0.0000047
23.030  0.1944031  0.0000047
23.050  0.1944002  0.0000045
23.070  0.1944042  0.0000046
23.090  0.1944043  0.0000047
23.110  0.1944026  0.0000046
23.130  0.1944024  0.0000047
23.150  0.1944061  0.0000046
23.170  0.1944010  0.0000046
23.190  0.1944032  0.0000047
23.210  0.1944067  0.0000046
23.230  0.1944021  0.0000047
23.250  0.1944039  0.0000046
23.270  0.1944078  0.0000046
23.290  0.1944023  0.0000045
23.310  0.1944024  0.0000046
23.330  0.1944005  0.0000046
23.350  0.1944004  0.0000047
23.370  0.1944010  0.0000047
23.390  0.1944051  0.0000047
23.410  0.1944052  0.0000046
23.430  0.1944040  0.0000047
23.450  0.1944036  0.0000047
23.470  0.1944058  0.0000046
23.490  0.1943999  0.0000047
23.510  0.1944069  0.0000046
23.530  0.1944057  0.0000046
23.550  0.1944018  0.0000047
23.570  0.1944032  0.0000047
23.590  0.1944064  0.0000047
23.610  0.1944040  0.0000046
23.630  0.1944032  0.0000046
23.650  0.1944053  0.0000046
23.670  0.1944007  0.0000045
23.690  0.1944079  0.0000046
23.710  0.1944072  0.0000047
23.730  0.1944058  0.0000046
23.750  0.1944022  0.0000047
23.770  0.1944035  0.0000047
23.790  0.1944007  0.0000046
23.810  0.1944036  0.0000047
23.830  0.1944022  0.0000046
23.850  0.1944033  0.0000047
23.870  0.1944063  0.0000046
23.890  0.1944017  0.0000047
23.910  0.1944039  0.0000047
23.930  0.1944027  0.0000047
23.950  0.1944022  0.0000047
23.970  0.1944026  0.0000046
23.990  0.1944029  0.0000046
24.010  0.1944018  0.0000046
24.030  0.1944035  0.0000046
24.050  0.1944043  0.0000046
24.070  0.1944026  0.0000046
24.090  0.1944029  0.0000046
24.110  0.1943989  0.0000045
24.130  0.1943996  0.0000046
24.150  0.1944016  0.0000046
24.170  0.1944002  0.0000047
24.190  0.1943990  0.0000047
24.210  0.1943986  0.0000046
24.230  0.1944029  0.0000047
24.250  0.1944007  0.0000047
24.270  0.1944043  0.0000045
24.290  0.1944023  0.0000046
24.310  0.1944019  0.0000045
24.330  0.1943983  0.0000047
24.350  0.1944021  0.0000045
24.370  0.1944024  0.0000047
24.390  0.1943985  0.0000047
24.410  0.1944041  0.0000046
24.430  0.1944040  0.0000046
24.450  0.1944033  0.0000046
24.470  0.1943987  0.0000046
24.490  0.1944016  0.0000046
24.510  0.1944006  0.0000045
24.530  0.1944026  0.0000046
24.550  0.1943997  0.0000046
24.570  0.1943987  0.0000047
24.590  0.1943998  0.0000045
24.610  0.1944037  0.0000046
24.630  0.1944014  0.0000047
24.650  0.1944019  0.0000047
24.670  0.1944002  0.0000047
24.690  0.1944036  0.0000047
24.710  0.1944044  0.0000046
24.730  0.1943990  0.0000046
24.750  0.1944027  0.0000045
24.770  0.1944021  0.0000047
24.790  0.1944020  0.0000047
24.810  0.1944023  0.0000045
24.830  0.1944000  0.0000047
24.850  0.1944020  0.0000046
24.870  0.1944020  0.0000047
24.890  0.1944038  0.0000046
24.910  0.1944035  0.0000046
24.930  0.1943989  0.0000047
24.950  0.1944002  0.0000046
24.970  0.1943999  0.0000047
24.990  0.1944021  0.0000046
25.010  0.1944040  0.0000047
25.030  0.1944024  0.0000045
25.050  0.1944027  0.0000046
25.070  0.1944032  0.0000045
25.090  0.1944026  0.0000046
25.110  0.1944062  0.0000046
25.130  0.1944034  0.0000047
25.150  0.1944027  0.0000046
25.170  0.1944053  0.0000046
25.190  0.1944055  0.0000047
25.210  0.1944040  0.0000047
25.230  0.1944018  0.0000046
25.250  0.1944024  0.0000047
25.270  0.1944017  0.0000047
25.290  0.1944023  0.0000048
25.310  0.1944051  0.0000046
25.330  0.1944047  0.0000046
25.350  0.1944057  0.0000046
25.370  0.1944056  0.0000047
25.390  0.1944016  0.0000046
25.410  0.1944006  0.0000046
25.430  0.1944031  0.0000047
25.450  0.1944047  0.0000048
25.470  0.1944046  0.0000045
25.490  0.1944055  0.0000047
25.510  0.1944045  0.0000046
25.530  0.1944037  0.0000047
25.550  0.1944036  0.0000046
25.570  0.1944037  0.0000046
25.590  0.1944031  0.0000047
25.610  0.1944059  0.0000047
25.630  0.1944031  0.0000047
25.650  0.1944052  0.0000048
25.670  0.1944021  0.0000047
25.690  0.1944029  0.0000046
25.710  0.1944042  0.0000048
25.730  0.1944049  0.0000047
25.750  0.1944032  0.0000047
25.770  0.1944057  0.0000047
25.790  0.1944023  0.0000046
25.810  0.1944013  0.0000046
25.830  0.1943998  0.0000046
25.850  0.1944023  0.0000047
25.870  0.1944018  0.0000047
25.890  0.1944068  0.0000047
25.910  0.1944062  0.0000047
25.930  0.1944057  0.0000048
25.950  0.1944030  0.0000046
25.970  0.1944000  0.0000047
25.990  0.1944022  0.0000046
26.010  0.1943972  0.0000047
26.030  0.1944024  0.0000046
26.050  0.1943993  0.0000046
26.070  0.1944024  0.0000047
26.090  0.1943980  0.0000047
26.110  0.1943990  0.0000047
26.130  0.1943998  0.0000046
26.150  0.1944030  0.0000047
26.170  0.1944020  0.0000046
26.190  0.1944003  0.0000046
26.210  0.1944016  0.0000047
26.230  0.1944013  0.0000048
26.250  0.1944020  0.0000047
26.270  0.1944050  0.0000047
26.290  0.1944042  0.0000047
26.310  0.1944012  0.0000047
26.330  0.1944032  0.0000047
26.350  0.1944021  0.0000046
26.370  0.1944041  0.0000047
26.390  0.1944038  0.0000048
26.410  0.1944026  0.0000046
26.430  0.1944031  0.0000048
26.450  0.1944001  0.0000045
26.470  0.1944011  0.0000047
26.490  0.1944014  0.0000046
26.510  0.1944044  0.0000046
26.530  0.1943983  0.0000046
26.550  0.1943991  0.0000047
26.570  0.1944024  0.0000047
26.590  0.1944008  0.0000048
26.610  0.1944036  0.0000047
26.630  0.1943997  0.0000047
26.650  0.1944021  0.0000047
26.670  0.1944009  0.0000046
26.690  0.1944006  0.0000047
26.710  0.1943994  0.0000047
26.730  0.1944009  0.0000047
26.750  0.1943984  0.0000047
26.770  0.1944043  0.0000047
26.790  0.1943996  0.0000048
26.810  0.1943985  0.0000047
26.830  0.1943987  0.0000048
26.850  0.1943988  0.0000048
26.870  0.1943991  0.0000047
26.890  0.1943997  0.0000047
26.910  0.1944017  0.0000047
26.930  0.1943996  0.0000046
26.950  0.1944045  0.0000048
26.970  0.1944056  0.0000047
26.990  0.1943969  0.0000046
27.010  0.1944001  0.0000047
27.030  0.1944023  0.0000048
27.050  0.1944031  0.0000046
27.070  0.1943997  0.0000047
27.090  0.1944002  0.0000047
27.110  0.1944003  0.0000048
27.130  0.1943973  0.0000047
27.150  0.1944002  0.0000046
27.170  0.1944008  0.0000048
27.190  0.1944011  0.0000048
27.210  0.1944002  0.0000048
27.230  0.1943967  0.0000048
27.250  0.1943974  0.0000047
27.270  0.1944027  0.0000047
27.290  0.1944038  0.0000047
27.310  0.1943991  0.0000047
27.330  0.1944029  0.0000048
27.350  0.1944013  0.0000048
27.370  0.1944045  0.0000047
27.390  0.1944003  0.0000047
27.410  0.1944025  0.0000048
27.430  0.1944013  0.0000048
27.450  0.1944037  0.0000047
27.470  0.1944050  0.0000048
27.490  0.1944046  0.0000048
27.510  0.1944026  0.0000048
27.530  0.1944015  0.0000046
27.550  0.1944024  0.0000047
27.570  0.1944039  0.0000047
27.590  0.1944032  0.0000048
27.610  0.1944048  0.0000048
27.630  0.1944069  0.0000049
27.650  0.1944020  0.0000047
27.670  0.1944032  0.0000047
27.690  0.1943972  0.0000048
27.710  0.1944023  0.0000048
27.730  0.1944059  0.0000047
27.750  0.1944002  0.0000047
27.770  0.1944010  0.0000049
27.790  0.1943994  0.0000047
27.810  0.1944008  0.0000048
27.830  0.1944007  0.0000047
27.850  0.1943975  0.0000047
27.870  0.1943972  0.0000048
27.890  0.1944014  0.0000048
27.910  0.1943976  0.0000048
27.930  0.1944034  0.0000048
27.950  0.1944031  0.0000048
27.970  0.1943996  0.0000047
27.990  0.1943974  0.0000047
28.010  0.1943987  0.0000047
28.030  0.1943974  0.0000048
28.050  0.1943999  0.0000048
28.070  0.1944001  0.0000048
28.090  0.1944009  0.0000048
28.110  0.1943992  0.0000048
28.130  0.1944039  0.0000047
28.150  0.1944012  0.0000049
28.170  0.1944043  0.0000047
28.190  0.1944003  0.0000047
28.210  0.1944008  0.0000048
28.230  0.1944015  0.0000047
28.250  0.1944028  0.0000047
28.270  0.1944006  0.0000048
28.290  0.1944009  0.0000048
28.310  0.1944017  0.0000048
28.330  0.1944031  0.0000048
28.350  0.1944044  0.0000048
28.370  0.1944032  0.0000049
28.390  0.1943991  0.0000049
28.410  0.1944014  0.0000049
28.430  0.1944030  0.0000048
28.450  0.1944030  0.0000048
28.470  0.1944023  0.0000048
28.490  0.1944014  0.0000049
28.510  0.1944016  0.0000049
28.530  0.1943992  0.0000048
28.550  0.1944048  0.0000049
28.570  0.1944021  0.0000048
28.590  0.1944021  0.0000047
28.610  0.1944066  0.0000050
28.630  0.1944003  0.0000048
28.650  0.1943990  0.0000048
28.670  0.1943978  0.0000049
28.690  0.1944036  0.0000048
28.710  0.1944022  0.0000049
28.730  0.1944035  0.0000048
28.750  0.1944027  0.0000047
28.770  0.1944038  0.0000048
28.790  0.1944051  0.0000048
28.810  0.1943999  0.0000049
28.830  0.1943990  0.0000048
28.850  0.1943976  0.0000047
28.870  0.1943999  0.0000048
28.890  0.1944001  0.0000048
28.910  0.1943967  0.0000048
28.930  0.1943993  0.0000048
28.950  0.1943973  0.0000047
28.970  0.1943983  0.0000048
28.990  0.1943982  0.0000048
29.010  0.1943968  0.0000048
29.030  0.1943962  0.0000049
29.050  0.1943980  0.0000048
29.070  0.1943964  0.0000048
29.090  0.1944023  0.0000049
29.110  0.1943969  0.0000049
29.130  0.1943978  0.0000047
29.150  0.1943978  0.0000049
29.170  0.1944008  0.0000047
29.190  0.1943968  0.0000048
29.210  0.1943997  0.0000049
29.230  0.1943975  0.0000049
29.250  0.1943982  0.0000048
29.270  0.1943990  0.0000048
29.290  0.1943977  0.0000047
29.310  0.1943993  0.0000048
29.330  0.1944006  0.0000049
29.350  0.1943969  0.0000048
29.370  0.1943990  0.0000048
29.390  0.1943963  0.0000047
29.410  0.1943987  0.0000048
29.430  0.1944009  0.0000049
29.450  0.1944010  0.0000049
29.470  0.1944042  0.0000048
29.490  0.1944007  0.0000049
29.510  0.1944053  0.0000049
29.530  0.1944019  0.0000047
29.550  0.1944027  0.0000048
29.570  0.1944020  0.0000049
29.590  0.1943975  0.0000049
29.610  0.1943995  0.0000049
29.630  0.1944028  0.0000048
29.650  0.1943984  0.0000049
29.670  0.1943982  0.0000049
29.690  0.1944032  0.0000048
29.710  0.1944020  0.0000048
29.730  0.1944006  0.0000050
29.750  0.1943986  0.0000048
29.770  0.1944014  0.0000048
29.790  0.1943998  0.0000047
29.810  0.1943992  0.0000048
29.830  0.1944007  0.0000049
29.850  0.1943997  0.0000047
29.870  0.1943982  0.0000048
29.890  0.1943981  0.0000048
29.910  0.1944013  0.0000048
29.930  0.1944030  0.0000049
29.950  0.1944005  0.0000048
29.970  0.1944029  0.0000047
29.990  0.1944012  0.0000048
30.010  0.1943985  0.0000050
30.030  0.1943998  0.0000048
30.050  0.1943989  0.0000048
30.070  0.1943979  0.0000049
30.090  0.1943988  0.0000049
30.110  0.1943953  0.0000049
30.130  0.1943984  0.0000050
30.150  0.1943995  0.0000049
30.170  0.1944013  0.0000048
30.190  0.1943994  0.0000050
30.210  0.1944019  0.0000049
30.230  0.1943997  0.0000049
30.250  0.1944011  0.0000049
30.270  0.1944026  0.0000050
30.290  0.1944011  0.0000048
30.310  0.1943998  0.0000049
30.330  0.1944010  0.0000049
30.350  0.1944025  0.0000049
30.370  0.1944021  0.0000049
30.390  0.1943983  0.0000049
30.410  0.1943996  0.0000049
30.430  0.1943988  0.0000049
30.450  0.1943989  0.0000049
30.470  0.1943971  0.0000049
30.490  0.1944004  0.0000049
30.510  0.1943984  0.0000049
30.530  0.1943967  0.0000049
30.550  0.1944008  0.0000049
30.570  0.1943993  0.0000049
30.590  0.1944014  0.0000048
30.610  0.1943988  0.0000049
30.630  0.1944041  0.0000050
30.650  0.1943972  0.0000050
30.670  0.1943968  0.0000049
30.690  0.1944026  0.0000048
30.710  0.1944005  0.0000050
30.730  0.1944030  0.0000048
30.750  0.1944003  0.0000049
30.770  0.1944015  0.0000048
30.790  0.1944005  0.0000049
30.810  0.1943995  0.0000049
30.830  0.1944000  0.0000049
30.850  0.1943971  0.0000050
30.870  0.1943992  0.0000051
30.890  0.1943964  0.0000049
30.910  0.1943985  0.0000049
30.930  0.1944000  0.0000048
30.950  0.1943986  0.0000048
30.970  0.1943976  0.0000048
30.990  0.1943991  0.0000050
31.010  0.1944000  0.0000049
31.030  0.1943996  0.0000049
31.050  0.1943998  0.0000049
31.070  0.1943970  0.0000049
31.090  0.1943952  0.0000048
31.110  0.1943979  0.0000047
31.130  0.1943978  0.0000049
31.150  0.1943997  0.0000048
31.170  0.1944011  0.0000049
31.190  0.1944004  0.0000049
31.210  0.1944007  0.0000050
31.230  0.1943983  0.0000049
31.250  0.1944003  0.0000048
31.270  0.1944013  0.0000049
31.290  0.1943989  0.0000050
31.310  0.1943979  0.0000049
31.330  0.1943979  0.0000050
31.350  0.1944011  0.0000049
31.370  0.1944006  0.0000049
31.390  0.1944020  0.0000049
31.410  0.1944002  0.0000050
31.430  0.1944004  0.0000048
31.450  0.1944041  0.0000048
31.470  0.1943983  0.0000049
31.490  0.1944043  0.0000049
31.510  0.1944025  0.0000050
31.530  0.1944008  0.0000049
31.550  0.1944028  0.0000050
31.570  0.1944024  0.0000050
31.590  0.1944022  0.0000050
31.610  0.1944007  0.0000050
31.630  0.1944027  0.0000050
31.650  0.1944023  0.0000049
31.670  0.1944025  0.0000050
31.690  0.1944021  0.0000049
31.710  0.1944041  0.0000049
31.730  0.1944031  0.0000049
31.750  0.1943994  0.0000049
31.770  0.1944010  0.0000048
31.790  0.1943993  0.0000049
31.810  0.1944009  0.0000051
31.830  0.1943989  0.0000050
31.850  0.1944054  0.0000050
31.870  0.1944032  0.0000050
31.890  0.1944010  0.0000050
31.910  0.1944033  0.0000050
31.930  0.1944023  0.0000049
31.950  0.1943978  0.0000050
31.970  0.1944016  0.0000051
31.990  0.1944042  0.0000049
32.010  0.1944008  0.0000050
32.030  0.1943991  0.0000050
32.050  0.1944050  0.0000050
32.070  0.1944012  0.0000049
32.090  0.1944029  0.0000050
32.110  0.1943995  0.0000049
32.130  0.1944008  0.0000050
32.150  0.1944006  0.0000050
32.170  0.1943977  0.0000050
32.190  0.1943997  0.0000050
32.210  0.1944011  0.0000050
32.230  0.1944009  0.0000050
32.250  0.1944005  0.0000051
32.270  0.1943997  0.0000050
32.290  0.1943993  0.0000050
32.310  0.1944013  0.0000050
32.330  0.1944007  0.0000049
32.350  0.1943985  0.0000050
32.370  0.1944031  0.0000048
32.390  0.1944008  0.0000050
32.410  0.1944005  0.0000049
32.430  0.1944016  0.0000049
32.450  0.1943972  0.0000050
32.470  0.1943981  0.0000049
32.490  0.1944025  0.0000049
32.510  0.1944013  0.0000050
32.530  0.1944021  0.0000050
32.550  0.1944040  0.0000049
32.570  0.1944019  0.0000050
32.590  0.1944012  0.0000051
32.610  0.1944018  0.0000051
32.630  0.1944042  0.0000049
32.650  0.1944006  0.0000050
32.670  0.1944054  0.0000051
32.690  0.1944019  0.0000051
32.710  0.1944031  0.0000052
32.730  0.1944038  0.0000053
32.750  0.1944029  0.0000054
32.770  0.1944024  0.0000048
