% Density Profile of Hard Spheres at a Hard Flat Wall: rho(z), rho(z < 0.5) = 0
% Bulk density: rho (95% CI) = 0.90652744(0.00000477)
%
% rho_i is the average density in the interval [z_i-0.01, z_i+0.01]
%
%  z_i    rho_i     95% CI 
 0.510  8.7596205  0.0004787
 0.530  6.7337584  0.0003519
 0.550  5.2000954  0.0002667
 0.570  4.0351621  0.0002175
 0.590  3.1483568  0.0001856
 0.610  2.4712886  0.0001650
 0.630  1.9526136  0.0001485
 0.650  1.5542356  0.0001328
 0.670  1.2469551  0.0001231
 0.690  1.0093122  0.0001134
 0.710  0.8246219  0.0001040
 0.730  0.6806135  0.0000959
 0.750  0.5677139  0.0000877
 0.770  0.4789398  0.0000831
 0.790  0.4088105  0.0000760
 0.810  0.3532490  0.0000714
 0.830  0.3090618  0.0000687
 0.850  0.2738624  0.0000658
 0.870  0.2459019  0.0000612
 0.890  0.2236458  0.0000595
 0.910  0.2061523  0.0000574
 0.930  0.1926210  0.0000552
 0.950  0.1824398  0.0000536
 0.970  0.1752195  0.0000543
 0.990  0.1706954  0.0000534
 1.010  0.1687840  0.0000532
 1.030  0.1693500  0.0000538
 1.050  0.1724788  0.0000551
 1.070  0.1785727  0.0000564
 1.090  0.1878064  0.0000581
 1.110  0.2007466  0.0000610
 1.130  0.2182358  0.0000631
 1.150  0.2411421  0.0000673
 1.170  0.2710135  0.0000694
 1.190  0.3096947  0.0000745
 1.210  0.3595203  0.0000804
 1.230  0.4235239  0.0000869
 1.250  0.5052546  0.0000945
 1.270  0.6083560  0.0001025
 1.290  0.7373339  0.0001132
 1.310  0.8960365  0.0001238
 1.330  1.0880302  0.0001420
 1.350  1.3124545  0.0001582
 1.370  1.5604547  0.0001784
 1.390  1.8094754  0.0001965
 1.410  2.0234559  0.0002087
 1.430  2.1723230  0.0002163
 1.450  2.2432270  0.0002105
 1.470  2.2384952  0.0002001
 1.490  2.1706321  0.0001868
 1.510  2.0518022  0.0001737
 1.530  1.8901175  0.0001650
 1.550  1.7105212  0.0001555
 1.570  1.5306508  0.0001461
 1.590  1.3613094  0.0001356
 1.610  1.2072667  0.0001341
 1.630  1.0704849  0.0001257
 1.650  0.9511061  0.0001217
 1.670  0.8480168  0.0001137
 1.690  0.7598415  0.0001095
 1.710  0.6850753  0.0001036
 1.730  0.6219313  0.0000989
 1.750  0.5691224  0.0000964
 1.770  0.5251870  0.0000920
 1.790  0.4892124  0.0000890
 1.810  0.4598367  0.0000867
 1.830  0.4366290  0.0000852
 1.850  0.4187630  0.0000844
 1.870  0.4059120  0.0000830
 1.890  0.3975771  0.0000823
 1.910  0.3936476  0.0000839
 1.930  0.3939953  0.0000833
 1.950  0.3985293  0.0000834
 1.970  0.4074050  0.0000860
 1.990  0.4208355  0.0000861
 2.010  0.4389969  0.0000891
 2.030  0.4624633  0.0000923
 2.050  0.4917698  0.0000931
 2.070  0.5272794  0.0000966
 2.090  0.5696197  0.0001006
 2.110  0.6195254  0.0001047
 2.130  0.6772746  0.0001123
 2.150  0.7431209  0.0001161
 2.170  0.8171763  0.0001200
 2.190  0.8985942  0.0001276
 2.210  0.9859892  0.0001342
 2.230  1.0773967  0.0001431
 2.250  1.1691022  0.0001507
 2.270  1.2577905  0.0001593
 2.290  1.3384008  0.0001634
 2.310  1.4067340  0.0001661
 2.330  1.4587410  0.0001690
 2.350  1.4919922  0.0001674
 2.370  1.5052589  0.0001625
 2.390  1.4987770  0.0001620
 2.410  1.4740638  0.0001597
 2.430  1.4335092  0.0001514
 2.450  1.3806569  0.0001472
 2.470  1.3189786  0.0001420
 2.490  1.2516343  0.0001373
 2.510  1.1813270  0.0001328
 2.530  1.1111668  0.0001311
 2.550  1.0427108  0.0001280
 2.570  0.9777029  0.0001235
 2.590  0.9170479  0.0001225
 2.610  0.8615368  0.0001178
 2.630  0.8115946  0.0001143
 2.650  0.7670608  0.0001113
 2.670  0.7280314  0.0001086
 2.690  0.6942509  0.0001062
 2.710  0.6657640  0.0001043
 2.730  0.6420968  0.0001038
 2.750  0.6229157  0.0001023
 2.770  0.6082959  0.0000997
 2.790  0.5977970  0.0000976
 2.810  0.5914703  0.0001001
 2.830  0.5891173  0.0000982
 2.850  0.5906238  0.0000985
 2.870  0.5960102  0.0000995
 2.890  0.6052799  0.0001009
 2.910  0.6184250  0.0001012
 2.930  0.6354351  0.0001022
 2.950  0.6563738  0.0001034
 2.970  0.6812565  0.0001069
 2.990  0.7099956  0.0001102
 3.010  0.7424883  0.0001135
 3.030  0.7786479  0.0001143
 3.050  0.8178506  0.0001182
 3.070  0.8597389  0.0001215
 3.090  0.9037078  0.0001235
 3.110  0.9486115  0.0001284
 3.130  0.9934350  0.0001328
 3.150  1.0370699  0.0001380
 3.170  1.0779942  0.0001394
 3.190  1.1148868  0.0001406
 3.210  1.1466957  0.0001414
 3.230  1.1720927  0.0001426
 3.250  1.1903717  0.0001439
 3.270  1.2011736  0.0001422
 3.290  1.2040822  0.0001418
 3.310  1.1995056  0.0001408
 3.330  1.1879785  0.0001393
 3.350  1.1701388  0.0001366
 3.370  1.1469960  0.0001348
 3.390  1.1195238  0.0001299
 3.410  1.0888847  0.0001321
 3.430  1.0561742  0.0001281
 3.450  1.0222799  0.0001251
 3.470  0.9881125  0.0001232
 3.490  0.9545111  0.0001206
 3.510  0.9220510  0.0001210
 3.530  0.8912639  0.0001181
 3.550  0.8624036  0.0001158
 3.570  0.8360516  0.0001153
 3.590  0.8121028  0.0001128
 3.610  0.7910340  0.0001104
 3.630  0.7726901  0.0001129
 3.650  0.7572122  0.0001096
 3.670  0.7448035  0.0001094
 3.690  0.7351192  0.0001092
 3.710  0.7283861  0.0001059
 3.730  0.7245085  0.0001072
 3.750  0.7233418  0.0001075
 3.770  0.7249586  0.0001084
 3.790  0.7292176  0.0001072
 3.810  0.7361767  0.0001079
 3.830  0.7456541  0.0001089
 3.850  0.7575805  0.0001101
 3.870  0.7718496  0.0001102
 3.890  0.7883838  0.0001121
 3.910  0.8068782  0.0001155
 3.930  0.8270332  0.0001136
 3.950  0.8487396  0.0001160
 3.970  0.8714734  0.0001182
 3.990  0.8948647  0.0001200
 4.010  0.9185296  0.0001220
 4.030  0.9418553  0.0001236
 4.050  0.9643510  0.0001259
 4.070  0.9855206  0.0001269
 4.090  1.0048779  0.0001288
 4.110  1.0218647  0.0001295
 4.130  1.0359810  0.0001303
 4.150  1.0470253  0.0001317
 4.170  1.0547240  0.0001309
 4.190  1.0590613  0.0001332
 4.210  1.0597955  0.0001314
 4.230  1.0572116  0.0001292
 4.250  1.0514205  0.0001277
 4.270  1.0428186  0.0001277
 4.290  1.0314747  0.0001272
 4.310  1.0182165  0.0001247
 4.330  1.0031451  0.0001244
 4.350  0.9867894  0.0001237
 4.370  0.9696827  0.0001213
 4.390  0.9520547  0.0001213
 4.410  0.9344167  0.0001186
 4.430  0.9169741  0.0001178
 4.450  0.9002389  0.0001178
 4.470  0.8842956  0.0001175
 4.490  0.8695527  0.0001179
 4.510  0.8559537  0.0001157
 4.530  0.8437894  0.0001138
 4.550  0.8330704  0.0001147
 4.570  0.8240155  0.0001134
 4.590  0.8165832  0.0001124
 4.610  0.8109486  0.0001127
 4.630  0.8070883  0.0001108
 4.650  0.8049393  0.0001126
 4.670  0.8044189  0.0001107
 4.690  0.8056573  0.0001110
 4.710  0.8086428  0.0001119
 4.730  0.8131445  0.0001125
 4.750  0.8191709  0.0001131
 4.770  0.8265312  0.0001131
 4.790  0.8352214  0.0001133
 4.810  0.8449620  0.0001132
 4.830  0.8557727  0.0001162
 4.850  0.8673680  0.0001165
 4.870  0.8794890  0.0001157
 4.890  0.8920652  0.0001188
 4.910  0.9046254  0.0001207
 4.930  0.9172310  0.0001199
 4.950  0.9292717  0.0001218
 4.970  0.9407685  0.0001201
 4.990  0.9513877  0.0001228
 5.010  0.9609610  0.0001219
 5.030  0.9691387  0.0001262
 5.050  0.9759593  0.0001250
 5.070  0.9811510  0.0001241
 5.090  0.9847606  0.0001241
 5.110  0.9866338  0.0001219
 5.130  0.9867977  0.0001219
 5.150  0.9853101  0.0001214
 5.170  0.9823836  0.0001217
 5.190  0.9778914  0.0001193
 5.210  0.9722629  0.0001220
 5.230  0.9653532  0.0001203
 5.250  0.9575986  0.0001185
 5.270  0.9493303  0.0001177
 5.290  0.9403177  0.0001188
 5.310  0.9310770  0.0001165
 5.330  0.9218184  0.0001174
 5.350  0.9125728  0.0001163
 5.370  0.9034017  0.0001175
 5.390  0.8947610  0.0001154
 5.410  0.8866583  0.0001166
 5.430  0.8790682  0.0001162
 5.450  0.8722709  0.0001154
 5.470  0.8664006  0.0001164
 5.490  0.8614123  0.0001149
 5.510  0.8572208  0.0001116
 5.530  0.8540932  0.0001162
 5.550  0.8519514  0.0001147
 5.570  0.8508026  0.0001146
 5.590  0.8507904  0.0001166
 5.610  0.8516349  0.0001137
 5.630  0.8533661  0.0001149
 5.650  0.8561221  0.0001134
 5.670  0.8596009  0.0001133
 5.690  0.8639318  0.0001143
 5.710  0.8689031  0.0001143
 5.730  0.8744396  0.0001129
 5.750  0.8805414  0.0001165
 5.770  0.8869322  0.0001195
 5.790  0.8935708  0.0001182
 5.810  0.9004270  0.0001175
 5.830  0.9070785  0.0001174
 5.850  0.9136108  0.0001170
 5.870  0.9200773  0.0001180
 5.890  0.9259619  0.0001188
 5.910  0.9314668  0.0001206
 5.930  0.9363037  0.0001197
 5.950  0.9403677  0.0001180
 5.970  0.9437662  0.0001203
 5.990  0.9463953  0.0001198
 6.010  0.9480524  0.0001211
 6.030  0.9490519  0.0001194
 6.050  0.9488774  0.0001188
 6.070  0.9481275  0.0001202
 6.090  0.9465024  0.0001198
 6.110  0.9441461  0.0001206
 6.130  0.9412649  0.0001187
 6.150  0.9376705  0.0001173
 6.170  0.9335209  0.0001189
 6.190  0.9292391  0.0001176
 6.210  0.9244730  0.0001168
 6.230  0.9195338  0.0001177
 6.250  0.9145608  0.0001169
 6.270  0.9095917  0.0001174
 6.290  0.9048547  0.0001153
 6.310  0.9001029  0.0001168
 6.330  0.8956907  0.0001155
 6.350  0.8916101  0.0001140
 6.370  0.8879344  0.0001153
 6.390  0.8847341  0.0001137
 6.410  0.8819575  0.0001144
 6.430  0.8796788  0.0001134
 6.450  0.8780053  0.0001148
 6.470  0.8768897  0.0001164
 6.490  0.8763430  0.0001157
 6.510  0.8762637  0.0001151
 6.530  0.8768700  0.0001164
 6.550  0.8779367  0.0001145
 6.570  0.8794495  0.0001150
 6.590  0.8814567  0.0001152
 6.610  0.8837930  0.0001145
 6.630  0.8866627  0.0001153
 6.650  0.8896887  0.0001152
 6.670  0.8930913  0.0001163
 6.690  0.8966115  0.0001170
 6.710  0.9001781  0.0001152
 6.730  0.9038056  0.0001184
 6.750  0.9073821  0.0001147
 6.770  0.9109204  0.0001158
 6.790  0.9142150  0.0001178
 6.810  0.9173336  0.0001167
 6.830  0.9202349  0.0001180
 6.850  0.9227322  0.0001182
 6.870  0.9248880  0.0001172
 6.890  0.9265869  0.0001197
 6.910  0.9277922  0.0001169
 6.930  0.9287940  0.0001178
 6.950  0.9291630  0.0001172
 6.970  0.9290911  0.0001179
 6.990  0.9286187  0.0001169
 7.010  0.9276791  0.0001166
 7.030  0.9264794  0.0001179
 7.050  0.9249328  0.0001172
 7.070  0.9230664  0.0001170
 7.090  0.9208889  0.0001169
 7.110  0.9184648  0.0001159
 7.130  0.9160068  0.0001166
 7.150  0.9133637  0.0001158
 7.170  0.9107524  0.0001151
 7.190  0.9080962  0.0001160
 7.210  0.9054390  0.0001178
 7.230  0.9028836  0.0001166
 7.250  0.9004592  0.0001187
 7.270  0.8983489  0.0001174
 7.290  0.8964139  0.0001161
 7.310  0.8946413  0.0001167
 7.330  0.8932146  0.0001169
 7.350  0.8919339  0.0001140
 7.370  0.8910137  0.0001154
 7.390  0.8905089  0.0001143
 7.410  0.8902697  0.0001155
 7.430  0.8902062  0.0001145
 7.450  0.8905619  0.0001149
 7.470  0.8911913  0.0001149
 7.490  0.8921015  0.0001160
 7.510  0.8932071  0.0001160
 7.530  0.8945871  0.0001146
 7.550  0.8961010  0.0001162
 7.570  0.8976997  0.0001163
 7.590  0.8995188  0.0001164
 7.610  0.9013677  0.0001165
 7.630  0.9033681  0.0001175
 7.650  0.9052378  0.0001153
 7.670  0.9071771  0.0001184
 7.690  0.9091819  0.0001188
 7.710  0.9108776  0.0001175
 7.730  0.9125176  0.0001194
 7.750  0.9140130  0.0001176
 7.770  0.9153943  0.0001170
 7.790  0.9165119  0.0001195
 7.810  0.9173540  0.0001179
 7.830  0.9180198  0.0001167
 7.850  0.9184306  0.0001192
 7.870  0.9185770  0.0001176
 7.890  0.9185939  0.0001176
 7.910  0.9183029  0.0001174
 7.930  0.9178631  0.0001155
 7.950  0.9171482  0.0001187
 7.970  0.9162764  0.0001166
 7.990  0.9151935  0.0001167
 8.010  0.9141431  0.0001176
 8.030  0.9129614  0.0001180
 8.050  0.9115323  0.0001165
 8.070  0.9100979  0.0001169
 8.090  0.9086412  0.0001179
 8.110  0.9073268  0.0001167
 8.130  0.9058725  0.0001186
 8.150  0.9045008  0.0001167
 8.170  0.9031348  0.0001154
 8.190  0.9020403  0.0001169
 8.210  0.9009504  0.0001155
 8.230  0.9000243  0.0001139
 8.250  0.8991812  0.0001161
 8.270  0.8986337  0.0001145
 8.290  0.8982234  0.0001148
 8.310  0.8978758  0.0001152
 8.330  0.8977711  0.0001156
 8.350  0.8977367  0.0001161
 8.370  0.8978856  0.0001157
 8.390  0.8982645  0.0001149
 8.410  0.8988307  0.0001155
 8.430  0.8994395  0.0001152
 8.450  0.9002241  0.0001175
 8.470  0.9009976  0.0001167
 8.490  0.9018704  0.0001169
 8.510  0.9028577  0.0001160
 8.530  0.9039422  0.0001156
 8.550  0.9049950  0.0001167
 8.570  0.9060133  0.0001162
 8.590  0.9070379  0.0001174
 8.610  0.9081170  0.0001165
 8.630  0.9090157  0.0001191
 8.650  0.9098277  0.0001181
 8.670  0.9106651  0.0001163
 8.690  0.9114097  0.0001184
 8.710  0.9119227  0.0001167
 8.730  0.9123825  0.0001168
 8.750  0.9128067  0.0001171
 8.770  0.9129546  0.0001159
 8.790  0.9130405  0.0001170
 8.810  0.9130123  0.0001152
 8.830  0.9128559  0.0001175
 8.850  0.9126434  0.0001170
 8.870  0.9121152  0.0001161
 8.890  0.9117396  0.0001186
 8.910  0.9111390  0.0001160
 8.930  0.9104947  0.0001164
 8.950  0.9098306  0.0001167
 8.970  0.9091300  0.0001171
 8.990  0.9082987  0.0001156
 9.010  0.9076058  0.0001179
 9.030  0.9068143  0.0001185
 9.050  0.9060732  0.0001151
 9.070  0.9054157  0.0001153
 9.090  0.9046739  0.0001176
 9.110  0.9040318  0.0001174
 9.130  0.9034994  0.0001159
 9.150  0.9030260  0.0001167
 9.170  0.9025463  0.0001165
 9.190  0.9022471  0.0001157
 9.210  0.9020025  0.0001142
 9.230  0.9018561  0.0001153
 9.250  0.9017824  0.0001161
 9.270  0.9017538  0.0001158
 9.290  0.9018608  0.0001156
 9.310  0.9021075  0.0001163
 9.330  0.9024193  0.0001198
 9.350  0.9027374  0.0001160
 9.370  0.9031661  0.0001164
 9.390  0.9035605  0.0001176
 9.410  0.9040646  0.0001156
 9.430  0.9045961  0.0001152
 9.450  0.9052110  0.0001156
 9.470  0.9057094  0.0001173
 9.490  0.9062892  0.0001166
 9.510  0.9068718  0.0001172
 9.530  0.9073434  0.0001176
 9.550  0.9078168  0.0001176
 9.570  0.9083925  0.0001164
 9.590  0.9087166  0.0001167
 9.610  0.9091159  0.0001182
 9.630  0.9093852  0.0001179
 9.650  0.9096680  0.0001173
 9.670  0.9099052  0.0001164
 9.690  0.9099349  0.0001167
 9.710  0.9100072  0.0001146
 9.730  0.9099916  0.0001144
 9.750  0.9099169  0.0001193
 9.770  0.9098415  0.0001151
 9.790  0.9095962  0.0001152
 9.810  0.9094063  0.0001173
 9.830  0.9090751  0.0001164
 9.850  0.9087973  0.0001153
 9.870  0.9083234  0.0001186
 9.890  0.9079664  0.0001191
 9.910  0.9075840  0.0001178
 9.930  0.9071915  0.0001183
 9.950  0.9066602  0.0001158
 9.970  0.9062990  0.0001174
 9.990  0.9058388  0.0001177
10.010  0.9054703  0.0001159
10.030  0.9051710  0.0001175
10.050  0.9048118  0.0001184
10.070  0.9045854  0.0001166
10.090  0.9043375  0.0001168
10.110  0.9041389  0.0001163
10.130  0.9040618  0.0001167
10.150  0.9039733  0.0001152
10.170  0.9038973  0.0001153
10.190  0.9039510  0.0001159
10.210  0.9040535  0.0001154
10.230  0.9041453  0.0001174
10.250  0.9042894  0.0001150
10.270  0.9044984  0.0001169
10.290  0.9046618  0.0001154
10.310  0.9049613  0.0001166
10.330  0.9051575  0.0001191
10.350  0.9055024  0.0001158
10.370  0.9058028  0.0001177
10.390  0.9060237  0.0001167
10.410  0.9064565  0.0001164
10.430  0.9067247  0.0001172
10.450  0.9069010  0.0001168
10.470  0.9072775  0.0001182
10.490  0.9075242  0.0001165
10.510  0.9077239  0.0001143
10.530  0.9079351  0.0001159
10.550  0.9081117  0.0001175
10.570  0.9082556  0.0001176
10.590  0.9084004  0.0001162
10.610  0.9084546  0.0001153
10.630  0.9084117  0.0001152
10.650  0.9084349  0.0001134
10.670  0.9084097  0.0001165
10.690  0.9083422  0.0001171
10.710  0.9082859  0.0001156
10.730  0.9080780  0.0001189
10.750  0.9080287  0.0001175
10.770  0.9077391  0.0001186
10.790  0.9074747  0.0001170
10.810  0.9073042  0.0001160
10.830  0.9070396  0.0001167
10.850  0.9068088  0.0001162
10.870  0.9066041  0.0001180
10.890  0.9063793  0.0001177
10.910  0.9060957  0.0001171
10.930  0.9059264  0.0001171
10.950  0.9056829  0.0001167
10.970  0.9056175  0.0001165
10.990  0.9055040  0.0001158
11.010  0.9053527  0.0001171
11.030  0.9052501  0.0001153
11.050  0.9051118  0.0001140
11.070  0.9051057  0.0001181
11.090  0.9051039  0.0001169
11.110  0.9051617  0.0001161
11.130  0.9051326  0.0001158
11.150  0.9051648  0.0001153
11.170  0.9054517  0.0001164
11.190  0.9054184  0.0001153
11.210  0.9054888  0.0001163
11.230  0.9057066  0.0001171
11.250  0.9057536  0.0001153
11.270  0.9059222  0.0001158
11.290  0.9061558  0.0001172
11.310  0.9063179  0.0001173
11.330  0.9064987  0.0001170
11.350  0.9066563  0.0001171
11.370  0.9067318  0.0001172
11.390  0.9069309  0.0001161
11.410  0.9070174  0.0001169
11.430  0.9072882  0.0001183
11.450  0.9072425  0.0001180
11.470  0.9072734  0.0001149
11.490  0.9074581  0.0001161
11.510  0.9074941  0.0001163
11.530  0.9075233  0.0001163
11.550  0.9075306  0.0001158
11.570  0.9075520  0.0001174
11.590  0.9075245  0.0001178
11.610  0.9075455  0.0001164
11.630  0.9073556  0.0001158
11.650  0.9073947  0.0001175
11.670  0.9073090  0.0001153
11.690  0.9072071  0.0001171
11.710  0.9070831  0.0001167
11.730  0.9070056  0.0001169
11.750  0.9068618  0.0001166
11.770  0.9067107  0.0001163
11.790  0.9066248  0.0001155
11.810  0.9064586  0.0001159
11.830  0.9063233  0.0001168
11.850  0.9062481  0.0001156
11.870  0.9061131  0.0001160
11.890  0.9060353  0.0001153
11.910  0.9059624  0.0001161
11.930  0.9058561  0.0001148
11.950  0.9057471  0.0001157
11.970  0.9056967  0.0001150
11.990  0.9056526  0.0001184
12.010  0.9056975  0.0001170
12.030  0.9057102  0.0001161
12.050  0.9057268  0.0001164
12.070  0.9058117  0.0001157
12.090  0.9058066  0.0001172
12.110  0.9059064  0.0001155
12.130  0.9059199  0.0001172
12.150  0.9060569  0.0001166
12.170  0.9061280  0.0001164
12.190  0.9062843  0.0001164
12.210  0.9063243  0.0001163
12.230  0.9063927  0.0001160
12.250  0.9065005  0.0001150
12.270  0.9066302  0.0001145
12.290  0.9066680  0.0001162
12.310  0.9067624  0.0001159
12.330  0.9068793  0.0001163
12.350  0.9068949  0.0001145
12.370  0.9069546  0.0001148
12.390  0.9069552  0.0001167
12.410  0.9070796  0.0001142
12.430  0.9070411  0.0001169
12.450  0.9071043  0.0001170
12.470  0.9070783  0.0001154
12.490  0.9070712  0.0001154
12.510  0.9070516  0.0001151
12.530  0.9071273  0.0001158
12.550  0.9070343  0.0001163
12.570  0.9069598  0.0001177
12.590  0.9069006  0.0001145
12.610  0.9068422  0.0001157
12.630  0.9068806  0.0001167
12.650  0.9068887  0.0001142
12.670  0.9067396  0.0001141
12.690  0.9066050  0.0001156
12.710  0.9066496  0.0001157
12.730  0.9065329  0.0001165
12.750  0.9064672  0.0001145
12.770  0.9064418  0.0001149
12.790  0.9063080  0.0001170
12.810  0.9063357  0.0001154
12.830  0.9062305  0.0001164
12.850  0.9062486  0.0001156
12.870  0.9061222  0.0001170
12.890  0.9060871  0.0001161
12.910  0.9061289  0.0001158
12.930  0.9061578  0.0001147
12.950  0.9060730  0.0001176
12.970  0.9060713  0.0001160
12.990  0.9060685  0.0001139
13.010  0.9061124  0.0001182
13.030  0.9061909  0.0001184
13.050  0.9062299  0.0001145
13.070  0.9061824  0.0001175
13.090  0.9062000  0.0001159
13.110  0.9062427  0.0001159
13.130  0.9062792  0.0001160
13.150  0.9064139  0.0001171
13.170  0.9064995  0.0001163
13.190  0.9064609  0.0001160
13.210  0.9065973  0.0001157
13.230  0.9066192  0.0001158
13.250  0.9066723  0.0001140
13.270  0.9067386  0.0001132
13.290  0.9068052  0.0001143
13.310  0.9069208  0.0001164
13.330  0.9069286  0.0001176
13.350  0.9069055  0.0001177
13.370  0.9068466  0.0001179
13.390  0.9069044  0.0001162
13.410  0.9068650  0.0001163
13.430  0.9067796  0.0001153
13.450  0.9068337  0.0001166
13.470  0.9067615  0.0001160
13.490  0.9067093  0.0001139
13.510  0.9067118  0.0001161
13.530  0.9067314  0.0001155
13.550  0.9065784  0.0001168
13.570  0.9066519  0.0001150
13.590  0.9066875  0.0001149
13.610  0.9065818  0.0001185
13.630  0.9065162  0.0001155
13.650  0.9065499  0.0001163
13.670  0.9064454  0.0001163
13.690  0.9064154  0.0001171
13.710  0.9064554  0.0001168
13.730  0.9064526  0.0001167
13.750  0.9063925  0.0001172
13.770  0.9063281  0.0001173
13.790  0.9064623  0.0001156
13.810  0.9063002  0.0001177
13.830  0.9062793  0.0001181
13.850  0.9062471  0.0001176
13.870  0.9063272  0.0001176
13.890  0.9063342  0.0001154
13.910  0.9062662  0.0001165
13.930  0.9063666  0.0001181
13.950  0.9063391  0.0001180
13.970  0.9063129  0.0001183
13.990  0.9064057  0.0001157
14.010  0.9063314  0.0001174
14.030  0.9064777  0.0001153
14.050  0.9064788  0.0001136
14.070  0.9064591  0.0001136
14.090  0.9064871  0.0001164
14.110  0.9064592  0.0001168
14.130  0.9065529  0.0001158
14.150  0.9066003  0.0001155
14.170  0.9065397  0.0001165
14.190  0.9066050  0.0001175
14.210  0.9067210  0.0001165
14.230  0.9066566  0.0001179
14.250  0.9066979  0.0001165
14.270  0.9065904  0.0001162
14.290  0.9066868  0.0001149
14.310  0.9066379  0.0001161
14.330  0.9066653  0.0001172
14.350  0.9067165  0.0001135
14.370  0.9066639  0.0001149
14.390  0.9066853  0.0001159
14.410  0.9066247  0.0001157
14.430  0.9068022  0.0001144
14.450  0.9067288  0.0001169
14.470  0.9066168  0.0001164
14.490  0.9066957  0.0001158
14.510  0.9066159  0.0001160
14.530  0.9065193  0.0001169
14.550  0.9065028  0.0001157
14.570  0.9066003  0.0001169
14.590  0.9064677  0.0001158
14.610  0.9065600  0.0001153
14.630  0.9065034  0.0001155
14.650  0.9064209  0.0001160
14.670  0.9064167  0.0001160
14.690  0.9064232  0.0001146
14.710  0.9063740  0.0001143
14.730  0.9064381  0.0001154
14.750  0.9064581  0.0001174
14.770  0.9064845  0.0001155
14.790  0.9063816  0.0001155
14.810  0.9063465  0.0001165
14.830  0.9063737  0.0001161
14.850  0.9064284  0.0001154
14.870  0.9064576  0.0001148
14.890  0.9063903  0.0001147
14.910  0.9064104  0.0001158
14.930  0.9063746  0.0001161
14.950  0.9064459  0.0001175
14.970  0.9064991  0.0001160
14.990  0.9064504  0.0001165
15.010  0.9065144  0.0001176
15.030  0.9065163  0.0001178
15.050  0.9065181  0.0001159
15.070  0.9065275  0.0001172
15.090  0.9065334  0.0001174
15.110  0.9066539  0.0001161
15.130  0.9065759  0.0001170
15.150  0.9065534  0.0001149
15.170  0.9065825  0.0001136
15.190  0.9066238  0.0001166
15.210  0.9066040  0.0001157
15.230  0.9065604  0.0001160
15.250  0.9065808  0.0001165
15.270  0.9066245  0.0001145
15.290  0.9066614  0.0001151
15.310  0.9066371  0.0001162
15.330  0.9065093  0.0001181
15.350  0.9065793  0.0001154
15.370  0.9065759  0.0001151
15.390  0.9067254  0.0001151
15.410  0.9066197  0.0001162
15.430  0.9066365  0.0001168
15.450  0.9065923  0.0001168
15.470  0.9065916  0.0001168
15.490  0.9065238  0.0001171
15.510  0.9066379  0.0001155
15.530  0.9065124  0.0001157
15.550  0.9066066  0.0001170
15.570  0.9065365  0.0001165
15.590  0.9065901  0.0001165
15.610  0.9065483  0.0001165
15.630  0.9065009  0.0001161
15.650  0.9064080  0.0001177
15.670  0.9064804  0.0001157
15.690  0.9064769  0.0001173
15.710  0.9064296  0.0001172
15.730  0.9063967  0.0001177
15.750  0.9064669  0.0001166
15.770  0.9064143  0.0001164
15.790  0.9064180  0.0001153
15.810  0.9064203  0.0001166
15.830  0.9064323  0.0001170
15.850  0.9063584  0.0001145
15.870  0.9064399  0.0001151
15.890  0.9064428  0.0001170
15.910  0.9065136  0.0001173
15.930  0.9064956  0.0001160
15.950  0.9064806  0.0001160
15.970  0.9065165  0.0001153
15.990  0.9065079  0.0001168
16.010  0.9064431  0.0001161
16.030  0.9065781  0.0001152
16.050  0.9066000  0.0001170
16.070  0.9065309  0.0001162
16.090  0.9065624  0.0001168
16.110  0.9066145  0.0001157
16.130  0.9066982  0.0001170
16.150  0.9066915  0.0001153
16.170  0.9066592  0.0001152
16.190  0.9065672  0.0001162
16.210  0.9065521  0.0001139
16.230  0.9065589  0.0001171
16.250  0.9065564  0.0001155
16.270  0.9065968  0.0001167
16.290  0.9065689  0.0001161
16.310  0.9065861  0.0001172
16.330  0.9065612  0.0001185
16.350  0.9065797  0.0001170
16.370  0.9065232  0.0001145
16.390  0.9065419  0.0001163
16.410  0.9064989  0.0001164
16.430  0.9065054  0.0001171
16.450  0.9064813  0.0001175
16.470  0.9064713  0.0001154
16.490  0.9065669  0.0001162
16.510  0.9064887  0.0001173
16.530  0.9065173  0.0001172
16.550  0.9065116  0.0001152
16.570  0.9064927  0.0001147
16.590  0.9064519  0.0001140
16.610  0.9065212  0.0001156
16.630  0.9065072  0.0001172
16.650  0.9065407  0.0001153
16.670  0.9064772  0.0001146
16.690  0.9065322  0.0001136
16.710  0.9064502  0.0001178
16.730  0.9064746  0.0001153
16.750  0.9065638  0.0001163
16.770  0.9064893  0.0001140
16.790  0.9065210  0.0001158
16.810  0.9065313  0.0001132
16.830  0.9065581  0.0001166
16.850  0.9064969  0.0001175
16.870  0.9065960  0.0001173
16.890  0.9064421  0.0001156
16.910  0.9065830  0.0001153
16.930  0.9065018  0.0001157
16.950  0.9064360  0.0001169
16.970  0.9064012  0.0001156
16.990  0.9064120  0.0001154
17.010  0.9065499  0.0001179
17.030  0.9065015  0.0001157
17.050  0.9065114  0.0001155
17.070  0.9065852  0.0001164
17.090  0.9065601  0.0001155
17.110  0.9064718  0.0001164
17.130  0.9065906  0.0001150
17.150  0.9065775  0.0001147
17.170  0.9065637  0.0001148
17.190  0.9066294  0.0001156
17.210  0.9065695  0.0001148
17.230  0.9065998  0.0001151
17.250  0.9066637  0.0001141
17.270  0.9066235  0.0001159
17.290  0.9065434  0.0001135
17.310  0.9066383  0.0001148
17.330  0.9065524  0.0001149
17.350  0.9066282  0.0001161
17.370  0.9065675  0.0001164
17.390  0.9065034  0.0001170
17.410  0.9066077  0.0001155
17.430  0.9064926  0.0001165
17.450  0.9065624  0.0001145
17.470  0.9065719  0.0001151
17.490  0.9065576  0.0001158
17.510  0.9064009  0.0001156
17.530  0.9064641  0.0001146
17.550  0.9063986  0.0001184
17.570  0.9064239  0.0001165
17.590  0.9064912  0.0001166
17.610  0.9065121  0.0001158
17.630  0.9064731  0.0001161
17.650  0.9064807  0.0001162
17.670  0.9065280  0.0001157
17.690  0.9064033  0.0001154
17.710  0.9065378  0.0001155
17.730  0.9065346  0.0001168
17.750  0.9064608  0.0001159
17.770  0.9064996  0.0001181
17.790  0.9064974  0.0001151
17.810  0.9064772  0.0001149
17.830  0.9064268  0.0001150
17.850  0.9065193  0.0001167
17.870  0.9065317  0.0001176
17.890  0.9065076  0.0001158
17.910  0.9064853  0.0001168
17.930  0.9065694  0.0001148
17.950  0.9065117  0.0001149
17.970  0.9065863  0.0001145
17.990  0.9065532  0.0001159
18.010  0.9064893  0.0001146
18.030  0.9066264  0.0001177
18.050  0.9066149  0.0001161
18.070  0.9065067  0.0001149
18.090  0.9065389  0.0001146
18.110  0.9065580  0.0001153
18.130  0.9065843  0.0001159
18.150  0.9065885  0.0001150
18.170  0.9065421  0.0001153
18.190  0.9065203  0.0001148
18.210  0.9065547  0.0001152
18.230  0.9066036  0.0001126
18.250  0.9065324  0.0001165
18.270  0.9064757  0.0001156
18.290  0.9064958  0.0001163
18.310  0.9064966  0.0001146
18.330  0.9065203  0.0001154
18.350  0.9065665  0.0001148
18.370  0.9065083  0.0001157
18.390  0.9064480  0.0001171
18.410  0.9064711  0.0001152
18.430  0.9064378  0.0001161
18.450  0.9064884  0.0001172
18.470  0.9064712  0.0001166
18.490  0.9064634  0.0001164
18.510  0.9065286  0.0001119
18.530  0.9065414  0.0001160
18.550  0.9065030  0.0001137
18.570  0.9065006  0.0001146
18.590  0.9065747  0.0001146
18.610  0.9065617  0.0001169
18.630  0.9065209  0.0001140
18.650  0.9066329  0.0001143
18.670  0.9065114  0.0001152
18.690  0.9065613  0.0001155
18.710  0.9065354  0.0001151
18.730  0.9064711  0.0001142
18.750  0.9065157  0.0001142
18.770  0.9065373  0.0001150
18.790  0.9065135  0.0001143
18.810  0.9065217  0.0001151
18.830  0.9065221  0.0001156
18.850  0.9065018  0.0001169
18.870  0.9065416  0.0001161
18.890  0.9065654  0.0001147
18.910  0.9064814  0.0001143
18.930  0.9065896  0.0001153
18.950  0.9065444  0.0001156
18.970  0.9065015  0.0001143
18.990  0.9065354  0.0001144
19.010  0.9065892  0.0001164
19.030  0.9065124  0.0001160
19.050  0.9065866  0.0001148
19.070  0.9065350  0.0001140
19.090  0.9065456  0.0001150
19.110  0.9065635  0.0001136
19.130  0.9065285  0.0001166
19.150  0.9064820  0.0001170
19.170  0.9065960  0.0001155
19.190  0.9064723  0.0001161
19.210  0.9065748  0.0001153
19.230  0.9065431  0.0001164
19.250  0.9066265  0.0001153
19.270  0.9065206  0.0001156
19.290  0.9064985  0.0001147
19.310  0.9065052  0.0001173
19.330  0.9064172  0.0001155
19.350  0.9064733  0.0001167
19.370  0.9064180  0.0001163
19.390  0.9064250  0.0001151
19.410  0.9064494  0.0001165
19.430  0.9064495  0.0001137
19.450  0.9064477  0.0001133
19.470  0.9064290  0.0001150
19.490  0.9065776  0.0001162
19.510  0.9065123  0.0001154
19.530  0.9064812  0.0001154
19.550  0.9065311  0.0001142
19.570  0.9064957  0.0001179
19.590  0.9065099  0.0001160
19.610  0.9066079  0.0001152
19.630  0.9066257  0.0001158
19.650  0.9066402  0.0001136
19.670  0.9065480  0.0001158
19.690  0.9065458  0.0001158
19.710  0.9065638  0.0001177
19.730  0.9065346  0.0001150
19.750  0.9065439  0.0001166
19.770  0.9064990  0.0001151
19.790  0.9064570  0.0001170
19.810  0.9065341  0.0001178
19.830  0.9064994  0.0001162
19.850  0.9064955  0.0001172
19.870  0.9064689  0.0001152
19.890  0.9065251  0.0001167
19.910  0.9065630  0.0001189
19.930  0.9065264  0.0001170
19.950  0.9065963  0.0001162
19.970  0.9066091  0.0001164
19.990  0.9065553  0.0001149
20.010  0.9064998  0.0001143
20.030  0.9065005  0.0001145
20.050  0.9065392  0.0001154
20.070  0.9065179  0.0001133
20.090  0.9065593  0.0001165
20.110  0.9065846  0.0001148
20.130  0.9065315  0.0001150
20.150  0.9064370  0.0001161
20.170  0.9065482  0.0001158
20.190  0.9065339  0.0001166
20.210  0.9064966  0.0001159
20.230  0.9064684  0.0001161
20.250  0.9063440  0.0001161
20.270  0.9064718  0.0001174
20.290  0.9065532  0.0001163
20.310  0.9064694  0.0001158
20.330  0.9064918  0.0001149
20.350  0.9064492  0.0001149
20.370  0.9065494  0.0001166
20.390  0.9065339  0.0001187
20.410  0.9065451  0.0001180
20.430  0.9065456  0.0001177
20.450  0.9065138  0.0001169
20.470  0.9064575  0.0001175
20.490  0.9065470  0.0001144
20.510  0.9064962  0.0001162
20.530  0.9064745  0.0001156
20.550  0.9065057  0.0001152
20.570  0.9065299  0.0001155
20.590  0.9065584  0.0001142
20.610  0.9064899  0.0001190
20.630  0.9065931  0.0001176
20.650  0.9066305  0.0001161
20.670  0.9065098  0.0001171
20.690  0.9065768  0.0001158
20.710  0.9065888  0.0001150
20.730  0.9065429  0.0001163
20.750  0.9065481  0.0001167
20.770  0.9065646  0.0001167
20.790  0.9066454  0.0001147
20.810  0.9065177  0.0001149
20.830  0.9064774  0.0001155
20.850  0.9065105  0.0001174
20.870  0.9064174  0.0001161
20.890  0.9065194  0.0001159
20.910  0.9065484  0.0001164
20.930  0.9065418  0.0001162
20.950  0.9065074  0.0001174
20.970  0.9065692  0.0001173
20.990  0.9065284  0.0001163
21.010  0.9065559  0.0001169
21.030  0.9065545  0.0001154
21.050  0.9065135  0.0001166
21.070  0.9065336  0.0001153
21.090  0.9064938  0.0001148
21.110  0.9065793  0.0001168
21.130  0.9066099  0.0001168
21.150  0.9064886  0.0001168
21.170  0.9065175  0.0001166
21.190  0.9065258  0.0001181
21.210  0.9065127  0.0001160
21.230  0.9066547  0.0001178
21.250  0.9065517  0.0001159
21.270  0.9065107  0.0001158
21.290  0.9065061  0.0001162
21.310  0.9065426  0.0001172
21.330  0.9065389  0.0001170
21.350  0.9065851  0.0001162
21.370  0.9064632  0.0001150
21.390  0.9064874  0.0001164
21.410  0.9064794  0.0001165
21.430  0.9064156  0.0001159
21.450  0.9064821  0.0001147
21.470  0.9064608  0.0001156
21.490  0.9065167  0.0001148
21.510  0.9064348  0.0001145
21.530  0.9064740  0.0001158
21.550  0.9064271  0.0001154
21.570  0.9065974  0.0001166
21.590  0.9064109  0.0001176
21.610  0.9065235  0.0001153
21.630  0.9065810  0.0001163
21.650  0.9065299  0.0001154
21.670  0.9065605  0.0001166
21.690  0.9064956  0.0001157
21.710  0.9064944  0.0001167
21.730  0.9066337  0.0001168
21.750  0.9064871  0.0001172
21.770  0.9065202  0.0001179
21.790  0.9065335  0.0001160
21.810  0.9065778  0.0001168
21.830  0.9065045  0.0001157
21.850  0.9065627  0.0001156
21.870  0.9065152  0.0001170
21.890  0.9065693  0.0001163
21.910  0.9065341  0.0001128
21.930  0.9065946  0.0001137
21.950  0.9065608  0.0001160
21.970  0.9065628  0.0001163
21.990  0.9065114  0.0001162
22.010  0.9065236  0.0001164
22.030  0.9064319  0.0001150
22.050  0.9064343  0.0001146
22.070  0.9065303  0.0001157
22.090  0.9065491  0.0001167
22.110  0.9065421  0.0001150
22.130  0.9064887  0.0001173
22.150  0.9064905  0.0001150
22.170  0.9064817  0.0001168
22.190  0.9065754  0.0001140
22.210  0.9066261  0.0001171
22.230  0.9065833  0.0001169
22.250  0.9065875  0.0001160
22.270  0.9066078  0.0001152
22.290  0.9065512  0.0001161
22.310  0.9065283  0.0001148
22.330  0.9065041  0.0001163
22.350  0.9065071  0.0001144
22.370  0.9065566  0.0001155
22.390  0.9064676  0.0001178
22.410  0.9065793  0.0001162
22.430  0.9065087  0.0001156
22.450  0.9064354  0.0001187
22.470  0.9065266  0.0001166
22.490  0.9065445  0.0001171
22.510  0.9065101  0.0001165
22.530  0.9065001  0.0001181
22.550  0.9064976  0.0001166
22.570  0.9064569  0.0001158
22.590  0.9064781  0.0001164
22.610  0.9064509  0.0001167
22.630  0.9064724  0.0001180
22.650  0.9064728  0.0001149
22.670  0.9064919  0.0001153
22.690  0.9065507  0.0001151
22.710  0.9064504  0.0001163
22.730  0.9066099  0.0001161
22.750  0.9066329  0.0001162
22.770  0.9065738  0.0001164
22.790  0.9065130  0.0001177
22.810  0.9065279  0.0001162
22.830  0.9066258  0.0001169
22.850  0.9065836  0.0001136
22.870  0.9066069  0.0001157
22.890  0.9066271  0.0001148
22.910  0.9065382  0.0001162
22.930  0.9065557  0.0001162
22.950  0.9065877  0.0001165
22.970  0.9065453  0.0001160
22.990  0.9064758  0.0001144
23.010  0.9064254  0.0001170
23.030  0.9065034  0.0001166
23.050  0.9065515  0.0001162
23.070  0.9064235  0.0001149
23.090  0.9064402  0.0001153
23.110  0.9065091  0.0001178
23.130  0.9065497  0.0001147
23.150  0.9065443  0.0001149
23.170  0.9064390  0.0001146
23.190  0.9064838  0.0001145
23.210  0.9065001  0.0001147
23.230  0.9064388  0.0001174
23.250  0.9064658  0.0001137
23.270  0.9065499  0.0001177
23.290  0.9064996  0.0001163
23.310  0.9065317  0.0001161
23.330  0.9065001  0.0001162
23.350  0.9064754  0.0001147
23.370  0.9065687  0.0001147
23.390  0.9065652  0.0001157
23.410  0.9065792  0.0001159
23.430  0.9064422  0.0001165
23.450  0.9065270  0.0001158
23.470  0.9065467  0.0001154
23.490  0.9065430  0.0001160
23.510  0.9065135  0.0001171
23.530  0.9066047  0.0001158
23.550  0.9066359  0.0001144
23.570  0.9066172  0.0001163
23.590  0.9065945  0.0001161
23.610  0.9065116  0.0001147
23.630  0.9066051  0.0001149
23.650  0.9065725  0.0001165
23.670  0.9065875  0.0001162
23.690  0.9065108  0.0001154
23.710  0.9065670  0.0001145
23.730  0.9065814  0.0001129
23.750  0.9065242  0.0001147
23.770  0.9066258  0.0001151
23.790  0.9065592  0.0001135
23.810  0.9065399  0.0001160
23.830  0.9065498  0.0001175
23.850  0.9064122  0.0001150
23.870  0.9065162  0.0001171
23.890  0.9065038  0.0001158
23.910  0.9064293  0.0001166
23.930  0.9064792  0.0001147
23.950  0.9064097  0.0001160
23.970  0.9065058  0.0001177
23.990  0.9064657  0.0001142
24.010  0.9064632  0.0001153
24.030  0.9064382  0.0001126
24.050  0.9065060  0.0001170
24.070  0.9065283  0.0001167
24.090  0.9064414  0.0001155
24.110  0.9064671  0.0001164
24.130  0.9064499  0.0001156
24.150  0.9065550  0.0001161
24.170  0.9065713  0.0001147
24.190  0.9064758  0.0001161
24.210  0.9065813  0.0001149
24.230  0.9065531  0.0001136
24.250  0.9065262  0.0001165
24.270  0.9064685  0.0001161
24.290  0.9065160  0.0001151
24.310  0.9065000  0.0001171
24.330  0.9065271  0.0001175
24.350  0.9065285  0.0001168
24.370  0.9065796  0.0001173
24.390  0.9064498  0.0001165
24.410  0.9066218  0.0001185
24.430  0.9065553  0.0001163
24.450  0.9065559  0.0001154
24.470  0.9065654  0.0001144
24.490  0.9066399  0.0001156
24.510  0.9066051  0.0001154
24.530  0.9066130  0.0001149
24.550  0.9066169  0.0001151
24.570  0.9065804  0.0001156
24.590  0.9065950  0.0001161
24.610  0.9065740  0.0001139
24.630  0.9065825  0.0001153
24.650  0.9066048  0.0001157
24.670  0.9066145  0.0001183
24.690  0.9065593  0.0001154
24.710  0.9066208  0.0001182
24.730  0.9065538  0.0001174
24.750  0.9064920  0.0001189
24.770  0.9063762  0.0001168
24.790  0.9064990  0.0001171
24.810  0.9064233  0.0001171
24.830  0.9064933  0.0001171
24.850  0.9065262  0.0001165
24.870  0.9064695  0.0001154
24.890  0.9064384  0.0001155
24.910  0.9063877  0.0001158
24.930  0.9065030  0.0001141
24.950  0.9064807  0.0001147
24.970  0.9064682  0.0001154
24.990  0.9065049  0.0001162
25.010  0.9065046  0.0001144
25.030  0.9065503  0.0001137
25.050  0.9066026  0.0001161
25.070  0.9064882  0.0001178
25.090  0.9064089  0.0001166
25.110  0.9065463  0.0001167
25.130  0.9064590  0.0001173
25.150  0.9064997  0.0001150
25.170  0.9064693  0.0001162
25.190  0.9065087  0.0001145
25.210  0.9065056  0.0001165
25.230  0.9064853  0.0001142
25.250  0.9064881  0.0001157
25.270  0.9065190  0.0001162
25.290  0.9065557  0.0001163
25.310  0.9065544  0.0001179
25.330  0.9066115  0.0001147
25.350  0.9066131  0.0001174
25.370  0.9065107  0.0001175
25.390  0.9065897  0.0001183
25.410  0.9065286  0.0001159
25.430  0.9064639  0.0001167
25.450  0.9065080  0.0001171
25.470  0.9065951  0.0001174
25.490  0.9066471  0.0001140
25.510  0.9066042  0.0001152
25.530  0.9065976  0.0001150
25.550  0.9066052  0.0001185
25.570  0.9064654  0.0001154
25.590  0.9065752  0.0001176
25.610  0.9065830  0.0001168
25.630  0.9065238  0.0001163
25.650  0.9064822  0.0001152
25.670  0.9065566  0.0001155
25.690  0.9065081  0.0001187
25.710  0.9064425  0.0001165
25.730  0.9066032  0.0001168
25.750  0.9064767  0.0001162
25.770  0.9064565  0.0001172
25.790  0.9064428  0.0001159
25.810  0.9064657  0.0001160
25.830  0.9065733  0.0001152
25.850  0.9066105  0.0001172
25.870  0.9064732  0.0001170
25.890  0.9064293  0.0001160
25.910  0.9065024  0.0001145
25.930  0.9064333  0.0001149
25.950  0.9064535  0.0001165
25.970  0.9063955  0.0001143
25.990  0.9065378  0.0001154
26.010  0.9064830  0.0001156
26.030  0.9064999  0.0001151
26.050  0.9065115  0.0001152
26.070  0.9065639  0.0001163
26.090  0.9066565  0.0001162
26.110  0.9064871  0.0001175
26.130  0.9065638  0.0001153
26.150  0.9065223  0.0001147
26.170  0.9065132  0.0001163
26.190  0.9064668  0.0001173
26.210  0.9065282  0.0001148
26.230  0.9065176  0.0001166
26.250  0.9065030  0.0001142
26.270  0.9064712  0.0001159
26.290  0.9066107  0.0001148
26.310  0.9065513  0.0001153
26.330  0.9065556  0.0001166
26.350  0.9066745  0.0001160
26.370  0.9065651  0.0001169
26.390  0.9065648  0.0001140
26.410  0.9066567  0.0001157
26.430  0.9065657  0.0001151
26.450  0.9065110  0.0001174
26.470  0.9065327  0.0001158
26.490  0.9064861  0.0001166
26.510  0.9064873  0.0001157
26.530  0.9065039  0.0001173
26.550  0.9064892  0.0001159
26.570  0.9064478  0.0001166
26.590  0.9064438  0.0001172
26.610  0.9065139  0.0001171
26.630  0.9065164  0.0001166
26.650  0.9065143  0.0001164
26.670  0.9063966  0.0001159
26.690  0.9065271  0.0001171
26.710  0.9065387  0.0001166
26.730  0.9065797  0.0001140
26.750  0.9066164  0.0001148
26.770  0.9065517  0.0001162
26.790  0.9064823  0.0001152
26.810  0.9065599  0.0001180
26.830  0.9065464  0.0001179
26.850  0.9064676  0.0001160
26.870  0.9065937  0.0001146
26.890  0.9066157  0.0001173
26.910  0.9065509  0.0001149
26.930  0.9064713  0.0001163
26.950  0.9065983  0.0001163
26.970  0.9065579  0.0001153
26.990  0.9064883  0.0001156
27.010  0.9065204  0.0001163
27.030  0.9065183  0.0001153
27.050  0.9064723  0.0001156
27.070  0.9065325  0.0001165
27.090  0.9065152  0.0001163
27.110  0.9065511  0.0001156
27.130  0.9064757  0.0001166
27.150  0.9065635  0.0001157
27.170  0.9065438  0.0001172
27.190  0.9065662  0.0001147
27.210  0.9066124  0.0001166
27.230  0.9065855  0.0001145
27.250  0.9066055  0.0001164
27.270  0.9065121  0.0001165
27.290  0.9066490  0.0001146
27.310  0.9066108  0.0001137
27.330  0.9065198  0.0001170
27.350  0.9065701  0.0001137
27.370  0.9065968  0.0001164
27.390  0.9064690  0.0001159
27.410  0.9064809  0.0001149
27.430  0.9064239  0.0001170
27.450  0.9064958  0.0001158
27.470  0.9065713  0.0001164
27.490  0.9065312  0.0001179
27.510  0.9064721  0.0001154
27.530  0.9065378  0.0001163
27.550  0.9065512  0.0001166
27.570  0.9065451  0.0001148
27.590  0.9064860  0.0001164
27.610  0.9065183  0.0001177
27.630  0.9065724  0.0001161
27.650  0.9065006  0.0001153
27.670  0.9065150  0.0001159
27.690  0.9065995  0.0001166
27.710  0.9065713  0.0001147
27.730  0.9064459  0.0001159
27.750  0.9065151  0.0001155
27.770  0.9065807  0.0001150
27.790  0.9066175  0.0001170
27.810  0.9064966  0.0001174
27.830  0.9064848  0.0001155
27.850  0.9064391  0.0001164
27.870  0.9065478  0.0001190
27.890  0.9065649  0.0001185
27.910  0.9065053  0.0001149
27.930  0.9065968  0.0001178
27.950  0.9063680  0.0001177
27.970  0.9064828  0.0001164
27.990  0.9064110  0.0001158
28.010  0.9064836  0.0001161
28.030  0.9065564  0.0001165
28.050  0.9065267  0.0001169
28.070  0.9065574  0.0001156
28.090  0.9065072  0.0001166
28.110  0.9064947  0.0001156
28.130  0.9065963  0.0001173
28.150  0.9065489  0.0001174
28.170  0.9065300  0.0001184
28.190  0.9066026  0.0001174
28.210  0.9066175  0.0001150
28.230  0.9065890  0.0001187
28.250  0.9065607  0.0001178
28.270  0.9065850  0.0001171
28.290  0.9066017  0.0001166
28.310  0.9066099  0.0001158
28.330  0.9065595  0.0001158
28.350  0.9065498  0.0001159
28.370  0.9064447  0.0001162
28.390  0.9065216  0.0001154
28.410  0.9065389  0.0001149
28.430  0.9064655  0.0001156
28.450  0.9064838  0.0001179
28.470  0.9065404  0.0001176
28.490  0.9065723  0.0001172
28.510  0.9065864  0.0001157
28.530  0.9065839  0.0001167
28.550  0.9066319  0.0001176
28.570  0.9064719  0.0001158
28.590  0.9065192  0.0001179
28.610  0.9065580  0.0001145
28.630  0.9065022  0.0001166
28.650  0.9065694  0.0001174
28.670  0.9064421  0.0001174
28.690  0.9064756  0.0001170
28.710  0.9065111  0.0001164
28.730  0.9065797  0.0001142
28.750  0.9065521  0.0001176
28.770  0.9065050  0.0001167
28.790  0.9064450  0.0001154
28.810  0.9065168  0.0001175
28.830  0.9064946  0.0001161
28.850  0.9064605  0.0001186
28.870  0.9065187  0.0001152
28.890  0.9065101  0.0001179
28.910  0.9065018  0.0001158
28.930  0.9066399  0.0001166
28.950  0.9065587  0.0001164
28.970  0.9065392  0.0001139
28.990  0.9064742  0.0001160
29.010  0.9064482  0.0001153
29.030  0.9064680  0.0001166
29.050  0.9066076  0.0001161
29.070  0.9064912  0.0001168
29.090  0.9064854  0.0001149
29.110  0.9064890  0.0001170
29.130  0.9065371  0.0001155
29.150  0.9065475  0.0001161
29.170  0.9064990  0.0001163
29.190  0.9064614  0.0001183
29.210  0.9065764  0.0001173
29.230  0.9065652  0.0001185
29.250  0.9065493  0.0001177
29.270  0.9065211  0.0001173
29.290  0.9066436  0.0001158
29.310  0.9065757  0.0001182
29.330  0.9065967  0.0001162
29.350  0.9064837  0.0001146
29.370  0.9066021  0.0001168
29.390  0.9065137  0.0001145
29.410  0.9065838  0.0001173
29.430  0.9065981  0.0001146
29.450  0.9065665  0.0001166
29.470  0.9065821  0.0001163
29.490  0.9065652  0.0001171
29.510  0.9066064  0.0001148
29.530  0.9065615  0.0001180
29.550  0.9065240  0.0001183
29.570  0.9065362  0.0001182
29.590  0.9065535  0.0001146
29.610  0.9064843  0.0001168
29.630  0.9065471  0.0001182
29.650  0.9064780  0.0001179
29.670  0.9065338  0.0001163
29.690  0.9063940  0.0001172
29.710  0.9063715  0.0001162
29.730  0.9064495  0.0001176
29.750  0.9064782  0.0001157
29.770  0.9065107  0.0001151
29.790  0.9064487  0.0001153
29.810  0.9064949  0.0001146
29.830  0.9065509  0.0001150
29.850  0.9065396  0.0001152
29.870  0.9065155  0.0001158
29.890  0.9065113  0.0001163
29.910  0.9064843  0.0001157
29.930  0.9064895  0.0001176
29.950  0.9064363  0.0001168
29.970  0.9064607  0.0001148
29.990  0.9065034  0.0001187
30.010  0.9065204  0.0001187
30.030  0.9064979  0.0001184
30.050  0.9065677  0.0001168
30.070  0.9065763  0.0001156
30.090  0.9066074  0.0001167
30.110  0.9065042  0.0001160
30.130  0.9065369  0.0001171
30.150  0.9065380  0.0001145
30.170  0.9065230  0.0001145
30.190  0.9065995  0.0001156
30.210  0.9065912  0.0001145
30.230  0.9066466  0.0001162
30.250  0.9065736  0.0001129
30.270  0.9065264  0.0001132
30.290  0.9065463  0.0001139
30.310  0.9065167  0.0001145
30.330  0.9065338  0.0001144
30.350  0.9065582  0.0001150
30.370  0.9065902  0.0001169
30.390  0.9065036  0.0001152
30.410  0.9065026  0.0001174
30.430  0.9064960  0.0001186
30.450  0.9065496  0.0001161
30.470  0.9065293  0.0001161
30.490  0.9064924  0.0001169
30.510  0.9065025  0.0001186
30.530  0.9064956  0.0001182
30.550  0.9065644  0.0001174
30.570  0.9064890  0.0001172
30.590  0.9065151  0.0001181
30.610  0.9065170  0.0001169
30.630  0.9064636  0.0001175
30.650  0.9065186  0.0001152
30.670  0.9064720  0.0001142
30.690  0.9065621  0.0001135
30.710  0.9064436  0.0001140
30.730  0.9064746  0.0001128
30.750  0.9064945  0.0001141
30.770  0.9065069  0.0001155
30.790  0.9065196  0.0001136
30.810  0.9065113  0.0001142
30.830  0.9065723  0.0001151
30.850  0.9065750  0.0001159
30.870  0.9065977  0.0001166
30.890  0.9065723  0.0001178
30.910  0.9066030  0.0001197
30.930  0.9065058  0.0001191
30.950  0.9066524  0.0001190
30.970  0.9065937  0.0001196
30.990  0.9064856  0.0001201
31.010  0.9065778  0.0001182
31.030  0.9065263  0.0001183
31.050  0.9066598  0.0001194
31.070  0.9065505  0.0001180
31.090  0.9066659  0.0001169
31.110  0.9065673  0.0001152
31.130  0.9065346  0.0001125
31.150  0.9065030  0.0001141
31.170  0.9064902  0.0001143
31.190  0.9064920  0.0001112
31.210  0.9064463  0.0001110
31.230  0.9064925  0.0001134
31.250  0.9064895  0.0001145
31.270  0.9065531  0.0001141
31.290  0.9065129  0.0001148
31.310  0.9065259  0.0001163
31.330  0.9065423  0.0001195
31.350  0.9064318  0.0001195
31.370  0.9064908  0.0001229
31.390  0.9066216  0.0001199
31.410  0.9065635  0.0001210
31.430  0.9065023  0.0001222
31.450  0.9065512  0.0001199
31.470  0.9064890  0.0001220
31.490  0.9064924  0.0001215
31.510  0.9064317  0.0001190
31.530  0.9064754  0.0001176
31.550  0.9064762  0.0001175
31.570  0.9064895  0.0001133
31.590  0.9065399  0.0001119
31.610  0.9065234  0.0001121
31.630  0.9064999  0.0001106
31.650  0.9065252  0.0001091
31.670  0.9064969  0.0001105
31.690  0.9066003  0.0001096
31.710  0.9065480  0.0001098
31.730  0.9065793  0.0001128
31.750  0.9065083  0.0001139
31.770  0.9065461  0.0001162
31.790  0.9065678  0.0001180
31.810  0.9065970  0.0001205
31.830  0.9065703  0.0001231
31.850  0.9066485  0.0001226
31.870  0.9066646  0.0001255
31.890  0.9064983  0.0001251
31.910  0.9066189  0.0001248
31.930  0.9065416  0.0001230
31.950  0.9066226  0.0001218
31.970  0.9066436  0.0001202
31.990  0.9065357  0.0001195
32.010  0.9065729  0.0001144
32.030  0.9065310  0.0001124
32.050  0.9066000  0.0001129
32.070  0.9064573  0.0001088
32.090  0.9065124  0.0001075
32.110  0.9064275  0.0001046
32.130  0.9064071  0.0001044
32.150  0.9064551  0.0001068
32.170  0.9065239  0.0001074
32.190  0.9065702  0.0001082
32.210  0.9065126  0.0001128
32.230  0.9064475  0.0001162
32.250  0.9065088  0.0001186
32.270  0.9065685  0.0001215
32.290  0.9065309  0.0001252
32.310  0.9065547  0.0001289
32.330  0.9065861  0.0001281
32.350  0.9065981  0.0001284
32.370  0.9064677  0.0001272
32.390  0.9065666  0.0001253
32.410  0.9064671  0.0001217
32.430  0.9064043  0.0001180
32.450  0.9065144  0.0001172
32.470  0.9065102  0.0001137
32.490  0.9064328  0.0001122
32.510  0.9064073  0.0001098
32.530  0.9064222  0.0001059
32.550  0.9065380  0.0001046
32.570  0.9064476  0.0001047
32.590  0.9065768  0.0001039
32.610  0.9065108  0.0001033
32.630  0.9066600  0.0001062
32.650  0.9065694  0.0001049
32.670  0.9066608  0.0001093
32.690  0.9066104  0.0001125
32.710  0.9065645  0.0001167
32.730  0.9064915  0.0001224
32.750  0.9065098  0.0001282
32.770  0.9065738  0.0001175
