% Density Profile of Hard Spheres at a Hard Flat Wall: rho(z), rho(z < 0.5) = 0
% Bulk density: rho (95% CI) = 0.38667410(0.00000088)
%
% rho_i is the average density in the interval [z_i-0.01, z_i+0.01]
%
%  z_i    rho_i     95% CI 
 0.510  0.9220041  0.0000301
 0.530  0.8819810  0.0000280
 0.550  0.8439935  0.0000260
 0.570  0.8079628  0.0000245
 0.590  0.7738412  0.0000229
 0.610  0.7415276  0.0000216
 0.630  0.7109611  0.0000202
 0.650  0.6820666  0.0000192
 0.670  0.6547704  0.0000184
 0.690  0.6290100  0.0000175
 0.710  0.6047003  0.0000167
 0.730  0.5818042  0.0000159
 0.750  0.5602129  0.0000155
 0.770  0.5399291  0.0000150
 0.790  0.5208434  0.0000144
 0.810  0.5029307  0.0000138
 0.830  0.4861068  0.0000137
 0.850  0.4703571  0.0000132
 0.870  0.4556214  0.0000129
 0.890  0.4418526  0.0000124
 0.910  0.4290141  0.0000121
 0.930  0.4170710  0.0000120
 0.950  0.4059795  0.0000117
 0.970  0.3957064  0.0000115
 0.990  0.3862190  0.0000113
 1.010  0.3775047  0.0000113
 1.030  0.3695065  0.0000110
 1.050  0.3622474  0.0000110
 1.070  0.3556591  0.0000108
 1.090  0.3497623  0.0000108
 1.110  0.3445111  0.0000107
 1.130  0.3399084  0.0000106
 1.150  0.3359383  0.0000104
 1.170  0.3326057  0.0000105
 1.190  0.3298861  0.0000104
 1.210  0.3277820  0.0000105
 1.230  0.3263145  0.0000105
 1.250  0.3254478  0.0000103
 1.270  0.3252243  0.0000103
 1.290  0.3256283  0.0000104
 1.310  0.3266714  0.0000105
 1.330  0.3283726  0.0000105
 1.350  0.3307401  0.0000106
 1.370  0.3337960  0.0000104
 1.390  0.3375372  0.0000107
 1.410  0.3419919  0.0000109
 1.430  0.3471405  0.0000110
 1.450  0.3529588  0.0000112
 1.470  0.3594645  0.0000115
 1.490  0.3666090  0.0000119
 1.510  0.3741087  0.0000119
 1.530  0.3808971  0.0000120
 1.550  0.3867457  0.0000122
 1.570  0.3917618  0.0000124
 1.590  0.3959825  0.0000125
 1.610  0.3994937  0.0000127
 1.630  0.4023412  0.0000128
 1.650  0.4045999  0.0000126
 1.670  0.4063181  0.0000128
 1.690  0.4075395  0.0000125
 1.710  0.4083520  0.0000125
 1.730  0.4087531  0.0000126
 1.750  0.4088225  0.0000124
 1.770  0.4085997  0.0000125
 1.790  0.4081013  0.0000124
 1.810  0.4073651  0.0000125
 1.830  0.4064526  0.0000124
 1.850  0.4053803  0.0000124
 1.870  0.4041773  0.0000124
 1.890  0.4028551  0.0000125
 1.910  0.4014617  0.0000122
 1.930  0.4000143  0.0000122
 1.950  0.3985220  0.0000120
 1.970  0.3970069  0.0000121
 1.990  0.3954954  0.0000121
 2.010  0.3939970  0.0000120
 2.030  0.3925324  0.0000118
 2.050  0.3911086  0.0000119
 2.070  0.3897223  0.0000118
 2.090  0.3884191  0.0000117
 2.110  0.3871935  0.0000118
 2.130  0.3860429  0.0000118
 2.150  0.3849667  0.0000118
 2.170  0.3840058  0.0000116
 2.190  0.3831425  0.0000116
 2.210  0.3823744  0.0000116
 2.230  0.3817067  0.0000116
 2.250  0.3811644  0.0000114
 2.270  0.3807209  0.0000115
 2.290  0.3803950  0.0000116
 2.310  0.3801673  0.0000115
 2.330  0.3800360  0.0000114
 2.350  0.3800231  0.0000117
 2.370  0.3800983  0.0000115
 2.390  0.3802784  0.0000114
 2.410  0.3805228  0.0000115
 2.430  0.3808400  0.0000117
 2.450  0.3812413  0.0000117
 2.470  0.3816821  0.0000117
 2.490  0.3821807  0.0000118
 2.510  0.3826913  0.0000118
 2.530  0.3832241  0.0000118
 2.550  0.3837721  0.0000119
 2.570  0.3843218  0.0000117
 2.590  0.3848392  0.0000119
 2.610  0.3853469  0.0000118
 2.630  0.3858368  0.0000118
 2.650  0.3862781  0.0000118
 2.670  0.3866821  0.0000117
 2.690  0.3870720  0.0000118
 2.710  0.3874132  0.0000120
 2.730  0.3877116  0.0000117
 2.750  0.3879722  0.0000119
 2.770  0.3881817  0.0000119
 2.790  0.3883592  0.0000120
 2.810  0.3885033  0.0000118
 2.830  0.3886157  0.0000118
 2.850  0.3886826  0.0000120
 2.870  0.3887187  0.0000119
 2.890  0.3887250  0.0000120
 2.910  0.3886991  0.0000116
 2.930  0.3886522  0.0000119
 2.950  0.3885825  0.0000120
 2.970  0.3884861  0.0000117
 2.990  0.3883868  0.0000118
 3.010  0.3882577  0.0000118
 3.030  0.3881301  0.0000117
 3.050  0.3879944  0.0000117
 3.070  0.3878482  0.0000117
 3.090  0.3876972  0.0000119
 3.110  0.3875406  0.0000116
 3.130  0.3873845  0.0000119
 3.150  0.3872310  0.0000116
 3.170  0.3870935  0.0000117
 3.190  0.3869369  0.0000118
 3.210  0.3868068  0.0000119
 3.230  0.3866857  0.0000119
 3.250  0.3865777  0.0000119
 3.270  0.3864620  0.0000118
 3.290  0.3863648  0.0000115
 3.310  0.3862914  0.0000118
 3.330  0.3862211  0.0000118
 3.350  0.3861582  0.0000114
 3.370  0.3861034  0.0000117
 3.390  0.3860768  0.0000118
 3.410  0.3860506  0.0000118
 3.430  0.3860346  0.0000119
 3.450  0.3860338  0.0000118
 3.470  0.3860442  0.0000116
 3.490  0.3860482  0.0000117
 3.510  0.3860805  0.0000116
 3.530  0.3861027  0.0000117
 3.550  0.3861429  0.0000116
 3.570  0.3861903  0.0000120
 3.590  0.3862246  0.0000117
 3.610  0.3862711  0.0000118
 3.630  0.3863201  0.0000118
 3.650  0.3863772  0.0000117
 3.670  0.3864192  0.0000117
 3.690  0.3864603  0.0000118
 3.710  0.3865135  0.0000117
 3.730  0.3865648  0.0000117
 3.750  0.3866014  0.0000117
 3.770  0.3866463  0.0000116
 3.790  0.3866774  0.0000117
 3.810  0.3867197  0.0000117
 3.830  0.3867491  0.0000117
 3.850  0.3867742  0.0000117
 3.870  0.3867998  0.0000117
 3.890  0.3868221  0.0000117
 3.910  0.3868411  0.0000118
 3.930  0.3868453  0.0000119
 3.950  0.3868631  0.0000118
 3.970  0.3868711  0.0000117
 3.990  0.3868652  0.0000118
 4.010  0.3868764  0.0000118
 4.030  0.3868787  0.0000118
 4.050  0.3868735  0.0000117
 4.070  0.3868582  0.0000117
 4.090  0.3868575  0.0000116
 4.110  0.3868456  0.0000117
 4.130  0.3868352  0.0000115
 4.150  0.3868167  0.0000117
 4.170  0.3867991  0.0000117
 4.190  0.3867811  0.0000116
 4.210  0.3867709  0.0000118
 4.230  0.3867573  0.0000115
 4.250  0.3867373  0.0000115
 4.270  0.3867182  0.0000117
 4.290  0.3867071  0.0000117
 4.310  0.3866929  0.0000117
 4.330  0.3866877  0.0000117
 4.350  0.3866768  0.0000114
 4.370  0.3866620  0.0000116
 4.390  0.3866511  0.0000116
 4.410  0.3866406  0.0000118
 4.430  0.3866358  0.0000117
 4.450  0.3866327  0.0000116
 4.470  0.3866273  0.0000118
 4.490  0.3866167  0.0000117
 4.510  0.3866223  0.0000117
 4.530  0.3866197  0.0000116
 4.550  0.3866122  0.0000117
 4.570  0.3866118  0.0000118
 4.590  0.3866096  0.0000116
 4.610  0.3866154  0.0000118
 4.630  0.3866241  0.0000116
 4.650  0.3866180  0.0000115
 4.670  0.3866235  0.0000116
 4.690  0.3866284  0.0000117
 4.710  0.3866317  0.0000115
 4.730  0.3866336  0.0000116
 4.750  0.3866397  0.0000117
 4.770  0.3866489  0.0000117
 4.790  0.3866483  0.0000117
 4.810  0.3866553  0.0000115
 4.830  0.3866555  0.0000115
 4.850  0.3866596  0.0000117
 4.870  0.3866693  0.0000117
 4.890  0.3866791  0.0000116
 4.910  0.3866817  0.0000117
 4.930  0.3866772  0.0000117
 4.950  0.3866881  0.0000114
 4.970  0.3866933  0.0000117
 4.990  0.3866943  0.0000116
 5.010  0.3866905  0.0000117
 5.030  0.3866958  0.0000114
 5.050  0.3866978  0.0000117
 5.070  0.3867012  0.0000116
 5.090  0.3867035  0.0000116
 5.110  0.3867015  0.0000117
 5.130  0.3866957  0.0000115
 5.150  0.3867009  0.0000118
 5.170  0.3866992  0.0000114
 5.190  0.3866944  0.0000117
 5.210  0.3866946  0.0000115
 5.230  0.3866947  0.0000115
 5.250  0.3866995  0.0000115
 5.270  0.3866976  0.0000117
 5.290  0.3866932  0.0000115
 5.310  0.3866917  0.0000116
 5.330  0.3866841  0.0000114
 5.350  0.3866838  0.0000116
 5.370  0.3866845  0.0000118
 5.390  0.3866837  0.0000116
 5.410  0.3866822  0.0000116
 5.430  0.3866833  0.0000118
 5.450  0.3866703  0.0000117
 5.470  0.3866731  0.0000115
 5.490  0.3866654  0.0000116
 5.510  0.3866638  0.0000118
 5.530  0.3866705  0.0000115
 5.550  0.3866764  0.0000115
 5.570  0.3866635  0.0000116
 5.590  0.3866748  0.0000116
 5.610  0.3866726  0.0000116
 5.630  0.3866654  0.0000117
 5.650  0.3866632  0.0000115
 5.670  0.3866644  0.0000117
 5.690  0.3866592  0.0000117
 5.710  0.3866687  0.0000115
 5.730  0.3866683  0.0000115
 5.750  0.3866724  0.0000115
 5.770  0.3866732  0.0000116
 5.790  0.3866750  0.0000116
 5.810  0.3866708  0.0000115
 5.830  0.3866773  0.0000115
 5.850  0.3866743  0.0000116
 5.870  0.3866707  0.0000115
 5.890  0.3866800  0.0000116
 5.910  0.3866715  0.0000116
 5.930  0.3866755  0.0000115
 5.950  0.3866804  0.0000117
 5.970  0.3866745  0.0000117
 5.990  0.3866734  0.0000115
 6.010  0.3866719  0.0000116
 6.030  0.3866779  0.0000116
 6.050  0.3866630  0.0000116
 6.070  0.3866715  0.0000115
 6.090  0.3866765  0.0000117
 6.110  0.3866738  0.0000117
 6.130  0.3866710  0.0000117
 6.150  0.3866844  0.0000118
 6.170  0.3866672  0.0000114
 6.190  0.3866764  0.0000116
 6.210  0.3866806  0.0000116
 6.230  0.3866687  0.0000116
 6.250  0.3866791  0.0000117
 6.270  0.3866690  0.0000117
 6.290  0.3866751  0.0000116
 6.310  0.3866783  0.0000116
 6.330  0.3866831  0.0000116
 6.350  0.3866740  0.0000116
 6.370  0.3866803  0.0000115
 6.390  0.3866625  0.0000114
 6.410  0.3866698  0.0000117
 6.430  0.3866786  0.0000117
 6.450  0.3866791  0.0000116
 6.470  0.3866803  0.0000115
 6.490  0.3866711  0.0000116
 6.510  0.3866785  0.0000115
 6.530  0.3866724  0.0000114
 6.550  0.3866801  0.0000117
 6.570  0.3866788  0.0000117
 6.590  0.3866782  0.0000115
 6.610  0.3866715  0.0000117
 6.630  0.3866666  0.0000115
 6.650  0.3866671  0.0000117
 6.670  0.3866711  0.0000118
 6.690  0.3866783  0.0000113
 6.710  0.3866759  0.0000115
 6.730  0.3866765  0.0000117
 6.750  0.3866739  0.0000115
 6.770  0.3866781  0.0000116
 6.790  0.3866629  0.0000115
 6.810  0.3866715  0.0000116
 6.830  0.3866745  0.0000116
 6.850  0.3866727  0.0000115
 6.870  0.3866785  0.0000115
 6.890  0.3866859  0.0000113
 6.910  0.3866748  0.0000116
 6.930  0.3866794  0.0000115
 6.950  0.3866771  0.0000115
 6.970  0.3866747  0.0000115
 6.990  0.3866810  0.0000115
 7.010  0.3866817  0.0000115
 7.030  0.3866740  0.0000116
 7.050  0.3866714  0.0000114
 7.070  0.3866705  0.0000115
 7.090  0.3866733  0.0000112
 7.110  0.3866704  0.0000116
 7.130  0.3866756  0.0000115
 7.150  0.3866824  0.0000114
 7.170  0.3866804  0.0000115
 7.190  0.3866676  0.0000116
 7.210  0.3866733  0.0000115
 7.230  0.3866771  0.0000114
 7.250  0.3866767  0.0000116
 7.270  0.3866692  0.0000115
 7.290  0.3866709  0.0000114
 7.310  0.3866683  0.0000118
 7.330  0.3866692  0.0000116
 7.350  0.3866758  0.0000116
 7.370  0.3866787  0.0000117
 7.390  0.3866694  0.0000116
 7.410  0.3866735  0.0000115
 7.430  0.3866692  0.0000113
 7.450  0.3866793  0.0000114
 7.470  0.3866710  0.0000115
 7.490  0.3866705  0.0000115
 7.510  0.3866758  0.0000115
 7.530  0.3866719  0.0000115
 7.550  0.3866710  0.0000118
 7.570  0.3866824  0.0000116
 7.590  0.3866677  0.0000113
 7.610  0.3866716  0.0000114
 7.630  0.3866814  0.0000116
 7.650  0.3866725  0.0000116
 7.670  0.3866771  0.0000115
 7.690  0.3866839  0.0000115
 7.710  0.3866702  0.0000114
 7.730  0.3866761  0.0000116
 7.750  0.3866824  0.0000116
 7.770  0.3866831  0.0000114
 7.790  0.3866826  0.0000115
 7.810  0.3866751  0.0000115
 7.830  0.3866769  0.0000116
 7.850  0.3866782  0.0000115
 7.870  0.3866804  0.0000112
 7.890  0.3866817  0.0000113
 7.910  0.3866766  0.0000113
 7.930  0.3866839  0.0000114
 7.950  0.3866808  0.0000115
 7.970  0.3866879  0.0000114
 7.990  0.3866772  0.0000113
 8.010  0.3866803  0.0000116
 8.030  0.3866768  0.0000114
 8.050  0.3866901  0.0000115
 8.070  0.3866743  0.0000114
 8.090  0.3866716  0.0000112
 8.110  0.3866849  0.0000114
 8.130  0.3866742  0.0000116
 8.150  0.3866764  0.0000112
 8.170  0.3866728  0.0000115
 8.190  0.3866652  0.0000113
 8.210  0.3866696  0.0000114
 8.230  0.3866609  0.0000115
 8.250  0.3866715  0.0000113
 8.270  0.3866754  0.0000114
 8.290  0.3866700  0.0000113
 8.310  0.3866704  0.0000113
 8.330  0.3866703  0.0000115
 8.350  0.3866704  0.0000114
 8.370  0.3866745  0.0000115
 8.390  0.3866771  0.0000115
 8.410  0.3866744  0.0000114
 8.430  0.3866713  0.0000114
 8.450  0.3866762  0.0000115
 8.470  0.3866663  0.0000116
 8.490  0.3866744  0.0000113
 8.510  0.3866763  0.0000114
 8.530  0.3866758  0.0000114
 8.550  0.3866711  0.0000112
 8.570  0.3866844  0.0000112
 8.590  0.3866756  0.0000113
 8.610  0.3866849  0.0000113
 8.630  0.3866739  0.0000114
 8.650  0.3866803  0.0000114
 8.670  0.3866766  0.0000115
 8.690  0.3866781  0.0000113
 8.710  0.3866777  0.0000113
 8.730  0.3866772  0.0000113
 8.750  0.3866765  0.0000114
 8.770  0.3866734  0.0000114
 8.790  0.3866721  0.0000115
 8.810  0.3866730  0.0000115
 8.830  0.3866673  0.0000116
 8.850  0.3866793  0.0000114
 8.870  0.3866706  0.0000114
 8.890  0.3866775  0.0000113
 8.910  0.3866740  0.0000114
 8.930  0.3866771  0.0000114
 8.950  0.3866792  0.0000112
 8.970  0.3866771  0.0000113
 8.990  0.3866769  0.0000113
 9.010  0.3866752  0.0000115
 9.030  0.3866800  0.0000112
 9.050  0.3866795  0.0000113
 9.070  0.3866738  0.0000113
 9.090  0.3866677  0.0000113
 9.110  0.3866793  0.0000115
 9.130  0.3866679  0.0000115
 9.150  0.3866741  0.0000114
 9.170  0.3866706  0.0000115
 9.190  0.3866682  0.0000114
 9.210  0.3866667  0.0000116
 9.230  0.3866694  0.0000114
 9.250  0.3866756  0.0000115
 9.270  0.3866778  0.0000114
 9.290  0.3866754  0.0000112
 9.310  0.3866719  0.0000113
 9.330  0.3866712  0.0000112
 9.350  0.3866733  0.0000113
 9.370  0.3866711  0.0000115
 9.390  0.3866725  0.0000112
 9.410  0.3866647  0.0000114
 9.430  0.3866745  0.0000113
 9.450  0.3866708  0.0000111
 9.470  0.3866754  0.0000113
 9.490  0.3866721  0.0000113
 9.510  0.3866571  0.0000113
 9.530  0.3866693  0.0000113
 9.550  0.3866757  0.0000115
 9.570  0.3866743  0.0000113
 9.590  0.3866750  0.0000114
 9.610  0.3866747  0.0000113
 9.630  0.3866693  0.0000116
 9.650  0.3866758  0.0000112
 9.670  0.3866715  0.0000114
 9.690  0.3866781  0.0000113
 9.710  0.3866745  0.0000112
 9.730  0.3866766  0.0000111
 9.750  0.3866798  0.0000114
 9.770  0.3866737  0.0000114
 9.790  0.3866726  0.0000114
 9.810  0.3866719  0.0000115
 9.830  0.3866796  0.0000115
 9.850  0.3866788  0.0000114
 9.870  0.3866749  0.0000114
 9.890  0.3866756  0.0000114
 9.910  0.3866764  0.0000112
 9.930  0.3866735  0.0000114
 9.950  0.3866718  0.0000111
 9.970  0.3866756  0.0000114
 9.990  0.3866750  0.0000112
10.010  0.3866621  0.0000111
10.030  0.3866732  0.0000113
10.050  0.3866750  0.0000115
10.070  0.3866686  0.0000115
10.090  0.3866736  0.0000114
10.110  0.3866759  0.0000110
10.130  0.3866695  0.0000115
10.150  0.3866761  0.0000113
10.170  0.3866706  0.0000113
10.190  0.3866762  0.0000114
10.210  0.3866764  0.0000114
10.230  0.3866757  0.0000114
10.250  0.3866775  0.0000111
10.270  0.3866787  0.0000114
10.290  0.3866643  0.0000114
10.310  0.3866735  0.0000115
10.330  0.3866773  0.0000114
10.350  0.3866804  0.0000114
10.370  0.3866777  0.0000114
10.390  0.3866836  0.0000114
10.410  0.3866807  0.0000117
10.430  0.3866716  0.0000115
10.450  0.3866773  0.0000114
10.470  0.3866768  0.0000113
10.490  0.3866778  0.0000114
10.510  0.3866726  0.0000114
10.530  0.3866776  0.0000112
10.550  0.3866730  0.0000112
10.570  0.3866678  0.0000113
10.590  0.3866680  0.0000114
10.610  0.3866771  0.0000114
10.630  0.3866801  0.0000115
10.650  0.3866833  0.0000113
10.670  0.3866796  0.0000113
10.690  0.3866747  0.0000114
10.710  0.3866673  0.0000114
10.730  0.3866701  0.0000114
10.750  0.3866736  0.0000115
10.770  0.3866720  0.0000113
10.790  0.3866745  0.0000114
10.810  0.3866754  0.0000115
10.830  0.3866809  0.0000113
10.850  0.3866762  0.0000114
10.870  0.3866785  0.0000116
10.890  0.3866697  0.0000112
10.910  0.3866792  0.0000114
10.930  0.3866573  0.0000112
10.950  0.3866618  0.0000114
10.970  0.3866650  0.0000113
10.990  0.3866614  0.0000113
11.010  0.3866600  0.0000112
11.030  0.3866646  0.0000111
11.050  0.3866801  0.0000114
11.070  0.3866710  0.0000112
11.090  0.3866744  0.0000114
11.110  0.3866703  0.0000115
11.130  0.3866730  0.0000112
11.150  0.3866747  0.0000114
11.170  0.3866668  0.0000113
11.190  0.3866758  0.0000114
11.210  0.3866849  0.0000113
11.230  0.3866777  0.0000113
11.250  0.3866674  0.0000115
11.270  0.3866781  0.0000114
11.290  0.3866804  0.0000114
11.310  0.3866857  0.0000112
11.330  0.3866773  0.0000113
11.350  0.3866755  0.0000112
11.370  0.3866778  0.0000112
11.390  0.3866769  0.0000112
11.410  0.3866735  0.0000112
11.430  0.3866662  0.0000112
11.450  0.3866755  0.0000115
11.470  0.3866758  0.0000113
11.490  0.3866701  0.0000114
11.510  0.3866795  0.0000114
11.530  0.3866685  0.0000112
11.550  0.3866765  0.0000114
11.570  0.3866806  0.0000112
11.590  0.3866792  0.0000111
11.610  0.3866811  0.0000112
11.630  0.3866750  0.0000112
11.650  0.3866749  0.0000112
11.670  0.3866780  0.0000114
11.690  0.3866781  0.0000113
11.710  0.3866803  0.0000111
11.730  0.3866806  0.0000113
11.750  0.3866780  0.0000112
11.770  0.3866866  0.0000115
11.790  0.3866724  0.0000113
11.810  0.3866822  0.0000112
11.830  0.3866779  0.0000113
11.850  0.3866780  0.0000113
11.870  0.3866791  0.0000111
11.890  0.3866807  0.0000113
11.910  0.3866732  0.0000112
11.930  0.3866789  0.0000112
11.950  0.3866786  0.0000113
11.970  0.3866863  0.0000112
11.990  0.3866819  0.0000113
12.010  0.3866692  0.0000112
12.030  0.3866759  0.0000114
12.050  0.3866804  0.0000111
12.070  0.3866740  0.0000114
12.090  0.3866730  0.0000110
12.110  0.3866770  0.0000113
12.130  0.3866621  0.0000114
12.150  0.3866602  0.0000114
12.170  0.3866700  0.0000113
12.190  0.3866726  0.0000114
12.210  0.3866637  0.0000110
12.230  0.3866720  0.0000112
12.250  0.3866763  0.0000113
12.270  0.3866867  0.0000113
12.290  0.3866646  0.0000113
12.310  0.3866674  0.0000114
12.330  0.3866714  0.0000111
12.350  0.3866754  0.0000112
12.370  0.3866788  0.0000116
12.390  0.3866786  0.0000113
12.410  0.3866775  0.0000112
12.430  0.3866819  0.0000113
12.450  0.3866836  0.0000115
12.470  0.3866765  0.0000112
12.490  0.3866783  0.0000113
12.510  0.3866772  0.0000111
12.530  0.3866778  0.0000114
12.550  0.3866786  0.0000112
12.570  0.3866716  0.0000113
12.590  0.3866695  0.0000113
12.610  0.3866753  0.0000113
12.630  0.3866802  0.0000115
12.650  0.3866707  0.0000113
12.670  0.3866784  0.0000113
12.690  0.3866717  0.0000109
12.710  0.3866790  0.0000112
12.730  0.3866760  0.0000114
12.750  0.3866775  0.0000113
12.770  0.3866830  0.0000114
12.790  0.3866707  0.0000113
12.810  0.3866738  0.0000113
12.830  0.3866727  0.0000113
12.850  0.3866759  0.0000113
12.870  0.3866857  0.0000112
12.890  0.3866754  0.0000112
12.910  0.3866671  0.0000112
12.930  0.3866788  0.0000114
12.950  0.3866816  0.0000112
12.970  0.3866850  0.0000112
12.990  0.3866774  0.0000113
13.010  0.3866713  0.0000112
13.030  0.3866767  0.0000114
13.050  0.3866799  0.0000112
13.070  0.3866758  0.0000114
13.090  0.3866716  0.0000112
13.110  0.3866795  0.0000115
13.130  0.3866877  0.0000113
13.150  0.3866901  0.0000114
13.170  0.3866751  0.0000112
13.190  0.3866865  0.0000115
13.210  0.3866702  0.0000112
13.230  0.3866736  0.0000113
13.250  0.3866787  0.0000113
13.270  0.3866812  0.0000113
13.290  0.3866825  0.0000113
13.310  0.3866704  0.0000112
13.330  0.3866788  0.0000111
13.350  0.3866793  0.0000114
13.370  0.3866686  0.0000112
13.390  0.3866744  0.0000113
13.410  0.3866672  0.0000112
13.430  0.3866777  0.0000111
13.450  0.3866726  0.0000112
13.470  0.3866715  0.0000113
13.490  0.3866708  0.0000112
13.510  0.3866732  0.0000114
13.530  0.3866769  0.0000113
13.550  0.3866679  0.0000112
13.570  0.3866731  0.0000111
13.590  0.3866856  0.0000114
13.610  0.3866714  0.0000112
13.630  0.3866676  0.0000112
13.650  0.3866751  0.0000112
13.670  0.3866770  0.0000112
13.690  0.3866719  0.0000112
13.710  0.3866784  0.0000114
13.730  0.3866802  0.0000113
13.750  0.3866604  0.0000113
13.770  0.3866796  0.0000114
13.790  0.3866675  0.0000113
13.810  0.3866784  0.0000113
13.830  0.3866748  0.0000114
13.850  0.3866682  0.0000111
13.870  0.3866612  0.0000112
13.890  0.3866780  0.0000113
13.910  0.3866710  0.0000112
13.930  0.3866697  0.0000115
13.950  0.3866758  0.0000110
13.970  0.3866835  0.0000111
13.990  0.3866734  0.0000112
14.010  0.3866680  0.0000113
14.030  0.3866765  0.0000110
14.050  0.3866705  0.0000114
14.070  0.3866746  0.0000111
14.090  0.3866741  0.0000113
14.110  0.3866683  0.0000113
14.130  0.3866729  0.0000113
14.150  0.3866746  0.0000112
14.170  0.3866737  0.0000112
14.190  0.3866754  0.0000113
14.210  0.3866722  0.0000114
14.230  0.3866785  0.0000113
14.250  0.3866812  0.0000112
14.270  0.3866762  0.0000113
14.290  0.3866703  0.0000113
14.310  0.3866821  0.0000114
14.330  0.3866812  0.0000115
14.350  0.3866808  0.0000110
14.370  0.3866781  0.0000111
14.390  0.3866711  0.0000111
14.410  0.3866854  0.0000112
14.430  0.3866819  0.0000112
14.450  0.3866769  0.0000113
14.470  0.3866861  0.0000113
14.490  0.3866727  0.0000113
14.510  0.3866768  0.0000113
14.530  0.3866910  0.0000114
14.550  0.3866766  0.0000112
14.570  0.3866776  0.0000111
14.590  0.3866771  0.0000111
14.610  0.3866815  0.0000114
14.630  0.3866849  0.0000111
14.650  0.3866759  0.0000110
14.670  0.3866753  0.0000113
14.690  0.3866715  0.0000111
14.710  0.3866765  0.0000111
14.730  0.3866701  0.0000113
14.750  0.3866737  0.0000112
14.770  0.3866795  0.0000111
14.790  0.3866853  0.0000110
14.810  0.3866763  0.0000112
14.830  0.3866722  0.0000113
14.850  0.3866721  0.0000109
14.870  0.3866715  0.0000113
14.890  0.3866702  0.0000113
14.910  0.3866717  0.0000111
14.930  0.3866804  0.0000111
14.950  0.3866707  0.0000110
14.970  0.3866809  0.0000112
14.990  0.3866707  0.0000113
15.010  0.3866698  0.0000112
15.030  0.3866770  0.0000113
15.050  0.3866782  0.0000112
15.070  0.3866728  0.0000111
15.090  0.3866737  0.0000113
15.110  0.3866723  0.0000110
15.130  0.3866727  0.0000112
15.150  0.3866635  0.0000110
15.170  0.3866606  0.0000111
15.190  0.3866775  0.0000112
15.210  0.3866773  0.0000111
15.230  0.3866606  0.0000113
15.250  0.3866763  0.0000112
15.270  0.3866799  0.0000112
15.290  0.3866793  0.0000113
15.310  0.3866773  0.0000114
15.330  0.3866859  0.0000113
15.350  0.3866780  0.0000110
15.370  0.3866827  0.0000113
15.390  0.3866798  0.0000113
15.410  0.3866644  0.0000112
15.430  0.3866785  0.0000113
15.450  0.3866766  0.0000111
15.470  0.3866665  0.0000113
15.490  0.3866693  0.0000113
15.510  0.3866692  0.0000110
15.530  0.3866781  0.0000110
15.550  0.3866869  0.0000111
15.570  0.3866687  0.0000112
15.590  0.3866776  0.0000112
15.610  0.3866733  0.0000110
15.630  0.3866768  0.0000111
15.650  0.3866705  0.0000113
15.670  0.3866788  0.0000113
15.690  0.3866784  0.0000113
15.710  0.3866885  0.0000112
15.730  0.3866716  0.0000113
15.750  0.3866722  0.0000112
15.770  0.3866793  0.0000111
15.790  0.3866770  0.0000111
15.810  0.3866669  0.0000112
15.830  0.3866806  0.0000112
15.850  0.3866738  0.0000114
15.870  0.3866848  0.0000111
15.890  0.3866733  0.0000112
15.910  0.3866701  0.0000113
15.930  0.3866711  0.0000112
15.950  0.3866764  0.0000112
15.970  0.3866682  0.0000111
15.990  0.3866739  0.0000114
16.010  0.3866769  0.0000111
16.030  0.3866725  0.0000110
16.050  0.3866802  0.0000113
16.070  0.3866738  0.0000113
16.090  0.3866777  0.0000114
16.110  0.3866755  0.0000113
16.130  0.3866770  0.0000113
16.150  0.3866699  0.0000113
16.170  0.3866776  0.0000112
16.190  0.3866711  0.0000111
16.210  0.3866737  0.0000112
16.230  0.3866692  0.0000112
16.250  0.3866787  0.0000114
16.270  0.3866772  0.0000111
16.290  0.3866809  0.0000112
16.310  0.3866820  0.0000112
16.330  0.3866729  0.0000111
16.350  0.3866785  0.0000110
16.370  0.3866749  0.0000113
16.390  0.3866807  0.0000112
16.410  0.3866690  0.0000113
16.430  0.3866785  0.0000113
16.450  0.3866751  0.0000114
16.470  0.3866777  0.0000111
16.490  0.3866778  0.0000110
16.510  0.3866697  0.0000114
16.530  0.3866735  0.0000112
16.550  0.3866747  0.0000113
16.570  0.3866748  0.0000111
16.590  0.3866668  0.0000114
16.610  0.3866737  0.0000112
16.630  0.3866774  0.0000112
16.650  0.3866739  0.0000113
16.670  0.3866673  0.0000114
16.690  0.3866764  0.0000115
16.710  0.3866757  0.0000112
16.730  0.3866622  0.0000111
16.750  0.3866732  0.0000110
16.770  0.3866771  0.0000114
16.790  0.3866705  0.0000113
16.810  0.3866722  0.0000113
16.830  0.3866702  0.0000112
16.850  0.3866685  0.0000109
16.870  0.3866701  0.0000111
16.890  0.3866750  0.0000113
16.910  0.3866830  0.0000112
16.930  0.3866702  0.0000114
16.950  0.3866768  0.0000114
16.970  0.3866770  0.0000112
16.990  0.3866727  0.0000112
17.010  0.3866765  0.0000115
17.030  0.3866790  0.0000113
17.050  0.3866827  0.0000113
17.070  0.3866777  0.0000110
17.090  0.3866794  0.0000113
17.110  0.3866798  0.0000114
17.130  0.3866649  0.0000112
17.150  0.3866728  0.0000113
17.170  0.3866677  0.0000113
17.190  0.3866724  0.0000113
17.210  0.3866628  0.0000114
17.230  0.3866772  0.0000114
17.250  0.3866658  0.0000113
17.270  0.3866746  0.0000112
17.290  0.3866655  0.0000112
17.310  0.3866692  0.0000111
17.330  0.3866762  0.0000113
17.350  0.3866713  0.0000114
17.370  0.3866767  0.0000111
17.390  0.3866791  0.0000112
17.410  0.3866744  0.0000112
17.430  0.3866651  0.0000110
17.450  0.3866738  0.0000112
17.470  0.3866695  0.0000110
17.490  0.3866786  0.0000112
17.510  0.3866745  0.0000111
17.530  0.3866749  0.0000113
17.550  0.3866698  0.0000113
17.570  0.3866694  0.0000113
17.590  0.3866694  0.0000114
17.610  0.3866758  0.0000110
17.630  0.3866743  0.0000111
17.650  0.3866704  0.0000113
17.670  0.3866713  0.0000111
17.690  0.3866832  0.0000114
17.710  0.3866811  0.0000112
17.730  0.3866736  0.0000112
17.750  0.3866844  0.0000112
17.770  0.3866774  0.0000114
17.790  0.3866767  0.0000113
17.810  0.3866745  0.0000113
17.830  0.3866742  0.0000114
17.850  0.3866770  0.0000115
17.870  0.3866795  0.0000111
17.890  0.3866799  0.0000114
17.910  0.3866786  0.0000111
17.930  0.3866811  0.0000111
17.950  0.3866799  0.0000114
17.970  0.3866697  0.0000113
17.990  0.3866740  0.0000113
18.010  0.3866693  0.0000112
18.030  0.3866702  0.0000113
18.050  0.3866702  0.0000111
18.070  0.3866707  0.0000114
18.090  0.3866718  0.0000112
18.110  0.3866744  0.0000114
18.130  0.3866780  0.0000113
18.150  0.3866838  0.0000113
18.170  0.3866809  0.0000112
18.190  0.3866763  0.0000113
18.210  0.3866847  0.0000113
18.230  0.3866736  0.0000114
18.250  0.3866765  0.0000113
18.270  0.3866795  0.0000116
18.290  0.3866695  0.0000113
18.310  0.3866711  0.0000114
18.330  0.3866778  0.0000113
18.350  0.3866775  0.0000112
18.370  0.3866770  0.0000114
18.390  0.3866697  0.0000114
18.410  0.3866665  0.0000112
18.430  0.3866717  0.0000112
18.450  0.3866739  0.0000110
18.470  0.3866797  0.0000111
18.490  0.3866721  0.0000113
18.510  0.3866719  0.0000111
18.530  0.3866752  0.0000112
18.550  0.3866696  0.0000113
18.570  0.3866732  0.0000112
18.590  0.3866772  0.0000111
18.610  0.3866727  0.0000112
18.630  0.3866729  0.0000112
18.650  0.3866714  0.0000111
18.670  0.3866779  0.0000111
18.690  0.3866714  0.0000111
18.710  0.3866799  0.0000114
18.730  0.3866754  0.0000113
18.750  0.3866638  0.0000113
18.770  0.3866710  0.0000111
18.790  0.3866817  0.0000113
18.810  0.3866785  0.0000113
18.830  0.3866696  0.0000114
18.850  0.3866667  0.0000111
18.870  0.3866659  0.0000111
18.890  0.3866679  0.0000112
18.910  0.3866805  0.0000113
18.930  0.3866681  0.0000112
18.950  0.3866730  0.0000114
18.970  0.3866756  0.0000113
18.990  0.3866696  0.0000112
19.010  0.3866836  0.0000111
19.030  0.3866748  0.0000113
19.050  0.3866765  0.0000111
19.070  0.3866799  0.0000114
19.090  0.3866829  0.0000113
19.110  0.3866786  0.0000114
19.130  0.3866819  0.0000113
19.150  0.3866767  0.0000112
19.170  0.3866844  0.0000112
19.190  0.3866763  0.0000113
19.210  0.3866716  0.0000114
19.230  0.3866784  0.0000110
19.250  0.3866724  0.0000113
19.270  0.3866768  0.0000113
19.290  0.3866693  0.0000111
19.310  0.3866789  0.0000113
19.330  0.3866818  0.0000115
19.350  0.3866812  0.0000113
19.370  0.3866747  0.0000112
19.390  0.3866788  0.0000113
19.410  0.3866710  0.0000115
19.430  0.3866756  0.0000113
19.450  0.3866813  0.0000113
19.470  0.3866763  0.0000113
19.490  0.3866749  0.0000112
19.510  0.3866799  0.0000112
19.530  0.3866822  0.0000112
19.550  0.3866745  0.0000113
19.570  0.3866874  0.0000111
19.590  0.3866790  0.0000114
19.610  0.3866640  0.0000114
19.630  0.3866756  0.0000111
19.650  0.3866753  0.0000112
19.670  0.3866676  0.0000112
19.690  0.3866725  0.0000112
19.710  0.3866774  0.0000112
19.730  0.3866756  0.0000113
19.750  0.3866721  0.0000112
19.770  0.3866682  0.0000113
19.790  0.3866751  0.0000114
19.810  0.3866728  0.0000115
19.830  0.3866676  0.0000112
19.850  0.3866746  0.0000115
19.870  0.3866686  0.0000112
19.890  0.3866653  0.0000113
19.910  0.3866706  0.0000112
19.930  0.3866672  0.0000113
19.950  0.3866653  0.0000112
19.970  0.3866703  0.0000113
19.990  0.3866638  0.0000112
20.010  0.3866752  0.0000111
20.030  0.3866654  0.0000111
20.050  0.3866748  0.0000115
20.070  0.3866784  0.0000112
20.090  0.3866796  0.0000113
20.110  0.3866735  0.0000113
20.130  0.3866798  0.0000113
20.150  0.3866728  0.0000113
20.170  0.3866715  0.0000113
20.190  0.3866627  0.0000110
20.210  0.3866799  0.0000112
20.230  0.3866681  0.0000112
20.250  0.3866677  0.0000112
20.270  0.3866604  0.0000114
20.290  0.3866664  0.0000114
20.310  0.3866809  0.0000112
20.330  0.3866679  0.0000112
20.350  0.3866716  0.0000113
20.370  0.3866718  0.0000114
20.390  0.3866813  0.0000111
20.410  0.3866740  0.0000113
20.430  0.3866724  0.0000113
20.450  0.3866688  0.0000113
20.470  0.3866712  0.0000113
20.490  0.3866757  0.0000112
20.510  0.3866714  0.0000113
20.530  0.3866735  0.0000114
20.550  0.3866722  0.0000115
20.570  0.3866705  0.0000114
20.590  0.3866713  0.0000112
20.610  0.3866646  0.0000112
20.630  0.3866628  0.0000111
20.650  0.3866710  0.0000114
20.670  0.3866562  0.0000110
20.690  0.3866726  0.0000115
20.710  0.3866700  0.0000113
20.730  0.3866683  0.0000112
20.750  0.3866820  0.0000111
20.770  0.3866746  0.0000111
20.790  0.3866644  0.0000113
20.810  0.3866753  0.0000112
20.830  0.3866738  0.0000111
20.850  0.3866663  0.0000112
20.870  0.3866788  0.0000112
20.890  0.3866738  0.0000113
20.910  0.3866702  0.0000113
20.930  0.3866658  0.0000113
20.950  0.3866683  0.0000111
20.970  0.3866743  0.0000112
20.990  0.3866749  0.0000112
21.010  0.3866729  0.0000116
21.030  0.3866727  0.0000112
21.050  0.3866676  0.0000113
21.070  0.3866751  0.0000113
21.090  0.3866788  0.0000113
21.110  0.3866731  0.0000112
21.130  0.3866635  0.0000114
21.150  0.3866759  0.0000113
21.170  0.3866794  0.0000113
21.190  0.3866791  0.0000114
21.210  0.3866783  0.0000112
21.230  0.3866735  0.0000113
21.250  0.3866800  0.0000113
21.270  0.3866761  0.0000112
21.290  0.3866771  0.0000113
21.310  0.3866818  0.0000114
21.330  0.3866678  0.0000113
21.350  0.3866740  0.0000113
21.370  0.3866644  0.0000116
21.390  0.3866702  0.0000114
21.410  0.3866761  0.0000113
21.430  0.3866748  0.0000112
21.450  0.3866724  0.0000113
21.470  0.3866729  0.0000111
21.490  0.3866705  0.0000114
21.510  0.3866725  0.0000113
21.530  0.3866707  0.0000113
21.550  0.3866651  0.0000114
21.570  0.3866696  0.0000112
21.590  0.3866690  0.0000112
21.610  0.3866613  0.0000114
21.630  0.3866713  0.0000112
21.650  0.3866716  0.0000113
21.670  0.3866778  0.0000115
21.690  0.3866771  0.0000113
21.710  0.3866783  0.0000112
21.730  0.3866662  0.0000115
21.750  0.3866766  0.0000115
21.770  0.3866783  0.0000114
21.790  0.3866830  0.0000113
21.810  0.3866770  0.0000113
21.830  0.3866703  0.0000113
21.850  0.3866691  0.0000112
21.870  0.3866696  0.0000113
21.890  0.3866828  0.0000113
21.910  0.3866679  0.0000114
21.930  0.3866707  0.0000114
21.950  0.3866592  0.0000114
21.970  0.3866739  0.0000112
21.990  0.3866715  0.0000112
22.010  0.3866695  0.0000114
22.030  0.3866719  0.0000112
22.050  0.3866665  0.0000113
22.070  0.3866738  0.0000112
22.090  0.3866693  0.0000113
22.110  0.3866789  0.0000115
22.130  0.3866767  0.0000114
22.150  0.3866738  0.0000114
22.170  0.3866791  0.0000113
22.190  0.3866745  0.0000113
22.210  0.3866689  0.0000114
22.230  0.3866759  0.0000114
22.250  0.3866733  0.0000116
22.270  0.3866778  0.0000113
22.290  0.3866734  0.0000112
22.310  0.3866783  0.0000114
22.330  0.3866779  0.0000113
22.350  0.3866727  0.0000114
22.370  0.3866749  0.0000113
22.390  0.3866743  0.0000111
22.410  0.3866743  0.0000113
22.430  0.3866760  0.0000111
22.450  0.3866743  0.0000113
22.470  0.3866662  0.0000114
22.490  0.3866735  0.0000114
22.510  0.3866733  0.0000112
22.530  0.3866673  0.0000114
22.550  0.3866652  0.0000115
22.570  0.3866770  0.0000114
22.590  0.3866770  0.0000115
22.610  0.3866757  0.0000112
22.630  0.3866716  0.0000113
22.650  0.3866660  0.0000112
22.670  0.3866729  0.0000113
22.690  0.3866760  0.0000112
22.710  0.3866631  0.0000114
22.730  0.3866753  0.0000113
22.750  0.3866729  0.0000114
22.770  0.3866721  0.0000114
22.790  0.3866814  0.0000114
22.810  0.3866736  0.0000113
22.830  0.3866764  0.0000114
22.850  0.3866821  0.0000114
22.870  0.3866734  0.0000114
22.890  0.3866858  0.0000112
22.910  0.3866699  0.0000114
22.930  0.3866769  0.0000113
22.950  0.3866713  0.0000113
22.970  0.3866865  0.0000113
22.990  0.3866756  0.0000112
23.010  0.3866755  0.0000114
23.030  0.3866817  0.0000113
23.050  0.3866767  0.0000113
23.070  0.3866681  0.0000114
23.090  0.3866791  0.0000114
23.110  0.3866779  0.0000114
23.130  0.3866789  0.0000114
23.150  0.3866719  0.0000112
23.170  0.3866728  0.0000113
23.190  0.3866804  0.0000115
23.210  0.3866806  0.0000114
23.230  0.3866711  0.0000114
23.250  0.3866734  0.0000113
23.270  0.3866733  0.0000114
23.290  0.3866768  0.0000115
23.310  0.3866750  0.0000114
23.330  0.3866782  0.0000114
23.350  0.3866813  0.0000113
23.370  0.3866726  0.0000114
23.390  0.3866724  0.0000114
23.410  0.3866797  0.0000113
23.430  0.3866699  0.0000112
23.450  0.3866776  0.0000113
23.470  0.3866838  0.0000113
23.490  0.3866713  0.0000114
23.510  0.3866785  0.0000113
23.530  0.3866687  0.0000112
23.550  0.3866638  0.0000111
23.570  0.3866688  0.0000115
23.590  0.3866761  0.0000114
23.610  0.3866624  0.0000114
23.630  0.3866594  0.0000114
23.650  0.3866610  0.0000116
23.670  0.3866782  0.0000114
23.690  0.3866654  0.0000114
23.710  0.3866689  0.0000114
23.730  0.3866680  0.0000112
23.750  0.3866753  0.0000113
23.770  0.3866716  0.0000113
23.790  0.3866785  0.0000113
23.810  0.3866741  0.0000113
23.830  0.3866678  0.0000113
23.850  0.3866731  0.0000113
23.870  0.3866771  0.0000111
23.890  0.3866749  0.0000115
23.910  0.3866738  0.0000113
23.930  0.3866772  0.0000114
23.950  0.3866681  0.0000114
23.970  0.3866664  0.0000115
23.990  0.3866773  0.0000112
24.010  0.3866664  0.0000114
24.030  0.3866673  0.0000114
24.050  0.3866841  0.0000114
24.070  0.3866675  0.0000114
24.090  0.3866775  0.0000113
24.110  0.3866812  0.0000114
24.130  0.3866786  0.0000114
24.150  0.3866870  0.0000113
24.170  0.3866741  0.0000114
24.190  0.3866788  0.0000114
24.210  0.3866743  0.0000114
24.230  0.3866778  0.0000114
24.250  0.3866845  0.0000114
24.270  0.3866739  0.0000114
24.290  0.3866776  0.0000112
24.310  0.3866705  0.0000115
24.330  0.3866789  0.0000113
24.350  0.3866745  0.0000114
24.370  0.3866799  0.0000113
24.390  0.3866812  0.0000114
24.410  0.3866719  0.0000115
24.430  0.3866728  0.0000113
24.450  0.3866684  0.0000114
24.470  0.3866654  0.0000112
24.490  0.3866703  0.0000113
24.510  0.3866791  0.0000114
24.530  0.3866803  0.0000112
24.550  0.3866657  0.0000112
24.570  0.3866753  0.0000112
24.590  0.3866740  0.0000112
24.610  0.3866777  0.0000113
24.630  0.3866754  0.0000116
24.650  0.3866767  0.0000114
24.670  0.3866753  0.0000113
24.690  0.3866632  0.0000113
24.710  0.3866737  0.0000112
24.730  0.3866672  0.0000113
24.750  0.3866679  0.0000110
24.770  0.3866708  0.0000114
24.790  0.3866718  0.0000113
24.810  0.3866756  0.0000114
24.830  0.3866670  0.0000112
24.850  0.3866734  0.0000112
24.870  0.3866707  0.0000114
24.890  0.3866719  0.0000114
24.910  0.3866727  0.0000113
24.930  0.3866697  0.0000116
24.950  0.3866748  0.0000115
24.970  0.3866734  0.0000117
24.990  0.3866712  0.0000112
25.010  0.3866720  0.0000115
25.030  0.3866845  0.0000116
25.050  0.3866727  0.0000117
25.070  0.3866736  0.0000116
25.090  0.3866756  0.0000114
25.110  0.3866711  0.0000116
25.130  0.3866864  0.0000114
25.150  0.3866763  0.0000113
25.170  0.3866707  0.0000116
25.190  0.3866654  0.0000115
25.210  0.3866693  0.0000116
25.230  0.3866641  0.0000115
25.250  0.3866636  0.0000114
25.270  0.3866669  0.0000114
25.290  0.3866700  0.0000114
25.310  0.3866737  0.0000114
25.330  0.3866807  0.0000114
25.350  0.3866649  0.0000114
25.370  0.3866759  0.0000114
25.390  0.3866751  0.0000115
25.410  0.3866744  0.0000113
25.430  0.3866749  0.0000114
25.450  0.3866672  0.0000117
25.470  0.3866709  0.0000115
25.490  0.3866806  0.0000115
25.510  0.3866747  0.0000115
25.530  0.3866691  0.0000115
25.550  0.3866764  0.0000114
25.570  0.3866745  0.0000115
25.590  0.3866696  0.0000114
25.610  0.3866763  0.0000114
25.630  0.3866730  0.0000116
25.650  0.3866785  0.0000114
25.670  0.3866719  0.0000114
25.690  0.3866717  0.0000113
25.710  0.3866765  0.0000114
25.730  0.3866736  0.0000116
25.750  0.3866781  0.0000114
25.770  0.3866842  0.0000114
25.790  0.3866852  0.0000116
25.810  0.3866744  0.0000114
25.830  0.3866843  0.0000113
25.850  0.3866835  0.0000114
25.870  0.3866665  0.0000113
25.890  0.3866766  0.0000116
25.910  0.3866782  0.0000116
25.930  0.3866797  0.0000118
25.950  0.3866865  0.0000116
25.970  0.3866833  0.0000115
25.990  0.3866801  0.0000115
26.010  0.3866862  0.0000114
26.030  0.3866742  0.0000116
26.050  0.3866737  0.0000114
26.070  0.3866746  0.0000114
26.090  0.3866766  0.0000116
26.110  0.3866787  0.0000115
26.130  0.3866762  0.0000116
26.150  0.3866708  0.0000117
26.170  0.3866665  0.0000115
26.190  0.3866747  0.0000115
26.210  0.3866832  0.0000114
26.230  0.3866730  0.0000116
26.250  0.3866665  0.0000114
26.270  0.3866711  0.0000116
26.290  0.3866700  0.0000115
26.310  0.3866734  0.0000115
26.330  0.3866777  0.0000117
26.350  0.3866757  0.0000116
26.370  0.3866628  0.0000117
26.390  0.3866663  0.0000116
26.410  0.3866655  0.0000114
26.430  0.3866675  0.0000115
26.450  0.3866715  0.0000115
26.470  0.3866708  0.0000116
26.490  0.3866738  0.0000115
26.510  0.3866662  0.0000114
26.530  0.3866813  0.0000117
26.550  0.3866618  0.0000115
26.570  0.3866705  0.0000117
26.590  0.3866706  0.0000115
26.610  0.3866721  0.0000116
26.630  0.3866694  0.0000115
26.650  0.3866682  0.0000117
26.670  0.3866621  0.0000116
26.690  0.3866695  0.0000114
26.710  0.3866694  0.0000115
26.730  0.3866678  0.0000115
26.750  0.3866783  0.0000116
26.770  0.3866782  0.0000116
26.790  0.3866719  0.0000116
26.810  0.3866808  0.0000115
26.830  0.3866903  0.0000116
26.850  0.3866723  0.0000114
26.870  0.3866802  0.0000116
26.890  0.3866843  0.0000114
26.910  0.3866855  0.0000115
26.930  0.3866766  0.0000116
26.950  0.3866758  0.0000117
26.970  0.3866838  0.0000116
26.990  0.3866742  0.0000115
27.010  0.3866712  0.0000113
27.030  0.3866752  0.0000115
27.050  0.3866745  0.0000116
27.070  0.3866699  0.0000115
27.090  0.3866749  0.0000115
27.110  0.3866786  0.0000115
27.130  0.3866711  0.0000114
27.150  0.3866660  0.0000115
27.170  0.3866682  0.0000117
27.190  0.3866716  0.0000116
27.210  0.3866638  0.0000118
27.230  0.3866764  0.0000117
27.250  0.3866758  0.0000117
27.270  0.3866645  0.0000117
27.290  0.3866685  0.0000117
27.310  0.3866706  0.0000117
27.330  0.3866815  0.0000115
27.350  0.3866632  0.0000115
27.370  0.3866690  0.0000115
27.390  0.3866662  0.0000117
27.410  0.3866740  0.0000115
27.430  0.3866747  0.0000116
27.450  0.3866848  0.0000116
27.470  0.3866735  0.0000117
27.490  0.3866710  0.0000117
27.510  0.3866806  0.0000115
27.530  0.3866795  0.0000115
27.550  0.3866707  0.0000117
27.570  0.3866746  0.0000115
27.590  0.3866767  0.0000115
27.610  0.3866626  0.0000117
27.630  0.3866680  0.0000119
27.650  0.3866709  0.0000119
27.670  0.3866695  0.0000115
27.690  0.3866814  0.0000117
27.710  0.3866768  0.0000116
27.730  0.3866645  0.0000114
27.750  0.3866644  0.0000115
27.770  0.3866687  0.0000114
27.790  0.3866766  0.0000116
27.810  0.3866646  0.0000115
27.830  0.3866653  0.0000116
27.850  0.3866674  0.0000117
27.870  0.3866755  0.0000116
27.890  0.3866665  0.0000116
27.910  0.3866715  0.0000117
27.930  0.3866692  0.0000116
27.950  0.3866733  0.0000116
27.970  0.3866713  0.0000118
27.990  0.3866659  0.0000118
28.010  0.3866704  0.0000115
28.030  0.3866688  0.0000116
28.050  0.3866640  0.0000116
28.070  0.3866712  0.0000116
28.090  0.3866742  0.0000117
28.110  0.3866707  0.0000115
28.130  0.3866755  0.0000115
28.150  0.3866780  0.0000115
28.170  0.3866683  0.0000117
28.190  0.3866722  0.0000115
28.210  0.3866776  0.0000117
28.230  0.3866841  0.0000116
28.250  0.3866746  0.0000117
28.270  0.3866866  0.0000117
28.290  0.3866849  0.0000115
28.310  0.3866746  0.0000118
28.330  0.3866749  0.0000116
28.350  0.3866784  0.0000117
28.370  0.3866731  0.0000115
28.390  0.3866761  0.0000118
28.410  0.3866706  0.0000116
28.430  0.3866725  0.0000115
28.450  0.3866885  0.0000118
28.470  0.3866764  0.0000117
28.490  0.3866732  0.0000116
28.510  0.3866836  0.0000118
28.530  0.3866597  0.0000117
28.550  0.3866717  0.0000116
28.570  0.3866717  0.0000117
28.590  0.3866775  0.0000117
28.610  0.3866780  0.0000119
28.630  0.3866627  0.0000118
28.650  0.3866684  0.0000118
28.670  0.3866687  0.0000116
28.690  0.3866766  0.0000117
28.710  0.3866587  0.0000116
28.730  0.3866765  0.0000117
28.750  0.3866672  0.0000118
28.770  0.3866759  0.0000117
28.790  0.3866730  0.0000117
28.810  0.3866622  0.0000118
28.830  0.3866740  0.0000116
28.850  0.3866652  0.0000118
28.870  0.3866696  0.0000118
28.890  0.3866616  0.0000116
28.910  0.3866801  0.0000118
28.930  0.3866742  0.0000118
28.950  0.3866734  0.0000118
28.970  0.3866690  0.0000118
28.990  0.3866719  0.0000116
29.010  0.3866696  0.0000116
29.030  0.3866763  0.0000117
29.050  0.3866710  0.0000116
29.070  0.3866684  0.0000118
29.090  0.3866705  0.0000117
29.110  0.3866880  0.0000117
29.130  0.3866771  0.0000118
29.150  0.3866785  0.0000116
29.170  0.3866647  0.0000116
29.190  0.3866791  0.0000115
29.210  0.3866778  0.0000117
29.230  0.3866749  0.0000116
29.250  0.3866828  0.0000117
29.270  0.3866749  0.0000116
29.290  0.3866868  0.0000118
29.310  0.3866740  0.0000117
29.330  0.3866924  0.0000117
29.350  0.3866715  0.0000118
29.370  0.3866803  0.0000115
29.390  0.3866715  0.0000116
29.410  0.3866772  0.0000119
29.430  0.3866746  0.0000115
29.450  0.3866845  0.0000115
29.470  0.3866782  0.0000118
29.490  0.3866761  0.0000118
29.510  0.3866755  0.0000117
29.530  0.3866834  0.0000118
29.550  0.3866701  0.0000119
29.570  0.3866744  0.0000117
29.590  0.3866733  0.0000116
29.610  0.3866742  0.0000118
29.630  0.3866695  0.0000118
29.650  0.3866730  0.0000115
29.670  0.3866708  0.0000117
29.690  0.3866680  0.0000119
29.710  0.3866772  0.0000119
29.730  0.3866651  0.0000118
29.750  0.3866734  0.0000117
29.770  0.3866730  0.0000118
29.790  0.3866762  0.0000117
29.810  0.3866658  0.0000119
29.830  0.3866742  0.0000118
29.850  0.3866681  0.0000118
29.870  0.3866747  0.0000115
29.890  0.3866719  0.0000117
29.910  0.3866743  0.0000117
29.930  0.3866768  0.0000118
29.950  0.3866683  0.0000119
29.970  0.3866681  0.0000115
29.990  0.3866729  0.0000117
30.010  0.3866703  0.0000118
30.030  0.3866796  0.0000118
30.050  0.3866749  0.0000116
30.070  0.3866744  0.0000118
30.090  0.3866747  0.0000119
30.110  0.3866752  0.0000118
30.130  0.3866777  0.0000117
30.150  0.3866732  0.0000117
30.170  0.3866669  0.0000118
30.190  0.3866816  0.0000117
30.210  0.3866683  0.0000118
30.230  0.3866735  0.0000118
30.250  0.3866775  0.0000118
30.270  0.3866729  0.0000116
30.290  0.3866755  0.0000118
30.310  0.3866720  0.0000117
30.330  0.3866735  0.0000117
30.350  0.3866723  0.0000119
30.370  0.3866707  0.0000118
30.390  0.3866796  0.0000119
30.410  0.3866891  0.0000115
30.430  0.3866697  0.0000118
30.450  0.3866811  0.0000118
30.470  0.3866774  0.0000118
30.490  0.3866711  0.0000117
30.510  0.3866791  0.0000118
30.530  0.3866739  0.0000118
30.550  0.3866773  0.0000119
30.570  0.3866790  0.0000118
30.590  0.3866707  0.0000118
30.610  0.3866706  0.0000117
30.630  0.3866794  0.0000118
30.650  0.3866760  0.0000120
30.670  0.3866693  0.0000119
30.690  0.3866720  0.0000120
30.710  0.3866718  0.0000120
30.730  0.3866713  0.0000121
30.750  0.3866806  0.0000118
30.770  0.3866700  0.0000119
30.790  0.3866650  0.0000119
30.810  0.3866785  0.0000118
30.830  0.3866749  0.0000119
30.850  0.3866673  0.0000120
30.870  0.3866647  0.0000121
30.890  0.3866751  0.0000120
30.910  0.3866692  0.0000121
30.930  0.3866657  0.0000119
30.950  0.3866780  0.0000119
30.970  0.3866716  0.0000118
30.990  0.3866722  0.0000120
31.010  0.3866762  0.0000119
31.030  0.3866701  0.0000119
31.050  0.3866697  0.0000117
31.070  0.3866687  0.0000120
31.090  0.3866768  0.0000117
31.110  0.3866782  0.0000120
31.130  0.3866738  0.0000118
31.150  0.3866836  0.0000118
31.170  0.3866690  0.0000118
31.190  0.3866803  0.0000119
31.210  0.3866609  0.0000118
31.230  0.3866707  0.0000119
31.250  0.3866714  0.0000119
31.270  0.3866676  0.0000119
31.290  0.3866713  0.0000119
31.310  0.3866788  0.0000118
31.330  0.3866681  0.0000118
31.350  0.3866717  0.0000118
31.370  0.3866696  0.0000119
31.390  0.3866841  0.0000118
31.410  0.3866771  0.0000118
31.430  0.3866757  0.0000119
31.450  0.3866762  0.0000119
31.470  0.3866863  0.0000120
31.490  0.3866807  0.0000119
31.510  0.3866794  0.0000118
31.530  0.3866797  0.0000117
31.550  0.3866765  0.0000118
31.570  0.3866674  0.0000118
31.590  0.3866780  0.0000120
31.610  0.3866715  0.0000119
31.630  0.3866726  0.0000120
31.650  0.3866654  0.0000118
31.670  0.3866622  0.0000120
31.690  0.3866676  0.0000119
31.710  0.3866682  0.0000120
31.730  0.3866772  0.0000120
31.750  0.3866754  0.0000118
31.770  0.3866774  0.0000119
31.790  0.3866708  0.0000119
31.810  0.3866695  0.0000119
31.830  0.3866705  0.0000119
31.850  0.3866717  0.0000121
31.870  0.3866723  0.0000119
31.890  0.3866770  0.0000118
31.910  0.3866728  0.0000119
31.930  0.3866684  0.0000120
31.950  0.3866689  0.0000119
31.970  0.3866735  0.0000117
31.990  0.3866694  0.0000119
32.010  0.3866657  0.0000120
32.030  0.3866641  0.0000120
32.050  0.3866701  0.0000121
32.070  0.3866562  0.0000118
32.090  0.3866753  0.0000120
32.110  0.3866642  0.0000118
32.130  0.3866669  0.0000121
32.150  0.3866720  0.0000124
32.170  0.3866619  0.0000121
32.190  0.3866691  0.0000121
32.210  0.3866744  0.0000122
32.230  0.3866698  0.0000121
32.250  0.3866745  0.0000122
32.270  0.3866686  0.0000121
32.290  0.3866755  0.0000122
32.310  0.3866706  0.0000122
32.330  0.3866758  0.0000119
32.350  0.3866706  0.0000121
32.370  0.3866708  0.0000120
32.390  0.3866714  0.0000118
32.410  0.3866717  0.0000119
32.430  0.3866743  0.0000120
32.450  0.3866750  0.0000117
32.470  0.3866638  0.0000116
32.490  0.3866716  0.0000117
32.510  0.3866750  0.0000120
32.530  0.3866725  0.0000117
32.550  0.3866684  0.0000118
32.570  0.3866727  0.0000116
32.590  0.3866800  0.0000116
32.610  0.3866666  0.0000117
32.630  0.3866780  0.0000118
32.650  0.3866705  0.0000120
32.670  0.3866667  0.0000121
32.690  0.3866692  0.0000120
32.710  0.3866770  0.0000124
32.730  0.3866760  0.0000124
32.750  0.3866671  0.0000127
32.770  0.3866759  0.0000110
