% Density Profile of Hard Spheres at a Hard Flat Wall: rho(z), rho(z < 0.5) = 0
% Bulk density: rho (95% CI) = 0.70078165(0.00000293)
%
% rho_i is the average density in the interval [z_i-0.01, z_i+0.01]
%
%  z_i    rho_i     95% CI 
 0.510  3.7543085  0.0001878
 0.530  3.2698767  0.0001530
 0.550  2.8546749  0.0001282
 0.570  2.4986631  0.0001072
 0.590  2.1929623  0.0000924
 0.610  1.9302458  0.0000798
 0.630  1.7044568  0.0000710
 0.650  1.5098530  0.0000669
 0.670  1.3422220  0.0000621
 0.690  1.1976265  0.0000583
 0.710  1.0726264  0.0000560
 0.730  0.9646101  0.0000532
 0.750  0.8711540  0.0000507
 0.770  0.7901845  0.0000489
 0.790  0.7200606  0.0000473
 0.810  0.6592646  0.0000454
 0.830  0.6065577  0.0000443
 0.850  0.5609323  0.0000420
 0.870  0.5215091  0.0000413
 0.890  0.4874595  0.0000403
 0.910  0.4582073  0.0000388
 0.930  0.4331748  0.0000377
 0.950  0.4119227  0.0000373
 0.970  0.3940790  0.0000368
 0.990  0.3793644  0.0000354
 1.010  0.3675033  0.0000354
 1.030  0.3583127  0.0000352
 1.050  0.3516432  0.0000344
 1.070  0.3474103  0.0000344
 1.090  0.3455326  0.0000340
 1.110  0.3460356  0.0000338
 1.130  0.3489446  0.0000342
 1.150  0.3543193  0.0000349
 1.170  0.3622934  0.0000350
 1.190  0.3729875  0.0000358
 1.210  0.3866957  0.0000359
 1.230  0.4036505  0.0000372
 1.250  0.4241440  0.0000374
 1.270  0.4485735  0.0000400
 1.290  0.4773881  0.0000404
 1.310  0.5108371  0.0000420
 1.330  0.5495006  0.0000441
 1.350  0.5935853  0.0000471
 1.370  0.6431678  0.0000492
 1.390  0.6977321  0.0000536
 1.410  0.7558864  0.0000551
 1.430  0.8155218  0.0000581
 1.450  0.8744027  0.0000623
 1.470  0.9307192  0.0000632
 1.490  0.9828855  0.0000659
 1.510  1.0267341  0.0000662
 1.530  1.0516409  0.0000664
 1.550  1.0589684  0.0000640
 1.570  1.0532432  0.0000640
 1.590  1.0376837  0.0000616
 1.610  1.0151697  0.0000599
 1.630  0.9879103  0.0000584
 1.650  0.9575533  0.0000565
 1.670  0.9254464  0.0000554
 1.690  0.8927105  0.0000539
 1.710  0.8601011  0.0000516
 1.730  0.8282547  0.0000513
 1.750  0.7975791  0.0000502
 1.770  0.7683927  0.0000486
 1.790  0.7409146  0.0000488
 1.810  0.7152955  0.0000470
 1.830  0.6916027  0.0000468
 1.850  0.6699323  0.0000462
 1.870  0.6503300  0.0000449
 1.890  0.6326470  0.0000446
 1.910  0.6170403  0.0000446
 1.930  0.6033605  0.0000442
 1.950  0.5916013  0.0000439
 1.970  0.5817735  0.0000431
 1.990  0.5737707  0.0000431
 2.010  0.5675866  0.0000429
 2.030  0.5631688  0.0000425
 2.050  0.5605595  0.0000424
 2.070  0.5596782  0.0000434
 2.090  0.5604436  0.0000430
 2.110  0.5629116  0.0000437
 2.130  0.5670371  0.0000433
 2.150  0.5728226  0.0000440
 2.170  0.5800886  0.0000433
 2.190  0.5889496  0.0000448
 2.210  0.5992337  0.0000453
 2.230  0.6108698  0.0000455
 2.250  0.6237762  0.0000462
 2.270  0.6377732  0.0000463
 2.290  0.6526653  0.0000481
 2.310  0.6682662  0.0000483
 2.330  0.6842706  0.0000485
 2.350  0.7004005  0.0000505
 2.370  0.7162657  0.0000507
 2.390  0.7316447  0.0000504
 2.410  0.7461621  0.0000519
 2.430  0.7593986  0.0000530
 2.450  0.7710885  0.0000533
 2.470  0.7810027  0.0000532
 2.490  0.7888801  0.0000533
 2.510  0.7945421  0.0000539
 2.530  0.7979753  0.0000538
 2.550  0.7991780  0.0000533
 2.570  0.7982716  0.0000536
 2.590  0.7954880  0.0000520
 2.610  0.7910102  0.0000522
 2.630  0.7850973  0.0000516
 2.650  0.7780087  0.0000515
 2.670  0.7700623  0.0000514
 2.690  0.7613946  0.0000501
 2.710  0.7522840  0.0000497
 2.730  0.7429285  0.0000495
 2.750  0.7334784  0.0000482
 2.770  0.7241643  0.0000479
 2.790  0.7149796  0.0000487
 2.810  0.7061462  0.0000480
 2.830  0.6978259  0.0000471
 2.850  0.6899781  0.0000469
 2.870  0.6827134  0.0000474
 2.890  0.6761418  0.0000459
 2.910  0.6702557  0.0000464
 2.930  0.6651216  0.0000460
 2.950  0.6607475  0.0000463
 2.970  0.6570761  0.0000465
 2.990  0.6543227  0.0000468
 3.010  0.6522775  0.0000465
 3.030  0.6510549  0.0000469
 3.050  0.6505523  0.0000460
 3.070  0.6508602  0.0000455
 3.090  0.6518915  0.0000466
 3.110  0.6535560  0.0000465
 3.130  0.6559318  0.0000467
 3.150  0.6588936  0.0000465
 3.170  0.6623509  0.0000473
 3.190  0.6663448  0.0000465
 3.210  0.6707473  0.0000467
 3.230  0.6754812  0.0000477
 3.250  0.6804945  0.0000473
 3.270  0.6856248  0.0000486
 3.290  0.6908858  0.0000486
 3.310  0.6962012  0.0000484
 3.330  0.7013222  0.0000486
 3.350  0.7062826  0.0000487
 3.370  0.7109663  0.0000493
 3.390  0.7153334  0.0000492
 3.410  0.7192490  0.0000495
 3.430  0.7226534  0.0000492
 3.450  0.7255947  0.0000505
 3.470  0.7279656  0.0000499
 3.490  0.7297376  0.0000497
 3.510  0.7308971  0.0000498
 3.530  0.7315228  0.0000498
 3.550  0.7315104  0.0000492
 3.570  0.7310385  0.0000496
 3.590  0.7300415  0.0000500
 3.610  0.7285513  0.0000487
 3.630  0.7267002  0.0000494
 3.650  0.7244670  0.0000492
 3.670  0.7219857  0.0000491
 3.690  0.7192639  0.0000488
 3.710  0.7164038  0.0000481
 3.730  0.7133951  0.0000486
 3.750  0.7103654  0.0000479
 3.770  0.7072917  0.0000478
 3.790  0.7042909  0.0000482
 3.810  0.7013960  0.0000486
 3.830  0.6985652  0.0000474
 3.850  0.6960390  0.0000483
 3.870  0.6936233  0.0000477
 3.890  0.6914395  0.0000470
 3.910  0.6895355  0.0000470
 3.930  0.6878266  0.0000476
 3.950  0.6864581  0.0000474
 3.970  0.6852997  0.0000480
 3.990  0.6844569  0.0000469
 4.010  0.6839679  0.0000473
 4.030  0.6837303  0.0000473
 4.050  0.6837856  0.0000468
 4.070  0.6840508  0.0000476
 4.090  0.6846418  0.0000474
 4.110  0.6854190  0.0000477
 4.130  0.6864529  0.0000476
 4.150  0.6876416  0.0000475
 4.170  0.6889947  0.0000481
 4.190  0.6904971  0.0000469
 4.210  0.6920811  0.0000474
 4.230  0.6937339  0.0000488
 4.250  0.6955079  0.0000481
 4.270  0.6972351  0.0000482
 4.290  0.6989621  0.0000479
 4.310  0.7006549  0.0000485
 4.330  0.7022745  0.0000480
 4.350  0.7038043  0.0000484
 4.370  0.7052061  0.0000484
 4.390  0.7065055  0.0000493
 4.410  0.7076574  0.0000483
 4.430  0.7086656  0.0000489
 4.450  0.7093783  0.0000484
 4.470  0.7100061  0.0000487
 4.490  0.7104710  0.0000486
 4.510  0.7107143  0.0000500
 4.530  0.7107895  0.0000486
 4.550  0.7106800  0.0000481
 4.570  0.7104498  0.0000478
 4.590  0.7100459  0.0000484
 4.610  0.7094800  0.0000496
 4.630  0.7088387  0.0000485
 4.650  0.7080281  0.0000481
 4.670  0.7072477  0.0000480
 4.690  0.7062930  0.0000476
 4.710  0.7053537  0.0000481
 4.730  0.7043658  0.0000476
 4.750  0.7033387  0.0000481
 4.770  0.7023569  0.0000479
 4.790  0.7014077  0.0000473
 4.810  0.7004374  0.0000476
 4.830  0.6994981  0.0000485
 4.850  0.6987357  0.0000470
 4.870  0.6979178  0.0000478
 4.890  0.6972414  0.0000475
 4.910  0.6966324  0.0000473
 4.930  0.6961366  0.0000474
 4.950  0.6957647  0.0000479
 4.970  0.6954463  0.0000472
 4.990  0.6951978  0.0000475
 5.010  0.6951300  0.0000482
 5.030  0.6951100  0.0000475
 5.050  0.6951458  0.0000480
 5.070  0.6953434  0.0000471
 5.090  0.6955862  0.0000484
 5.110  0.6959079  0.0000478
 5.130  0.6962922  0.0000479
 5.150  0.6967205  0.0000482
 5.170  0.6972311  0.0000479
 5.190  0.6977620  0.0000487
 5.210  0.6982926  0.0000484
 5.230  0.6989098  0.0000486
 5.250  0.6994644  0.0000490
 5.270  0.7000596  0.0000490
 5.290  0.7006176  0.0000486
 5.310  0.7011216  0.0000489
 5.330  0.7016190  0.0000489
 5.350  0.7020767  0.0000471
 5.370  0.7025361  0.0000478
 5.390  0.7029273  0.0000479
 5.410  0.7032768  0.0000483
 5.430  0.7035105  0.0000491
 5.450  0.7038009  0.0000479
 5.470  0.7039548  0.0000491
 5.490  0.7040734  0.0000482
 5.510  0.7040635  0.0000485
 5.530  0.7040544  0.0000474
 5.550  0.7039979  0.0000484
 5.570  0.7038518  0.0000471
 5.590  0.7037145  0.0000475
 5.610  0.7035097  0.0000485
 5.630  0.7032664  0.0000484
 5.650  0.7029994  0.0000480
 5.670  0.7027131  0.0000476
 5.690  0.7024012  0.0000473
 5.710  0.7020940  0.0000478
 5.730  0.7017590  0.0000477
 5.750  0.7014044  0.0000482
 5.770  0.7011060  0.0000480
 5.790  0.7007614  0.0000475
 5.810  0.7004621  0.0000480
 5.830  0.7002043  0.0000477
 5.850  0.6999129  0.0000483
 5.870  0.6996724  0.0000476
 5.890  0.6994541  0.0000478
 5.910  0.6993066  0.0000470
 5.930  0.6991312  0.0000478
 5.950  0.6990080  0.0000477
 5.970  0.6989397  0.0000479
 5.990  0.6989031  0.0000483
 6.010  0.6988442  0.0000484
 6.030  0.6988912  0.0000482
 6.050  0.6989595  0.0000481
 6.070  0.6990099  0.0000482
 6.090  0.6991592  0.0000479
 6.110  0.6992418  0.0000476
 6.130  0.6993904  0.0000478
 6.150  0.6995683  0.0000478
 6.170  0.6997479  0.0000479
 6.190  0.6998757  0.0000487
 6.210  0.7001460  0.0000483
 6.230  0.7003097  0.0000481
 6.250  0.7004907  0.0000475
 6.270  0.7006995  0.0000483
 6.290  0.7008664  0.0000472
 6.310  0.7010065  0.0000478
 6.330  0.7011580  0.0000483
 6.350  0.7013546  0.0000474
 6.370  0.7014702  0.0000485
 6.390  0.7015584  0.0000487
 6.410  0.7016394  0.0000487
 6.430  0.7017462  0.0000492
 6.450  0.7018007  0.0000473
 6.470  0.7018008  0.0000485
 6.490  0.7018832  0.0000475
 6.510  0.7018745  0.0000482
 6.530  0.7018617  0.0000477
 6.550  0.7017957  0.0000480
 6.570  0.7017541  0.0000480
 6.590  0.7016780  0.0000473
 6.610  0.7016223  0.0000479
 6.630  0.7015544  0.0000470
 6.650  0.7014511  0.0000487
 6.670  0.7013611  0.0000478
 6.690  0.7012585  0.0000467
 6.710  0.7011219  0.0000477
 6.730  0.7010194  0.0000473
 6.750  0.7009355  0.0000470
 6.770  0.7007956  0.0000482
 6.790  0.7006978  0.0000479
 6.810  0.7006119  0.0000483
 6.830  0.7005128  0.0000485
 6.850  0.7004458  0.0000479
 6.870  0.7003745  0.0000491
 6.890  0.7003026  0.0000475
 6.910  0.7002973  0.0000475
 6.930  0.7002285  0.0000475
 6.950  0.7001936  0.0000481
 6.970  0.7001316  0.0000481
 6.990  0.7001568  0.0000474
 7.010  0.7001530  0.0000484
 7.030  0.7001649  0.0000483
 7.050  0.7001819  0.0000479
 7.070  0.7002073  0.0000473
 7.090  0.7002254  0.0000471
 7.110  0.7003124  0.0000478
 7.130  0.7003262  0.0000479
 7.150  0.7003672  0.0000486
 7.170  0.7004837  0.0000487
 7.190  0.7005235  0.0000483
 7.210  0.7006190  0.0000475
 7.230  0.7006938  0.0000482
 7.250  0.7007643  0.0000483
 7.270  0.7008051  0.0000484
 7.290  0.7008598  0.0000490
 7.310  0.7009004  0.0000481
 7.330  0.7009756  0.0000484
 7.350  0.7009792  0.0000480
 7.370  0.7010235  0.0000486
 7.390  0.7010663  0.0000480
 7.410  0.7010963  0.0000486
 7.430  0.7011274  0.0000487
 7.450  0.7011564  0.0000487
 7.470  0.7011725  0.0000477
 7.490  0.7011335  0.0000479
 7.510  0.7011517  0.0000478
 7.530  0.7011218  0.0000481
 7.550  0.7011033  0.0000479
 7.570  0.7010516  0.0000476
 7.590  0.7010610  0.0000485
 7.610  0.7010335  0.0000473
 7.630  0.7009874  0.0000483
 7.650  0.7009413  0.0000479
 7.670  0.7009521  0.0000476
 7.690  0.7009142  0.0000472
 7.710  0.7008594  0.0000477
 7.730  0.7008217  0.0000478
 7.750  0.7008070  0.0000486
 7.770  0.7007948  0.0000480
 7.790  0.7007729  0.0000476
 7.810  0.7007227  0.0000480
 7.830  0.7006533  0.0000471
 7.850  0.7006565  0.0000479
 7.870  0.7006368  0.0000484
 7.890  0.7006285  0.0000484
 7.910  0.7005688  0.0000482
 7.930  0.7005799  0.0000479
 7.950  0.7005466  0.0000474
 7.970  0.7005882  0.0000482
 7.990  0.7005417  0.0000473
 8.010  0.7005568  0.0000478
 8.030  0.7005482  0.0000476
 8.050  0.7005880  0.0000471
 8.070  0.7005909  0.0000483
 8.090  0.7006189  0.0000490
 8.110  0.7006115  0.0000483
 8.130  0.7006949  0.0000478
 8.150  0.7006882  0.0000478
 8.170  0.7007031  0.0000478
 8.190  0.7007455  0.0000483
 8.210  0.7007823  0.0000477
 8.230  0.7007381  0.0000484
 8.250  0.7008022  0.0000474
 8.270  0.7007864  0.0000475
 8.290  0.7008280  0.0000485
 8.310  0.7008298  0.0000485
 8.330  0.7008185  0.0000485
 8.350  0.7008454  0.0000482
 8.370  0.7008287  0.0000482
 8.390  0.7008775  0.0000483
 8.410  0.7008630  0.0000481
 8.430  0.7009124  0.0000491
 8.450  0.7009233  0.0000480
 8.470  0.7009151  0.0000477
 8.490  0.7009213  0.0000477
 8.510  0.7009184  0.0000481
 8.530  0.7009157  0.0000484
 8.550  0.7008799  0.0000483
 8.570  0.7008601  0.0000479
 8.590  0.7008657  0.0000480
 8.610  0.7008511  0.0000482
 8.630  0.7008403  0.0000476
 8.650  0.7008422  0.0000476
 8.670  0.7008257  0.0000480
 8.690  0.7007985  0.0000486
 8.710  0.7008367  0.0000481
 8.730  0.7007950  0.0000486
 8.750  0.7007819  0.0000472
 8.770  0.7007887  0.0000482
 8.790  0.7007418  0.0000477
 8.810  0.7007464  0.0000480
 8.830  0.7007493  0.0000481
 8.850  0.7007390  0.0000485
 8.870  0.7007272  0.0000477
 8.890  0.7006848  0.0000482
 8.910  0.7007064  0.0000471
 8.930  0.7006983  0.0000480
 8.950  0.7007488  0.0000479
 8.970  0.7007131  0.0000481
 8.990  0.7006570  0.0000479
 9.010  0.7006725  0.0000475
 9.030  0.7006980  0.0000473
 9.050  0.7007012  0.0000476
 9.070  0.7006904  0.0000474
 9.090  0.7007740  0.0000478
 9.110  0.7007162  0.0000480
 9.130  0.7007598  0.0000481
 9.150  0.7007584  0.0000484
 9.170  0.7007385  0.0000481
 9.190  0.7007864  0.0000480
 9.210  0.7008022  0.0000481
 9.230  0.7007830  0.0000470
 9.250  0.7008447  0.0000479
 9.270  0.7007798  0.0000475
 9.290  0.7008056  0.0000478
 9.310  0.7008291  0.0000475
 9.330  0.7008018  0.0000476
 9.350  0.7008351  0.0000472
 9.370  0.7008471  0.0000476
 9.390  0.7008334  0.0000466
 9.410  0.7008425  0.0000484
 9.430  0.7008551  0.0000483
 9.450  0.7008035  0.0000475
 9.470  0.7008327  0.0000479
 9.490  0.7008479  0.0000475
 9.510  0.7007981  0.0000480
 9.530  0.7008398  0.0000480
 9.550  0.7008064  0.0000478
 9.570  0.7008278  0.0000489
 9.590  0.7007549  0.0000479
 9.610  0.7007679  0.0000476
 9.630  0.7008102  0.0000475
 9.650  0.7007611  0.0000481
 9.670  0.7007902  0.0000472
 9.690  0.7008025  0.0000474
 9.710  0.7007858  0.0000476
 9.730  0.7008101  0.0000481
 9.750  0.7007956  0.0000474
 9.770  0.7007692  0.0000468
 9.790  0.7008168  0.0000474
 9.810  0.7007007  0.0000476
 9.830  0.7007368  0.0000477
 9.850  0.7007713  0.0000471
 9.870  0.7007043  0.0000483
 9.890  0.7007321  0.0000479
 9.910  0.7007129  0.0000478
 9.930  0.7007095  0.0000473
 9.950  0.7007607  0.0000475
 9.970  0.7007279  0.0000478
 9.990  0.7007448  0.0000482
10.010  0.7007323  0.0000486
10.030  0.7007352  0.0000480
10.050  0.7007729  0.0000473
10.070  0.7007516  0.0000474
10.090  0.7007244  0.0000475
10.110  0.7007343  0.0000475
10.130  0.7007683  0.0000480
10.150  0.7007993  0.0000479
10.170  0.7007861  0.0000472
10.190  0.7008203  0.0000471
10.210  0.7007923  0.0000477
10.230  0.7007828  0.0000478
10.250  0.7007832  0.0000481
10.270  0.7008562  0.0000477
10.290  0.7007974  0.0000486
10.310  0.7008021  0.0000479
10.330  0.7007651  0.0000487
10.350  0.7007695  0.0000471
10.370  0.7007906  0.0000485
10.390  0.7008135  0.0000474
10.410  0.7007666  0.0000473
10.430  0.7007998  0.0000480
10.450  0.7007747  0.0000471
10.470  0.7007953  0.0000481
10.490  0.7007803  0.0000476
10.510  0.7007785  0.0000480
10.530  0.7008228  0.0000471
10.550  0.7007862  0.0000485
10.570  0.7008080  0.0000473
10.590  0.7007956  0.0000477
10.610  0.7008279  0.0000486
10.630  0.7007894  0.0000474
10.650  0.7007957  0.0000477
10.670  0.7008061  0.0000480
10.690  0.7008104  0.0000482
10.710  0.7007747  0.0000471
10.730  0.7007625  0.0000476
10.750  0.7007474  0.0000472
10.770  0.7007709  0.0000482
10.790  0.7007609  0.0000484
10.810  0.7007678  0.0000486
10.830  0.7007618  0.0000478
10.850  0.7007272  0.0000484
10.870  0.7007400  0.0000481
10.890  0.7007034  0.0000479
10.910  0.7007324  0.0000479
10.930  0.7007959  0.0000478
10.950  0.7007915  0.0000483
10.970  0.7007574  0.0000481
10.990  0.7007473  0.0000474
11.010  0.7007773  0.0000487
11.030  0.7007480  0.0000477
11.050  0.7007608  0.0000480
11.070  0.7007408  0.0000474
11.090  0.7007631  0.0000473
11.110  0.7007742  0.0000479
11.130  0.7007918  0.0000479
11.150  0.7007865  0.0000480
11.170  0.7007941  0.0000478
11.190  0.7007923  0.0000483
11.210  0.7007898  0.0000479
11.230  0.7008058  0.0000476
11.250  0.7008019  0.0000475
11.270  0.7007873  0.0000471
11.290  0.7007994  0.0000481
11.310  0.7007627  0.0000489
11.330  0.7007705  0.0000477
11.350  0.7007655  0.0000486
11.370  0.7007663  0.0000469
11.390  0.7007839  0.0000482
11.410  0.7007931  0.0000486
11.430  0.7007802  0.0000480
11.450  0.7007623  0.0000492
11.470  0.7007763  0.0000480
11.490  0.7007750  0.0000471
11.510  0.7008218  0.0000476
11.530  0.7007820  0.0000483
11.550  0.7007749  0.0000481
11.570  0.7007678  0.0000480
11.590  0.7007789  0.0000477
11.610  0.7007748  0.0000471
11.630  0.7008106  0.0000475
11.650  0.7007638  0.0000479
11.670  0.7007853  0.0000482
11.690  0.7007779  0.0000478
11.710  0.7007943  0.0000481
11.730  0.7008077  0.0000481
11.750  0.7007932  0.0000475
11.770  0.7007847  0.0000480
11.790  0.7007878  0.0000472
11.810  0.7007941  0.0000483
11.830  0.7007587  0.0000479
11.850  0.7007788  0.0000471
11.870  0.7007859  0.0000477
11.890  0.7007600  0.0000479
11.910  0.7007637  0.0000477
11.930  0.7007630  0.0000471
11.950  0.7007613  0.0000478
11.970  0.7007653  0.0000477
11.990  0.7007566  0.0000482
12.010  0.7007852  0.0000484
12.030  0.7007428  0.0000478
12.050  0.7007482  0.0000476
12.070  0.7008038  0.0000479
12.090  0.7007910  0.0000481
12.110  0.7008038  0.0000473
12.130  0.7007538  0.0000486
12.150  0.7008159  0.0000491
12.170  0.7007961  0.0000481
12.190  0.7007548  0.0000480
12.210  0.7008044  0.0000476
12.230  0.7008168  0.0000479
12.250  0.7007642  0.0000478
12.270  0.7008109  0.0000477
12.290  0.7008004  0.0000483
12.310  0.7007927  0.0000478
12.330  0.7007584  0.0000472
12.350  0.7007896  0.0000482
12.370  0.7007598  0.0000477
12.390  0.7007613  0.0000477
12.410  0.7007860  0.0000478
12.430  0.7007566  0.0000476
12.450  0.7007654  0.0000479
12.470  0.7007691  0.0000478
12.490  0.7007644  0.0000480
12.510  0.7007617  0.0000485
12.530  0.7007893  0.0000485
12.550  0.7007741  0.0000487
12.570  0.7007816  0.0000485
12.590  0.7007544  0.0000486
12.610  0.7008109  0.0000477
12.630  0.7007910  0.0000479
12.650  0.7007778  0.0000480
12.670  0.7007630  0.0000473
12.690  0.7007903  0.0000473
12.710  0.7007825  0.0000485
12.730  0.7007728  0.0000481
12.750  0.7008291  0.0000483
12.770  0.7007989  0.0000484
12.790  0.7007770  0.0000484
12.810  0.7007813  0.0000480
12.830  0.7008041  0.0000479
12.850  0.7008017  0.0000484
12.870  0.7007663  0.0000479
12.890  0.7007404  0.0000483
12.910  0.7007735  0.0000477
12.930  0.7007594  0.0000473
12.950  0.7007945  0.0000485
12.970  0.7007667  0.0000481
12.990  0.7007209  0.0000478
13.010  0.7007345  0.0000481
13.030  0.7007618  0.0000477
13.050  0.7007432  0.0000477
13.070  0.7007638  0.0000484
13.090  0.7008153  0.0000475
13.110  0.7007816  0.0000479
13.130  0.7007727  0.0000475
13.150  0.7007563  0.0000482
13.170  0.7007800  0.0000479
13.190  0.7007867  0.0000476
13.210  0.7008066  0.0000478
13.230  0.7008007  0.0000485
13.250  0.7008315  0.0000481
13.270  0.7007900  0.0000472
13.290  0.7008057  0.0000481
13.310  0.7008001  0.0000471
13.330  0.7007582  0.0000481
13.350  0.7007646  0.0000476
13.370  0.7007684  0.0000476
13.390  0.7007790  0.0000476
13.410  0.7007476  0.0000486
13.430  0.7007841  0.0000479
13.450  0.7007878  0.0000481
13.470  0.7007571  0.0000477
13.490  0.7007949  0.0000477
13.510  0.7007511  0.0000474
13.530  0.7007906  0.0000473
13.550  0.7007380  0.0000488
13.570  0.7008010  0.0000472
13.590  0.7007491  0.0000473
13.610  0.7007730  0.0000480
13.630  0.7008411  0.0000481
13.650  0.7007830  0.0000473
13.670  0.7007526  0.0000478
13.690  0.7007694  0.0000486
13.710  0.7007977  0.0000480
13.730  0.7007793  0.0000482
13.750  0.7007518  0.0000480
13.770  0.7007797  0.0000478
13.790  0.7007531  0.0000482
13.810  0.7007605  0.0000478
13.830  0.7007803  0.0000473
13.850  0.7007654  0.0000474
13.870  0.7007828  0.0000475
13.890  0.7008135  0.0000479
13.910  0.7007936  0.0000485
13.930  0.7007927  0.0000476
13.950  0.7008057  0.0000469
13.970  0.7007839  0.0000477
13.990  0.7007868  0.0000477
14.010  0.7007868  0.0000484
14.030  0.7007803  0.0000482
14.050  0.7007634  0.0000474
14.070  0.7008049  0.0000486
14.090  0.7007856  0.0000480
14.110  0.7007943  0.0000481
14.130  0.7007621  0.0000480
14.150  0.7008102  0.0000479
14.170  0.7007900  0.0000484
14.190  0.7007946  0.0000486
14.210  0.7008075  0.0000475
14.230  0.7008076  0.0000484
14.250  0.7007561  0.0000477
14.270  0.7008058  0.0000483
14.290  0.7008011  0.0000478
14.310  0.7007850  0.0000475
14.330  0.7007949  0.0000483
14.350  0.7007674  0.0000468
14.370  0.7007845  0.0000472
14.390  0.7007479  0.0000482
14.410  0.7007633  0.0000470
14.430  0.7007421  0.0000482
14.450  0.7007761  0.0000474
14.470  0.7007805  0.0000482
14.490  0.7007573  0.0000476
14.510  0.7007623  0.0000484
14.530  0.7008024  0.0000486
14.550  0.7007836  0.0000477
14.570  0.7007845  0.0000477
14.590  0.7008036  0.0000478
14.610  0.7007912  0.0000481
14.630  0.7007604  0.0000477
14.650  0.7007631  0.0000473
14.670  0.7008205  0.0000477
14.690  0.7007810  0.0000478
14.710  0.7008051  0.0000475
14.730  0.7007655  0.0000477
14.750  0.7007439  0.0000482
14.770  0.7007596  0.0000476
14.790  0.7008036  0.0000477
14.810  0.7007569  0.0000483
14.830  0.7007470  0.0000484
14.850  0.7007882  0.0000485
14.870  0.7007812  0.0000487
14.890  0.7007972  0.0000474
14.910  0.7007865  0.0000472
14.930  0.7008333  0.0000486
14.950  0.7008119  0.0000487
14.970  0.7007848  0.0000479
14.990  0.7007571  0.0000476
15.010  0.7007743  0.0000487
15.030  0.7007841  0.0000478
15.050  0.7007444  0.0000482
15.070  0.7007701  0.0000476
15.090  0.7007816  0.0000479
15.110  0.7007759  0.0000483
15.130  0.7007670  0.0000482
15.150  0.7007748  0.0000481
15.170  0.7007752  0.0000491
15.190  0.7007991  0.0000481
15.210  0.7007551  0.0000472
15.230  0.7007675  0.0000479
15.250  0.7007724  0.0000484
15.270  0.7008296  0.0000483
15.290  0.7007897  0.0000476
15.310  0.7008092  0.0000481
15.330  0.7008117  0.0000469
15.350  0.7008027  0.0000479
15.370  0.7007652  0.0000480
15.390  0.7008075  0.0000478
15.410  0.7008281  0.0000464
15.430  0.7007788  0.0000470
15.450  0.7007783  0.0000477
15.470  0.7007992  0.0000481
15.490  0.7007438  0.0000472
15.510  0.7007863  0.0000476
15.530  0.7007703  0.0000480
15.550  0.7007705  0.0000484
15.570  0.7007802  0.0000477
15.590  0.7007766  0.0000476
15.610  0.7008511  0.0000480
15.630  0.7008144  0.0000481
15.650  0.7007696  0.0000478
15.670  0.7008094  0.0000476
15.690  0.7007700  0.0000476
15.710  0.7007791  0.0000484
15.730  0.7007851  0.0000480
15.750  0.7007447  0.0000468
15.770  0.7007856  0.0000477
15.790  0.7007797  0.0000478
15.810  0.7007416  0.0000487
15.830  0.7007635  0.0000471
15.850  0.7007719  0.0000481
15.870  0.7007725  0.0000480
15.890  0.7007978  0.0000467
15.910  0.7007919  0.0000481
15.930  0.7007829  0.0000470
15.950  0.7007953  0.0000476
15.970  0.7007775  0.0000483
15.990  0.7007860  0.0000475
16.010  0.7007586  0.0000476
16.030  0.7007508  0.0000481
16.050  0.7007820  0.0000487
16.070  0.7007926  0.0000484
16.090  0.7007949  0.0000483
16.110  0.7007758  0.0000472
16.130  0.7007998  0.0000480
16.150  0.7008236  0.0000477
16.170  0.7007995  0.0000475
16.190  0.7008118  0.0000477
16.210  0.7007500  0.0000482
16.230  0.7008089  0.0000477
16.250  0.7008015  0.0000479
16.270  0.7008099  0.0000489
16.290  0.7007881  0.0000472
16.310  0.7007871  0.0000481
16.330  0.7007766  0.0000486
16.350  0.7007945  0.0000485
16.370  0.7007854  0.0000488
16.390  0.7008228  0.0000484
16.410  0.7007845  0.0000486
16.430  0.7008288  0.0000482
16.450  0.7007670  0.0000477
16.470  0.7007520  0.0000480
16.490  0.7007546  0.0000475
16.510  0.7007979  0.0000484
16.530  0.7007980  0.0000474
16.550  0.7007522  0.0000471
16.570  0.7007805  0.0000475
16.590  0.7007750  0.0000483
16.610  0.7008016  0.0000484
16.630  0.7008056  0.0000484
16.650  0.7007410  0.0000473
16.670  0.7007919  0.0000479
16.690  0.7007846  0.0000477
16.710  0.7007808  0.0000482
16.730  0.7007926  0.0000485
16.750  0.7007969  0.0000480
16.770  0.7007957  0.0000480
16.790  0.7007902  0.0000476
16.810  0.7007723  0.0000477
16.830  0.7007982  0.0000488
16.850  0.7007444  0.0000480
16.870  0.7007875  0.0000478
16.890  0.7008018  0.0000471
16.910  0.7007599  0.0000478
16.930  0.7007646  0.0000479
16.950  0.7007931  0.0000478
16.970  0.7007507  0.0000469
16.990  0.7007619  0.0000480
17.010  0.7007861  0.0000473
17.030  0.7007873  0.0000467
17.050  0.7007463  0.0000473
17.070  0.7008008  0.0000479
17.090  0.7007432  0.0000482
17.110  0.7007946  0.0000476
17.130  0.7008070  0.0000476
17.150  0.7008123  0.0000481
17.170  0.7008497  0.0000488
17.190  0.7008053  0.0000480
17.210  0.7007605  0.0000478
17.230  0.7007840  0.0000481
17.250  0.7007931  0.0000475
17.270  0.7007978  0.0000484
17.290  0.7007874  0.0000474
17.310  0.7007695  0.0000491
17.330  0.7008057  0.0000484
17.350  0.7007593  0.0000480
17.370  0.7008091  0.0000477
17.390  0.7007707  0.0000485
17.410  0.7007469  0.0000472
17.430  0.7007831  0.0000475
17.450  0.7007706  0.0000476
17.470  0.7008094  0.0000476
17.490  0.7008013  0.0000481
17.510  0.7007465  0.0000484
17.530  0.7007841  0.0000476
17.550  0.7008108  0.0000485
17.570  0.7008021  0.0000480
17.590  0.7008204  0.0000476
17.610  0.7007618  0.0000479
17.630  0.7007907  0.0000482
17.650  0.7007929  0.0000483
17.670  0.7007893  0.0000479
17.690  0.7007990  0.0000477
17.710  0.7007879  0.0000473
17.730  0.7007811  0.0000477
17.750  0.7007954  0.0000474
17.770  0.7007783  0.0000476
17.790  0.7007676  0.0000477
17.810  0.7007866  0.0000495
17.830  0.7007474  0.0000480
17.850  0.7007591  0.0000477
17.870  0.7008282  0.0000481
17.890  0.7007892  0.0000480
17.910  0.7007870  0.0000482
17.930  0.7007373  0.0000481
17.950  0.7007680  0.0000483
17.970  0.7007445  0.0000480
17.990  0.7007634  0.0000485
18.010  0.7007611  0.0000478
18.030  0.7007937  0.0000474
18.050  0.7008245  0.0000477
18.070  0.7007665  0.0000473
18.090  0.7007504  0.0000473
18.110  0.7007933  0.0000479
18.130  0.7007541  0.0000481
18.150  0.7007671  0.0000473
18.170  0.7007635  0.0000485
18.190  0.7007517  0.0000478
18.210  0.7007149  0.0000480
18.230  0.7007796  0.0000479
18.250  0.7007500  0.0000481
18.270  0.7007335  0.0000473
18.290  0.7007510  0.0000477
18.310  0.7007907  0.0000481
18.330  0.7007642  0.0000470
18.350  0.7007974  0.0000475
18.370  0.7007768  0.0000475
18.390  0.7008334  0.0000476
18.410  0.7008025  0.0000476
18.430  0.7008174  0.0000474
18.450  0.7008320  0.0000473
18.470  0.7008084  0.0000483
18.490  0.7008491  0.0000469
18.510  0.7008068  0.0000469
18.530  0.7007958  0.0000474
18.550  0.7007987  0.0000482
18.570  0.7007639  0.0000481
18.590  0.7008087  0.0000473
18.610  0.7008110  0.0000483
18.630  0.7007748  0.0000473
18.650  0.7007920  0.0000484
18.670  0.7007765  0.0000474
18.690  0.7007940  0.0000474
18.710  0.7008250  0.0000478
18.730  0.7008087  0.0000479
18.750  0.7008296  0.0000479
18.770  0.7007818  0.0000476
18.790  0.7007657  0.0000475
18.810  0.7008035  0.0000469
18.830  0.7007592  0.0000482
18.850  0.7007405  0.0000478
18.870  0.7007806  0.0000480
18.890  0.7007623  0.0000476
18.910  0.7007345  0.0000480
18.930  0.7007240  0.0000479
18.950  0.7007175  0.0000476
18.970  0.7006642  0.0000481
18.990  0.7007543  0.0000482
19.010  0.7007486  0.0000477
19.030  0.7007748  0.0000485
19.050  0.7007587  0.0000480
19.070  0.7007687  0.0000475
19.090  0.7007859  0.0000473
19.110  0.7007822  0.0000476
19.130  0.7007648  0.0000476
19.150  0.7008014  0.0000486
19.170  0.7008057  0.0000463
19.190  0.7007794  0.0000470
19.210  0.7007821  0.0000473
19.230  0.7007638  0.0000476
19.250  0.7007888  0.0000472
19.270  0.7008129  0.0000475
19.290  0.7007963  0.0000473
19.310  0.7007473  0.0000485
19.330  0.7008033  0.0000474
19.350  0.7008126  0.0000481
19.370  0.7008181  0.0000481
19.390  0.7007769  0.0000478
19.410  0.7007984  0.0000474
19.430  0.7007620  0.0000478
19.450  0.7008333  0.0000480
19.470  0.7007933  0.0000479
19.490  0.7008034  0.0000479
19.510  0.7008066  0.0000479
19.530  0.7007762  0.0000481
19.550  0.7007790  0.0000474
19.570  0.7007818  0.0000477
19.590  0.7007908  0.0000479
19.610  0.7007995  0.0000477
19.630  0.7007723  0.0000484
19.650  0.7007499  0.0000485
19.670  0.7007901  0.0000477
19.690  0.7007770  0.0000469
19.710  0.7007811  0.0000473
19.730  0.7007738  0.0000478
19.750  0.7007974  0.0000478
19.770  0.7007915  0.0000486
19.790  0.7007661  0.0000477
19.810  0.7007480  0.0000468
19.830  0.7007857  0.0000476
19.850  0.7007785  0.0000479
19.870  0.7007812  0.0000484
19.890  0.7007716  0.0000472
19.910  0.7007599  0.0000474
19.930  0.7007493  0.0000476
19.950  0.7007737  0.0000476
19.970  0.7007975  0.0000480
19.990  0.7007907  0.0000471
20.010  0.7007712  0.0000484
20.030  0.7007851  0.0000485
20.050  0.7007626  0.0000485
20.070  0.7007844  0.0000477
20.090  0.7007853  0.0000471
20.110  0.7008125  0.0000480
20.130  0.7008012  0.0000478
20.150  0.7007807  0.0000482
20.170  0.7007774  0.0000478
20.190  0.7008130  0.0000475
20.210  0.7008094  0.0000481
20.230  0.7007307  0.0000479
20.250  0.7008347  0.0000481
20.270  0.7007620  0.0000479
20.290  0.7007676  0.0000481
20.310  0.7007711  0.0000473
20.330  0.7007976  0.0000478
20.350  0.7007823  0.0000474
20.370  0.7007716  0.0000477
20.390  0.7007880  0.0000475
20.410  0.7007747  0.0000482
20.430  0.7008092  0.0000470
20.450  0.7007590  0.0000488
20.470  0.7007503  0.0000475
20.490  0.7008000  0.0000475
20.510  0.7007873  0.0000483
20.530  0.7008024  0.0000477
20.550  0.7007637  0.0000481
20.570  0.7007844  0.0000477
20.590  0.7007609  0.0000488
20.610  0.7007839  0.0000481
20.630  0.7007919  0.0000477
20.650  0.7008024  0.0000478
20.670  0.7007826  0.0000482
20.690  0.7008306  0.0000479
20.710  0.7007995  0.0000477
20.730  0.7007767  0.0000471
20.750  0.7008176  0.0000480
20.770  0.7008042  0.0000480
20.790  0.7007741  0.0000482
20.810  0.7007458  0.0000483
20.830  0.7007951  0.0000478
20.850  0.7008073  0.0000480
20.870  0.7007811  0.0000473
20.890  0.7007979  0.0000485
20.910  0.7007731  0.0000481
20.930  0.7007467  0.0000477
20.950  0.7007415  0.0000482
20.970  0.7007687  0.0000488
20.990  0.7007496  0.0000486
21.010  0.7007737  0.0000473
21.030  0.7007505  0.0000482
21.050  0.7007754  0.0000473
21.070  0.7008027  0.0000480
21.090  0.7007937  0.0000486
21.110  0.7007893  0.0000476
21.130  0.7007815  0.0000476
21.150  0.7007849  0.0000481
21.170  0.7007876  0.0000471
21.190  0.7007982  0.0000467
21.210  0.7008130  0.0000479
21.230  0.7007994  0.0000471
21.250  0.7007729  0.0000473
21.270  0.7007907  0.0000475
21.290  0.7007672  0.0000478
21.310  0.7007864  0.0000475
21.330  0.7007885  0.0000481
21.350  0.7007760  0.0000479
21.370  0.7007924  0.0000479
21.390  0.7008241  0.0000483
21.410  0.7007705  0.0000476
21.430  0.7007856  0.0000477
21.450  0.7007850  0.0000475
21.470  0.7008001  0.0000475
21.490  0.7007585  0.0000475
21.510  0.7007883  0.0000478
21.530  0.7008097  0.0000473
21.550  0.7007987  0.0000475
21.570  0.7008127  0.0000482
21.590  0.7008136  0.0000477
21.610  0.7007834  0.0000474
21.630  0.7007874  0.0000475
21.650  0.7008004  0.0000487
21.670  0.7007712  0.0000479
21.690  0.7007879  0.0000471
21.710  0.7007821  0.0000479
21.730  0.7007815  0.0000474
21.750  0.7007793  0.0000475
21.770  0.7007962  0.0000478
21.790  0.7007786  0.0000483
21.810  0.7007431  0.0000473
21.830  0.7007920  0.0000476
21.850  0.7007523  0.0000469
21.870  0.7007899  0.0000484
21.890  0.7007764  0.0000478
21.910  0.7007458  0.0000472
21.930  0.7008051  0.0000480
21.950  0.7007416  0.0000482
21.970  0.7008065  0.0000482
21.990  0.7007526  0.0000477
22.010  0.7007529  0.0000480
22.030  0.7007773  0.0000469
22.050  0.7008004  0.0000481
22.070  0.7007878  0.0000481
22.090  0.7007600  0.0000479
22.110  0.7008039  0.0000482
22.130  0.7007987  0.0000481
22.150  0.7007951  0.0000476
22.170  0.7007913  0.0000481
22.190  0.7007664  0.0000475
22.210  0.7007703  0.0000472
22.230  0.7007841  0.0000481
22.250  0.7008121  0.0000481
22.270  0.7008062  0.0000480
22.290  0.7007984  0.0000480
22.310  0.7007757  0.0000482
22.330  0.7007676  0.0000484
22.350  0.7008093  0.0000491
22.370  0.7007646  0.0000476
22.390  0.7007704  0.0000482
22.410  0.7007981  0.0000481
22.430  0.7007737  0.0000484
22.450  0.7007945  0.0000484
22.470  0.7007548  0.0000475
22.490  0.7007705  0.0000479
22.510  0.7007728  0.0000472
22.530  0.7007797  0.0000483
22.550  0.7007688  0.0000480
22.570  0.7007563  0.0000473
22.590  0.7007907  0.0000481
22.610  0.7007661  0.0000475
22.630  0.7008047  0.0000473
22.650  0.7008061  0.0000479
22.670  0.7007962  0.0000480
22.690  0.7008024  0.0000490
22.710  0.7007710  0.0000484
22.730  0.7007739  0.0000472
22.750  0.7007606  0.0000484
22.770  0.7007922  0.0000482
22.790  0.7007861  0.0000479
22.810  0.7007407  0.0000484
22.830  0.7008055  0.0000487
22.850  0.7007986  0.0000487
22.870  0.7008120  0.0000482
22.890  0.7007782  0.0000484
22.910  0.7007578  0.0000483
22.930  0.7007440  0.0000476
22.950  0.7007938  0.0000480
22.970  0.7007664  0.0000479
22.990  0.7007492  0.0000477
23.010  0.7007640  0.0000477
23.030  0.7007378  0.0000488
23.050  0.7007356  0.0000491
23.070  0.7007744  0.0000481
23.090  0.7007911  0.0000480
23.110  0.7007440  0.0000493
23.130  0.7008255  0.0000481
23.150  0.7007831  0.0000483
23.170  0.7007855  0.0000487
23.190  0.7007868  0.0000477
23.210  0.7007566  0.0000483
23.230  0.7007932  0.0000483
23.250  0.7007826  0.0000486
23.270  0.7007895  0.0000475
23.290  0.7008331  0.0000493
23.310  0.7007941  0.0000485
23.330  0.7008130  0.0000483
23.350  0.7008102  0.0000478
23.370  0.7007853  0.0000482
23.390  0.7007735  0.0000477
23.410  0.7008317  0.0000484
23.430  0.7008001  0.0000475
23.450  0.7008068  0.0000483
23.470  0.7007905  0.0000480
23.490  0.7007755  0.0000477
23.510  0.7008033  0.0000481
23.530  0.7008068  0.0000478
23.550  0.7007919  0.0000481
23.570  0.7007645  0.0000482
23.590  0.7007686  0.0000485
23.610  0.7007587  0.0000484
23.630  0.7007772  0.0000479
23.650  0.7007904  0.0000484
23.670  0.7007587  0.0000475
23.690  0.7007893  0.0000480
23.710  0.7008120  0.0000482
23.730  0.7007780  0.0000480
23.750  0.7007280  0.0000475
23.770  0.7007905  0.0000479
23.790  0.7007628  0.0000482
23.810  0.7007733  0.0000476
23.830  0.7007437  0.0000482
23.850  0.7007704  0.0000486
23.870  0.7007105  0.0000470
23.890  0.7007828  0.0000477
23.910  0.7007676  0.0000488
23.930  0.7007638  0.0000482
23.950  0.7007882  0.0000480
23.970  0.7007813  0.0000478
23.990  0.7007566  0.0000481
24.010  0.7007684  0.0000472
24.030  0.7007757  0.0000481
24.050  0.7007758  0.0000481
24.070  0.7007808  0.0000471
24.090  0.7008309  0.0000480
24.110  0.7007570  0.0000475
24.130  0.7007691  0.0000480
24.150  0.7008103  0.0000477
24.170  0.7008036  0.0000482
24.190  0.7007585  0.0000481
24.210  0.7007549  0.0000487
24.230  0.7008150  0.0000484
24.250  0.7007819  0.0000475
24.270  0.7007709  0.0000482
24.290  0.7008069  0.0000483
24.310  0.7007940  0.0000488
24.330  0.7007862  0.0000475
24.350  0.7008117  0.0000486
24.370  0.7007968  0.0000481
24.390  0.7008064  0.0000475
24.410  0.7007997  0.0000480
24.430  0.7008155  0.0000490
24.450  0.7007729  0.0000471
24.470  0.7007583  0.0000477
24.490  0.7007843  0.0000475
24.510  0.7007849  0.0000483
24.530  0.7007973  0.0000477
24.550  0.7007703  0.0000478
24.570  0.7007673  0.0000480
24.590  0.7008025  0.0000484
24.610  0.7007991  0.0000481
24.630  0.7007787  0.0000485
24.650  0.7007698  0.0000482
24.670  0.7007612  0.0000481
24.690  0.7007660  0.0000478
24.710  0.7007542  0.0000480
24.730  0.7007590  0.0000480
24.750  0.7007522  0.0000478
24.770  0.7007522  0.0000477
24.790  0.7007681  0.0000481
24.810  0.7007713  0.0000476
24.830  0.7007260  0.0000481
24.850  0.7007805  0.0000478
24.870  0.7007985  0.0000474
24.890  0.7007538  0.0000483
24.910  0.7007791  0.0000482
24.930  0.7007475  0.0000484
24.950  0.7007782  0.0000479
24.970  0.7007720  0.0000483
24.990  0.7008026  0.0000476
25.010  0.7007903  0.0000472
25.030  0.7008180  0.0000484
25.050  0.7008191  0.0000480
25.070  0.7007782  0.0000480
25.090  0.7008042  0.0000478
25.110  0.7008443  0.0000474
25.130  0.7008051  0.0000475
25.150  0.7008033  0.0000478
25.170  0.7008029  0.0000477
25.190  0.7007989  0.0000483
25.210  0.7007747  0.0000484
25.230  0.7007593  0.0000475
25.250  0.7008150  0.0000481
25.270  0.7008024  0.0000489
25.290  0.7007827  0.0000478
25.310  0.7008274  0.0000481
25.330  0.7008319  0.0000488
25.350  0.7007888  0.0000484
25.370  0.7007810  0.0000483
25.390  0.7008010  0.0000481
25.410  0.7008037  0.0000475
25.430  0.7007470  0.0000485
25.450  0.7008111  0.0000480
25.470  0.7007926  0.0000479
25.490  0.7007909  0.0000481
25.510  0.7008088  0.0000486
25.530  0.7007937  0.0000484
25.550  0.7007637  0.0000482
25.570  0.7008167  0.0000481
25.590  0.7007736  0.0000486
25.610  0.7007452  0.0000486
25.630  0.7007156  0.0000479
25.650  0.7007294  0.0000478
25.670  0.7007581  0.0000480
25.690  0.7007832  0.0000478
25.710  0.7007343  0.0000482
25.730  0.7007500  0.0000479
25.750  0.7008085  0.0000480
25.770  0.7007356  0.0000471
25.790  0.7007434  0.0000481
25.810  0.7007651  0.0000484
25.830  0.7007776  0.0000485
25.850  0.7008024  0.0000481
25.870  0.7007887  0.0000474
25.890  0.7007899  0.0000473
25.910  0.7008282  0.0000475
25.930  0.7007935  0.0000481
25.950  0.7007770  0.0000462
25.970  0.7008095  0.0000477
25.990  0.7008170  0.0000478
26.010  0.7007900  0.0000480
26.030  0.7007633  0.0000488
26.050  0.7008431  0.0000475
26.070  0.7007925  0.0000480
26.090  0.7008366  0.0000480
26.110  0.7007844  0.0000488
26.130  0.7007978  0.0000477
26.150  0.7007747  0.0000473
26.170  0.7007751  0.0000476
26.190  0.7007803  0.0000479
26.210  0.7007682  0.0000480
26.230  0.7007557  0.0000485
26.250  0.7007703  0.0000487
26.270  0.7007528  0.0000478
26.290  0.7007481  0.0000475
26.310  0.7007654  0.0000485
26.330  0.7007710  0.0000476
26.350  0.7007546  0.0000480
26.370  0.7007421  0.0000483
26.390  0.7007558  0.0000479
26.410  0.7007400  0.0000486
26.430  0.7007624  0.0000481
26.450  0.7007941  0.0000481
26.470  0.7008097  0.0000480
26.490  0.7008244  0.0000480
26.510  0.7007851  0.0000486
26.530  0.7007914  0.0000474
26.550  0.7008339  0.0000479
26.570  0.7007692  0.0000488
26.590  0.7007714  0.0000480
26.610  0.7007868  0.0000476
26.630  0.7008164  0.0000484
26.650  0.7008106  0.0000479
26.670  0.7008159  0.0000472
26.690  0.7008340  0.0000489
26.710  0.7007969  0.0000476
26.730  0.7008064  0.0000472
26.750  0.7008083  0.0000477
26.770  0.7007986  0.0000470
26.790  0.7007705  0.0000475
26.810  0.7007766  0.0000475
26.830  0.7007401  0.0000469
26.850  0.7007922  0.0000486
26.870  0.7007523  0.0000477
26.890  0.7007454  0.0000478
26.910  0.7007508  0.0000476
26.930  0.7007994  0.0000471
26.950  0.7007622  0.0000472
26.970  0.7007814  0.0000481
26.990  0.7007565  0.0000487
27.010  0.7007703  0.0000476
27.030  0.7008198  0.0000480
27.050  0.7007799  0.0000477
27.070  0.7007965  0.0000476
27.090  0.7007896  0.0000473
27.110  0.7007628  0.0000477
27.130  0.7007878  0.0000483
27.150  0.7007621  0.0000479
27.170  0.7007783  0.0000476
27.190  0.7007718  0.0000480
27.210  0.7007556  0.0000473
27.230  0.7007753  0.0000481
27.250  0.7008181  0.0000484
27.270  0.7007975  0.0000485
27.290  0.7007971  0.0000477
27.310  0.7007818  0.0000484
27.330  0.7007772  0.0000474
27.350  0.7007614  0.0000480
27.370  0.7008068  0.0000476
27.390  0.7007655  0.0000480
27.410  0.7007528  0.0000482
27.430  0.7007550  0.0000484
27.450  0.7007564  0.0000483
27.470  0.7007720  0.0000485
27.490  0.7007595  0.0000486
27.510  0.7007778  0.0000483
27.530  0.7007720  0.0000483
27.550  0.7007738  0.0000481
27.570  0.7007740  0.0000475
27.590  0.7007911  0.0000481
27.610  0.7007480  0.0000471
27.630  0.7007688  0.0000478
27.650  0.7007881  0.0000491
27.670  0.7007714  0.0000470
27.690  0.7007743  0.0000484
27.710  0.7008108  0.0000478
27.730  0.7007989  0.0000483
27.750  0.7008061  0.0000475
27.770  0.7007886  0.0000475
27.790  0.7007625  0.0000487
27.810  0.7007586  0.0000483
27.830  0.7007740  0.0000477
27.850  0.7007552  0.0000484
27.870  0.7008275  0.0000481
27.890  0.7007617  0.0000485
27.910  0.7008055  0.0000476
27.930  0.7007954  0.0000479
27.950  0.7008252  0.0000485
27.970  0.7008069  0.0000481
27.990  0.7007697  0.0000478
28.010  0.7007737  0.0000477
28.030  0.7007770  0.0000480
28.050  0.7008355  0.0000485
28.070  0.7007916  0.0000480
28.090  0.7007872  0.0000476
28.110  0.7007642  0.0000478
28.130  0.7007573  0.0000482
28.150  0.7008169  0.0000482
28.170  0.7007869  0.0000476
28.190  0.7007938  0.0000483
28.210  0.7007982  0.0000476
28.230  0.7007668  0.0000469
28.250  0.7007757  0.0000470
28.270  0.7007999  0.0000476
28.290  0.7008125  0.0000475
28.310  0.7008131  0.0000486
28.330  0.7008150  0.0000483
28.350  0.7007967  0.0000482
28.370  0.7007945  0.0000484
28.390  0.7008077  0.0000477
28.410  0.7007694  0.0000490
28.430  0.7007549  0.0000490
28.450  0.7007929  0.0000491
28.470  0.7007538  0.0000478
28.490  0.7007363  0.0000477
28.510  0.7007339  0.0000481
28.530  0.7007549  0.0000483
28.550  0.7007617  0.0000480
28.570  0.7007382  0.0000487
28.590  0.7007564  0.0000481
28.610  0.7007818  0.0000485
28.630  0.7007613  0.0000480
28.650  0.7007619  0.0000481
28.670  0.7008005  0.0000486
28.690  0.7007289  0.0000478
28.710  0.7007573  0.0000479
28.730  0.7008278  0.0000478
28.750  0.7008066  0.0000492
28.770  0.7008075  0.0000483
28.790  0.7008366  0.0000487
28.810  0.7007902  0.0000484
28.830  0.7008268  0.0000470
28.850  0.7007956  0.0000482
28.870  0.7007833  0.0000485
28.890  0.7007814  0.0000483
28.910  0.7007606  0.0000485
28.930  0.7007917  0.0000490
28.950  0.7007724  0.0000486
28.970  0.7007786  0.0000487
28.990  0.7008010  0.0000476
29.010  0.7008155  0.0000478
29.030  0.7007585  0.0000479
29.050  0.7007843  0.0000478
29.070  0.7008146  0.0000484
29.090  0.7007756  0.0000474
29.110  0.7008306  0.0000483
29.130  0.7007846  0.0000477
29.150  0.7008248  0.0000482
29.170  0.7007929  0.0000485
29.190  0.7007911  0.0000482
29.210  0.7007743  0.0000481
29.230  0.7007720  0.0000494
29.250  0.7007724  0.0000487
29.270  0.7007886  0.0000487
29.290  0.7007879  0.0000478
29.310  0.7007481  0.0000482
29.330  0.7007893  0.0000478
29.350  0.7007827  0.0000480
29.370  0.7008120  0.0000477
29.390  0.7007479  0.0000489
29.410  0.7007848  0.0000487
29.430  0.7007517  0.0000478
29.450  0.7007638  0.0000482
29.470  0.7007745  0.0000472
29.490  0.7007924  0.0000494
29.510  0.7007864  0.0000486
29.530  0.7007814  0.0000483
29.550  0.7007609  0.0000475
29.570  0.7007540  0.0000481
29.590  0.7007743  0.0000486
29.610  0.7007791  0.0000481
29.630  0.7007670  0.0000479
29.650  0.7007527  0.0000478
29.670  0.7007480  0.0000480
29.690  0.7007850  0.0000487
29.710  0.7007627  0.0000486
29.730  0.7007247  0.0000483
29.750  0.7007995  0.0000490
29.770  0.7007949  0.0000481
29.790  0.7008254  0.0000485
29.810  0.7008007  0.0000484
29.830  0.7007482  0.0000480
29.850  0.7007980  0.0000480
29.870  0.7008140  0.0000484
29.890  0.7008021  0.0000485
29.910  0.7008015  0.0000492
29.930  0.7008135  0.0000489
29.950  0.7007509  0.0000476
29.970  0.7008070  0.0000489
29.990  0.7007950  0.0000489
30.010  0.7007806  0.0000481
30.030  0.7007898  0.0000484
30.050  0.7007693  0.0000477
30.070  0.7008083  0.0000483
30.090  0.7008027  0.0000485
30.110  0.7008285  0.0000482
30.130  0.7007689  0.0000490
30.150  0.7007898  0.0000482
30.170  0.7007825  0.0000490
30.190  0.7007996  0.0000486
30.210  0.7008159  0.0000485
30.230  0.7007972  0.0000484
30.250  0.7007637  0.0000476
30.270  0.7008100  0.0000476
30.290  0.7007653  0.0000487
30.310  0.7007820  0.0000493
30.330  0.7007753  0.0000489
30.350  0.7007622  0.0000483
30.370  0.7007618  0.0000484
30.390  0.7007599  0.0000484
30.410  0.7007721  0.0000482
30.430  0.7007762  0.0000489
30.450  0.7007735  0.0000483
30.470  0.7007477  0.0000477
30.490  0.7008287  0.0000485
30.510  0.7007540  0.0000486
30.530  0.7007944  0.0000479
30.550  0.7007567  0.0000484
30.570  0.7008049  0.0000487
30.590  0.7007814  0.0000485
30.610  0.7007990  0.0000480
30.630  0.7008064  0.0000489
30.650  0.7007952  0.0000482
30.670  0.7007935  0.0000488
30.690  0.7008056  0.0000485
30.710  0.7007563  0.0000486
30.730  0.7007817  0.0000482
30.750  0.7007785  0.0000487
30.770  0.7007856  0.0000486
30.790  0.7008168  0.0000488
30.810  0.7007716  0.0000486
30.830  0.7007455  0.0000483
30.850  0.7008128  0.0000490
30.870  0.7007540  0.0000488
30.890  0.7008022  0.0000491
30.910  0.7007662  0.0000491
30.930  0.7007699  0.0000480
30.950  0.7007750  0.0000475
30.970  0.7007971  0.0000486
30.990  0.7007782  0.0000484
31.010  0.7007847  0.0000479
31.030  0.7007560  0.0000479
31.050  0.7007835  0.0000488
31.070  0.7008085  0.0000480
31.090  0.7007787  0.0000481
31.110  0.7008032  0.0000483
31.130  0.7007774  0.0000483
31.150  0.7008327  0.0000474
31.170  0.7008087  0.0000477
31.190  0.7008139  0.0000479
31.210  0.7008013  0.0000491
31.230  0.7007827  0.0000480
31.250  0.7007898  0.0000495
31.270  0.7007750  0.0000490
31.290  0.7007561  0.0000487
31.310  0.7007640  0.0000488
31.330  0.7007218  0.0000492
31.350  0.7007624  0.0000493
31.370  0.7007580  0.0000490
31.390  0.7007853  0.0000489
31.410  0.7007595  0.0000484
31.430  0.7007959  0.0000492
31.450  0.7007727  0.0000487
31.470  0.7007882  0.0000494
31.490  0.7007998  0.0000483
31.510  0.7007716  0.0000477
31.530  0.7007846  0.0000482
31.550  0.7007807  0.0000477
31.570  0.7007986  0.0000470
31.590  0.7008006  0.0000479
31.610  0.7007801  0.0000474
31.630  0.7007953  0.0000478
31.650  0.7008024  0.0000484
31.670  0.7007964  0.0000478
31.690  0.7007535  0.0000487
31.710  0.7008258  0.0000483
31.730  0.7007928  0.0000496
31.750  0.7008072  0.0000495
31.770  0.7007977  0.0000497
31.790  0.7007891  0.0000488
31.810  0.7008016  0.0000498
31.830  0.7007492  0.0000494
31.850  0.7007932  0.0000493
31.870  0.7007872  0.0000494
31.890  0.7008033  0.0000493
31.910  0.7007785  0.0000486
31.930  0.7007904  0.0000486
31.950  0.7007584  0.0000485
31.970  0.7007971  0.0000486
31.990  0.7007909  0.0000486
32.010  0.7007760  0.0000482
32.030  0.7007456  0.0000477
32.050  0.7007733  0.0000477
32.070  0.7007695  0.0000465
32.090  0.7007917  0.0000479
32.110  0.7007739  0.0000473
32.130  0.7007925  0.0000477
32.150  0.7007718  0.0000475
32.170  0.7008208  0.0000481
32.190  0.7008158  0.0000490
32.210  0.7007841  0.0000495
32.230  0.7007999  0.0000496
32.250  0.7008213  0.0000500
32.270  0.7007897  0.0000509
32.290  0.7007728  0.0000506
32.310  0.7007786  0.0000507
32.330  0.7008044  0.0000514
32.350  0.7007824  0.0000498
32.370  0.7007835  0.0000498
32.390  0.7007781  0.0000491
32.410  0.7007727  0.0000480
32.430  0.7007795  0.0000490
32.450  0.7008181  0.0000482
32.470  0.7007660  0.0000476
32.490  0.7007928  0.0000467
32.510  0.7008254  0.0000470
32.530  0.7007767  0.0000458
32.550  0.7007736  0.0000454
32.570  0.7007759  0.0000456
32.590  0.7008217  0.0000455
32.610  0.7007588  0.0000459
32.630  0.7007632  0.0000458
32.650  0.7007898  0.0000463
32.670  0.7007711  0.0000470
32.690  0.7007824  0.0000482
32.710  0.7007766  0.0000489
32.730  0.7007565  0.0000499
32.750  0.7007790  0.0000512
32.770  0.7007676  0.0000442
