% Density Profile of Hard Spheres at a Hard Flat Wall: rho(z), rho(z < 0.5) = 0
% Bulk density: rho (95% CI) = 0.82910036(0.00000410)
%
% rho_i is the average density in the interval [z_i-0.01, z_i+0.01]
%
%  z_i    rho_i     95% CI 
 0.510  6.3731361  0.0003407
 0.530  5.1780036  0.0002601
 0.550  4.2241360  0.0001982
 0.570  3.4609979  0.0001673
 0.590  2.8491887  0.0001418
 0.610  2.3571103  0.0001240
 0.630  1.9606922  0.0001132
 0.650  1.6401427  0.0001052
 0.670  1.3804009  0.0000980
 0.690  1.1691468  0.0000921
 0.710  0.9971968  0.0000851
 0.730  0.8565621  0.0000797
 0.750  0.7414073  0.0000751
 0.770  0.6467081  0.0000700
 0.790  0.5687576  0.0000663
 0.810  0.5044572  0.0000637
 0.830  0.4513974  0.0000600
 0.850  0.4076262  0.0000571
 0.870  0.3715124  0.0000548
 0.890  0.3418329  0.0000536
 0.910  0.3175396  0.0000520
 0.930  0.2980074  0.0000508
 0.950  0.2824855  0.0000490
 0.970  0.2705818  0.0000481
 0.990  0.2619288  0.0000485
 1.010  0.2562448  0.0000477
 1.030  0.2534629  0.0000470
 1.050  0.2534910  0.0000480
 1.070  0.2563626  0.0000483
 1.090  0.2622260  0.0000480
 1.110  0.2713973  0.0000491
 1.130  0.2840880  0.0000504
 1.150  0.3007567  0.0000529
 1.170  0.3221363  0.0000543
 1.190  0.3489517  0.0000556
 1.210  0.3821893  0.0000581
 1.230  0.4229897  0.0000626
 1.250  0.4727729  0.0000643
 1.270  0.5329945  0.0000677
 1.290  0.6053722  0.0000733
 1.310  0.6914063  0.0000808
 1.330  0.7927592  0.0000853
 1.350  0.9093849  0.0000963
 1.370  1.0399534  0.0001043
 1.390  1.1786626  0.0001128
 1.410  1.3141073  0.0001236
 1.430  1.4344395  0.0001288
 1.450  1.5302761  0.0001314
 1.470  1.5969911  0.0001329
 1.490  1.6335800  0.0001291
 1.510  1.6370392  0.0001244
 1.530  1.5980766  0.0001177
 1.550  1.5287597  0.0001125
 1.570  1.4432294  0.0001073
 1.590  1.3499337  0.0001030
 1.610  1.2554456  0.0000991
 1.630  1.1633856  0.0000949
 1.650  1.0763569  0.0000920
 1.670  0.9957342  0.0000899
 1.690  0.9220556  0.0000857
 1.710  0.8555339  0.0000825
 1.730  0.7960789  0.0000788
 1.750  0.7434270  0.0000796
 1.770  0.6973131  0.0000755
 1.790  0.6570315  0.0000738
 1.810  0.6223239  0.0000726
 1.830  0.5926418  0.0000721
 1.850  0.5677891  0.0000700
 1.870  0.5471916  0.0000686
 1.890  0.5308265  0.0000670
 1.910  0.5182439  0.0000676
 1.930  0.5094053  0.0000668
 1.950  0.5040564  0.0000673
 1.970  0.5021350  0.0000661
 1.990  0.5035568  0.0000651
 2.010  0.5082523  0.0000675
 2.030  0.5163805  0.0000668
 2.050  0.5279199  0.0000689
 2.070  0.5429491  0.0000690
 2.090  0.5614813  0.0000706
 2.110  0.5838356  0.0000710
 2.130  0.6098160  0.0000717
 2.150  0.6395524  0.0000757
 2.170  0.6730582  0.0000776
 2.190  0.7100864  0.0000798
 2.210  0.7503324  0.0000822
 2.230  0.7933815  0.0000861
 2.250  0.8383026  0.0000885
 2.270  0.8842634  0.0000905
 2.290  0.9300136  0.0000924
 2.310  0.9740436  0.0000967
 2.330  1.0150660  0.0000985
 2.350  1.0514068  0.0001014
 2.370  1.0820352  0.0001015
 2.390  1.1056753  0.0001021
 2.410  1.1215549  0.0001032
 2.430  1.1294599  0.0001020
 2.450  1.1295752  0.0000997
 2.470  1.1219692  0.0000990
 2.490  1.1076667  0.0000965
 2.510  1.0875251  0.0000955
 2.530  1.0625009  0.0000924
 2.550  1.0337889  0.0000917
 2.570  1.0025720  0.0000907
 2.590  0.9700941  0.0000894
 2.610  0.9371064  0.0000878
 2.630  0.9045206  0.0000853
 2.650  0.8730715  0.0000833
 2.670  0.8429641  0.0000824
 2.690  0.8147704  0.0000813
 2.710  0.7888072  0.0000805
 2.730  0.7650581  0.0000803
 2.750  0.7437834  0.0000780
 2.770  0.7250214  0.0000772
 2.790  0.7087790  0.0000781
 2.810  0.6950103  0.0000772
 2.830  0.6838502  0.0000748
 2.850  0.6752043  0.0000755
 2.870  0.6689283  0.0000750
 2.890  0.6651058  0.0000750
 2.910  0.6636850  0.0000741
 2.930  0.6645902  0.0000756
 2.950  0.6677380  0.0000741
 2.970  0.6730335  0.0000758
 2.990  0.6806090  0.0000760
 3.010  0.6902758  0.0000766
 3.030  0.7018378  0.0000788
 3.050  0.7153849  0.0000770
 3.070  0.7304379  0.0000792
 3.090  0.7472363  0.0000791
 3.110  0.7652585  0.0000808
 3.130  0.7841870  0.0000835
 3.150  0.8039430  0.0000835
 3.170  0.8239201  0.0000842
 3.190  0.8437812  0.0000859
 3.210  0.8633503  0.0000871
 3.230  0.8819805  0.0000886
 3.250  0.8992417  0.0000891
 3.270  0.9147484  0.0000897
 3.290  0.9282002  0.0000914
 3.310  0.9393302  0.0000888
 3.330  0.9478725  0.0000906
 3.350  0.9536584  0.0000897
 3.370  0.9565534  0.0000909
 3.390  0.9568895  0.0000912
 3.410  0.9543870  0.0000904
 3.430  0.9495661  0.0000886
 3.450  0.9424202  0.0000877
 3.470  0.9334170  0.0000882
 3.490  0.9227737  0.0000851
 3.510  0.9109089  0.0000854
 3.530  0.8978525  0.0000865
 3.550  0.8843561  0.0000834
 3.570  0.8703729  0.0000841
 3.590  0.8564733  0.0000834
 3.610  0.8427850  0.0000824
 3.630  0.8294353  0.0000816
 3.650  0.8168642  0.0000814
 3.670  0.8049013  0.0000817
 3.690  0.7940689  0.0000806
 3.710  0.7841795  0.0000802
 3.730  0.7755574  0.0000797
 3.750  0.7680341  0.0000790
 3.770  0.7618389  0.0000791
 3.790  0.7569538  0.0000790
 3.810  0.7533761  0.0000804
 3.830  0.7510660  0.0000790
 3.850  0.7501763  0.0000788
 3.870  0.7504963  0.0000774
 3.890  0.7520281  0.0000777
 3.910  0.7548116  0.0000784
 3.930  0.7587477  0.0000791
 3.950  0.7637483  0.0000791
 3.970  0.7696253  0.0000795
 3.990  0.7763898  0.0000801
 4.010  0.7839127  0.0000809
 4.030  0.7920954  0.0000801
 4.050  0.8008068  0.0000820
 4.070  0.8097506  0.0000835
 4.090  0.8188461  0.0000831
 4.110  0.8279795  0.0000831
 4.130  0.8369510  0.0000840
 4.150  0.8455115  0.0000856
 4.170  0.8534662  0.0000847
 4.190  0.8609937  0.0000859
 4.210  0.8675686  0.0000860
 4.230  0.8733214  0.0000858
 4.250  0.8780028  0.0000858
 4.270  0.8816523  0.0000863
 4.290  0.8841624  0.0000856
 4.310  0.8854871  0.0000859
 4.330  0.8857760  0.0000854
 4.350  0.8849171  0.0000853
 4.370  0.8830824  0.0000860
 4.390  0.8802295  0.0000848
 4.410  0.8765633  0.0000842
 4.430  0.8722248  0.0000850
 4.450  0.8672302  0.0000834
 4.470  0.8616677  0.0000834
 4.490  0.8559114  0.0000826
 4.510  0.8497273  0.0000838
 4.530  0.8434633  0.0000817
 4.550  0.8373024  0.0000826
 4.570  0.8311777  0.0000835
 4.590  0.8252682  0.0000837
 4.610  0.8196061  0.0000818
 4.630  0.8143420  0.0000816
 4.650  0.8096044  0.0000807
 4.670  0.8052945  0.0000825
 4.690  0.8016330  0.0000800
 4.710  0.7984942  0.0000808
 4.730  0.7960314  0.0000797
 4.750  0.7941480  0.0000808
 4.770  0.7929127  0.0000806
 4.790  0.7923342  0.0000794
 4.810  0.7923913  0.0000795
 4.830  0.7931477  0.0000805
 4.850  0.7944342  0.0000794
 4.870  0.7962759  0.0000797
 4.890  0.7986176  0.0000802
 4.910  0.8014044  0.0000791
 4.930  0.8046243  0.0000815
 4.950  0.8081687  0.0000821
 4.970  0.8119823  0.0000818
 4.990  0.8160428  0.0000812
 5.010  0.8201863  0.0000823
 5.030  0.8243899  0.0000823
 5.050  0.8285190  0.0000823
 5.070  0.8325639  0.0000838
 5.090  0.8364542  0.0000834
 5.110  0.8400699  0.0000843
 5.130  0.8434189  0.0000830
 5.150  0.8463218  0.0000835
 5.170  0.8488775  0.0000833
 5.190  0.8509893  0.0000850
 5.210  0.8526154  0.0000836
 5.230  0.8537770  0.0000840
 5.250  0.8544632  0.0000835
 5.270  0.8546933  0.0000843
 5.290  0.8543784  0.0000829
 5.310  0.8535912  0.0000845
 5.330  0.8524263  0.0000828
 5.350  0.8509653  0.0000843
 5.370  0.8489788  0.0000833
 5.390  0.8468371  0.0000831
 5.410  0.8445048  0.0000822
 5.430  0.8418312  0.0000813
 5.450  0.8390580  0.0000811
 5.470  0.8363018  0.0000827
 5.490  0.8334171  0.0000808
 5.510  0.8305666  0.0000811
 5.530  0.8278616  0.0000832
 5.550  0.8252753  0.0000808
 5.570  0.8228226  0.0000811
 5.590  0.8205554  0.0000814
 5.610  0.8184840  0.0000813
 5.630  0.8167558  0.0000822
 5.650  0.8152545  0.0000813
 5.670  0.8139390  0.0000810
 5.690  0.8130947  0.0000802
 5.710  0.8125038  0.0000807
 5.730  0.8121526  0.0000829
 5.750  0.8121838  0.0000819
 5.770  0.8125076  0.0000806
 5.790  0.8130636  0.0000799
 5.810  0.8139033  0.0000815
 5.830  0.8149215  0.0000826
 5.850  0.8162048  0.0000819
 5.870  0.8177209  0.0000812
 5.890  0.8193752  0.0000815
 5.910  0.8211152  0.0000816
 5.930  0.8229652  0.0000821
 5.950  0.8249371  0.0000821
 5.970  0.8268736  0.0000809
 5.990  0.8287415  0.0000825
 6.010  0.8306340  0.0000824
 6.030  0.8322985  0.0000830
 6.050  0.8339637  0.0000833
 6.070  0.8355258  0.0000818
 6.090  0.8367756  0.0000828
 6.110  0.8379828  0.0000835
 6.130  0.8390284  0.0000838
 6.150  0.8396616  0.0000815
 6.170  0.8402299  0.0000820
 6.190  0.8405886  0.0000828
 6.210  0.8407425  0.0000834
 6.230  0.8405785  0.0000825
 6.250  0.8402991  0.0000829
 6.270  0.8397976  0.0000821
 6.290  0.8391427  0.0000839
 6.310  0.8382759  0.0000828
 6.330  0.8374430  0.0000831
 6.350  0.8362574  0.0000819
 6.370  0.8351281  0.0000825
 6.390  0.8338769  0.0000835
 6.410  0.8325794  0.0000824
 6.430  0.8313094  0.0000810
 6.450  0.8300228  0.0000819
 6.470  0.8287108  0.0000819
 6.490  0.8274736  0.0000828
 6.510  0.8264358  0.0000815
 6.530  0.8253842  0.0000822
 6.550  0.8244139  0.0000836
 6.570  0.8235611  0.0000825
 6.590  0.8227945  0.0000821
 6.610  0.8222214  0.0000812
 6.630  0.8217337  0.0000812
 6.650  0.8215053  0.0000836
 6.670  0.8213652  0.0000821
 6.690  0.8213482  0.0000822
 6.710  0.8214740  0.0000823
 6.730  0.8217287  0.0000826
 6.750  0.8220368  0.0000823
 6.770  0.8224998  0.0000824
 6.790  0.8231852  0.0000822
 6.810  0.8238561  0.0000816
 6.830  0.8245736  0.0000834
 6.850  0.8253788  0.0000816
 6.870  0.8261603  0.0000813
 6.890  0.8270591  0.0000833
 6.910  0.8279830  0.0000825
 6.930  0.8288088  0.0000816
 6.950  0.8296830  0.0000831
 6.970  0.8304483  0.0000827
 6.990  0.8313040  0.0000835
 7.010  0.8319459  0.0000822
 7.030  0.8324770  0.0000821
 7.050  0.8331049  0.0000841
 7.070  0.8335444  0.0000828
 7.090  0.8339704  0.0000822
 7.110  0.8341200  0.0000823
 7.130  0.8342569  0.0000844
 7.150  0.8343488  0.0000831
 7.170  0.8344098  0.0000820
 7.190  0.8342720  0.0000808
 7.210  0.8340572  0.0000808
 7.230  0.8337160  0.0000823
 7.250  0.8333798  0.0000823
 7.270  0.8329307  0.0000829
 7.290  0.8324374  0.0000823
 7.310  0.8319001  0.0000834
 7.330  0.8313453  0.0000828
 7.350  0.8308233  0.0000821
 7.370  0.8301777  0.0000818
 7.390  0.8295337  0.0000810
 7.410  0.8289721  0.0000815
 7.430  0.8284942  0.0000816
 7.450  0.8279588  0.0000810
 7.470  0.8275262  0.0000821
 7.490  0.8270003  0.0000822
 7.510  0.8266097  0.0000825
 7.530  0.8262711  0.0000819
 7.550  0.8259571  0.0000826
 7.570  0.8257036  0.0000829
 7.590  0.8256031  0.0000822
 7.610  0.8254993  0.0000812
 7.630  0.8255439  0.0000814
 7.650  0.8256079  0.0000819
 7.670  0.8256667  0.0000829
 7.690  0.8258459  0.0000812
 7.710  0.8261302  0.0000821
 7.730  0.8263422  0.0000827
 7.750  0.8266926  0.0000813
 7.770  0.8270017  0.0000822
 7.790  0.8273650  0.0000809
 7.810  0.8277206  0.0000828
 7.830  0.8281512  0.0000815
 7.850  0.8285738  0.0000815
 7.870  0.8288660  0.0000823
 7.890  0.8292842  0.0000816
 7.910  0.8296316  0.0000821
 7.930  0.8300629  0.0000808
 7.950  0.8303165  0.0000823
 7.970  0.8306347  0.0000827
 7.990  0.8308958  0.0000806
 8.010  0.8311315  0.0000826
 8.030  0.8312512  0.0000821
 8.050  0.8313952  0.0000815
 8.070  0.8314966  0.0000842
 8.090  0.8314667  0.0000814
 8.110  0.8314848  0.0000819
 8.130  0.8314263  0.0000824
 8.150  0.8313306  0.0000819
 8.170  0.8312178  0.0000833
 8.190  0.8310609  0.0000831
 8.210  0.8308942  0.0000818
 8.230  0.8306939  0.0000808
 8.250  0.8304529  0.0000818
 8.270  0.8301731  0.0000826
 8.290  0.8299217  0.0000816
 8.310  0.8296762  0.0000817
 8.330  0.8293384  0.0000823
 8.350  0.8290833  0.0000804
 8.370  0.8288543  0.0000828
 8.390  0.8286559  0.0000817
 8.410  0.8284228  0.0000813
 8.430  0.8281739  0.0000796
 8.450  0.8280374  0.0000807
 8.470  0.8278747  0.0000800
 8.490  0.8277689  0.0000833
 8.510  0.8276285  0.0000817
 8.530  0.8276059  0.0000815
 8.550  0.8274492  0.0000820
 8.570  0.8274500  0.0000818
 8.590  0.8274755  0.0000828
 8.610  0.8275513  0.0000806
 8.630  0.8275315  0.0000810
 8.650  0.8277257  0.0000820
 8.670  0.8278353  0.0000826
 8.690  0.8279795  0.0000810
 8.710  0.8280965  0.0000815
 8.730  0.8282818  0.0000819
 8.750  0.8284477  0.0000837
 8.770  0.8286064  0.0000819
 8.790  0.8288329  0.0000815
 8.810  0.8289614  0.0000837
 8.830  0.8291860  0.0000830
 8.850  0.8293261  0.0000827
 8.870  0.8295253  0.0000807
 8.890  0.8296632  0.0000813
 8.910  0.8297596  0.0000822
 8.930  0.8299153  0.0000820
 8.950  0.8299703  0.0000829
 8.970  0.8301008  0.0000830
 8.990  0.8301133  0.0000815
 9.010  0.8301845  0.0000812
 9.030  0.8301285  0.0000810
 9.050  0.8301487  0.0000830
 9.070  0.8301276  0.0000820
 9.090  0.8301246  0.0000822
 9.110  0.8301118  0.0000820
 9.130  0.8300480  0.0000826
 9.150  0.8299156  0.0000822
 9.170  0.8298265  0.0000823
 9.190  0.8297589  0.0000832
 9.210  0.8296345  0.0000828
 9.230  0.8294895  0.0000828
 9.250  0.8293827  0.0000825
 9.270  0.8291952  0.0000814
 9.290  0.8290913  0.0000824
 9.310  0.8290625  0.0000824
 9.330  0.8288844  0.0000810
 9.350  0.8288306  0.0000810
 9.370  0.8287603  0.0000821
 9.390  0.8285890  0.0000824
 9.410  0.8285763  0.0000812
 9.430  0.8285136  0.0000834
 9.450  0.8284194  0.0000817
 9.470  0.8284074  0.0000806
 9.490  0.8283965  0.0000814
 9.510  0.8282962  0.0000826
 9.530  0.8283366  0.0000822
 9.550  0.8284051  0.0000822
 9.570  0.8283571  0.0000829
 9.590  0.8285150  0.0000823
 9.610  0.8285067  0.0000816
 9.630  0.8285438  0.0000807
 9.650  0.8286222  0.0000819
 9.670  0.8287424  0.0000831
 9.690  0.8288254  0.0000831
 9.710  0.8289175  0.0000840
 9.730  0.8290075  0.0000819
 9.750  0.8290141  0.0000828
 9.770  0.8292036  0.0000826
 9.790  0.8292050  0.0000838
 9.810  0.8292627  0.0000828
 9.830  0.8293295  0.0000834
 9.850  0.8294071  0.0000822
 9.870  0.8294242  0.0000824
 9.890  0.8294559  0.0000818
 9.910  0.8295217  0.0000838
 9.930  0.8295689  0.0000820
 9.950  0.8295647  0.0000821
 9.970  0.8296030  0.0000846
 9.990  0.8296283  0.0000824
10.010  0.8295466  0.0000822
10.030  0.8294960  0.0000817
10.050  0.8295154  0.0000824
10.070  0.8295221  0.0000813
10.090  0.8294783  0.0000832
10.110  0.8294127  0.0000835
10.130  0.8294165  0.0000829
10.150  0.8293319  0.0000823
10.170  0.8292830  0.0000813
10.190  0.8292478  0.0000819
10.210  0.8291584  0.0000819
10.230  0.8292000  0.0000812
10.250  0.8290648  0.0000822
10.270  0.8290098  0.0000820
10.290  0.8290294  0.0000818
10.310  0.8290207  0.0000817
10.330  0.8289003  0.0000807
10.350  0.8288382  0.0000828
10.370  0.8288773  0.0000818
10.390  0.8288452  0.0000825
10.410  0.8287845  0.0000815
10.430  0.8287496  0.0000832
10.450  0.8287595  0.0000826
10.470  0.8287989  0.0000833
10.490  0.8287376  0.0000824
10.510  0.8287715  0.0000806
10.530  0.8288051  0.0000814
10.550  0.8288295  0.0000824
10.570  0.8288491  0.0000830
10.590  0.8288523  0.0000823
10.610  0.8289415  0.0000817
10.630  0.8289743  0.0000822
10.650  0.8289796  0.0000826
10.670  0.8290730  0.0000831
10.690  0.8291115  0.0000832
10.710  0.8291224  0.0000817
10.730  0.8290963  0.0000819
10.750  0.8292081  0.0000830
10.770  0.8292201  0.0000829
10.790  0.8292648  0.0000826
10.810  0.8293393  0.0000822
10.830  0.8292277  0.0000822
10.850  0.8293001  0.0000814
10.870  0.8292858  0.0000823
10.890  0.8293209  0.0000809
10.910  0.8293128  0.0000817
10.930  0.8293136  0.0000822
10.950  0.8292788  0.0000817
10.970  0.8293929  0.0000822
10.990  0.8292958  0.0000826
11.010  0.8292574  0.0000815
11.030  0.8293183  0.0000822
11.050  0.8293055  0.0000822
11.070  0.8292789  0.0000827
11.090  0.8292156  0.0000822
11.110  0.8291717  0.0000826
11.130  0.8292175  0.0000838
11.150  0.8291383  0.0000829
11.170  0.8291186  0.0000837
11.190  0.8291427  0.0000830
11.210  0.8290963  0.0000823
11.230  0.8290326  0.0000834
11.250  0.8290358  0.0000829
11.270  0.8289861  0.0000819
11.290  0.8290011  0.0000824
11.310  0.8289704  0.0000807
11.330  0.8289557  0.0000809
11.350  0.8289221  0.0000823
11.370  0.8289432  0.0000819
11.390  0.8289002  0.0000816
11.410  0.8288749  0.0000813
11.430  0.8289295  0.0000836
11.450  0.8290085  0.0000821
11.470  0.8288982  0.0000824
11.490  0.8289713  0.0000816
11.510  0.8289740  0.0000816
11.530  0.8289777  0.0000827
11.550  0.8289962  0.0000808
11.570  0.8290377  0.0000819
11.590  0.8290597  0.0000815
11.610  0.8290647  0.0000813
11.630  0.8291168  0.0000822
11.650  0.8291612  0.0000817
11.670  0.8291063  0.0000821
11.690  0.8290743  0.0000830
11.710  0.8291838  0.0000828
11.730  0.8291760  0.0000821
11.750  0.8292324  0.0000814
11.770  0.8292250  0.0000814
11.790  0.8292149  0.0000823
11.810  0.8292627  0.0000827
11.830  0.8292187  0.0000816
11.850  0.8291026  0.0000811
11.870  0.8291953  0.0000819
11.890  0.8292044  0.0000807
11.910  0.8291282  0.0000822
11.930  0.8292328  0.0000827
11.950  0.8292313  0.0000819
11.970  0.8292103  0.0000828
11.990  0.8291923  0.0000817
12.010  0.8291919  0.0000825
12.030  0.8291921  0.0000815
12.050  0.8291511  0.0000815
12.070  0.8291549  0.0000819
12.090  0.8291404  0.0000812
12.110  0.8291354  0.0000811
12.130  0.8290777  0.0000820
12.150  0.8290678  0.0000807
12.170  0.8290579  0.0000808
12.190  0.8290979  0.0000821
12.210  0.8290232  0.0000807
12.230  0.8289469  0.0000823
12.250  0.8290764  0.0000820
12.270  0.8290709  0.0000807
12.290  0.8290358  0.0000808
12.310  0.8289820  0.0000808
12.330  0.8290063  0.0000843
12.350  0.8291010  0.0000818
12.370  0.8290143  0.0000821
12.390  0.8290582  0.0000818
12.410  0.8290214  0.0000835
12.430  0.8290545  0.0000828
12.450  0.8290344  0.0000833
12.470  0.8290292  0.0000818
12.490  0.8290406  0.0000835
12.510  0.8290279  0.0000814
12.530  0.8290689  0.0000826
12.550  0.8290400  0.0000825
12.570  0.8290516  0.0000835
12.590  0.8290872  0.0000823
12.610  0.8291210  0.0000829
12.630  0.8290772  0.0000819
12.650  0.8291245  0.0000835
12.670  0.8291321  0.0000824
12.690  0.8291924  0.0000828
12.710  0.8291456  0.0000816
12.730  0.8291818  0.0000837
12.750  0.8291471  0.0000820
12.770  0.8291792  0.0000820
12.790  0.8291865  0.0000813
12.810  0.8291485  0.0000821
12.830  0.8291604  0.0000819
12.850  0.8292256  0.0000817
12.870  0.8291423  0.0000821
12.890  0.8291461  0.0000826
12.910  0.8291742  0.0000822
12.930  0.8291568  0.0000824
12.950  0.8291594  0.0000829
12.970  0.8290739  0.0000824
12.990  0.8290959  0.0000817
13.010  0.8291307  0.0000812
13.030  0.8290876  0.0000822
13.050  0.8291142  0.0000833
13.070  0.8291009  0.0000826
13.090  0.8290835  0.0000824
13.110  0.8290984  0.0000811
13.130  0.8291217  0.0000820
13.150  0.8291060  0.0000844
13.170  0.8291078  0.0000800
13.190  0.8291206  0.0000827
13.210  0.8290594  0.0000820
13.230  0.8291167  0.0000825
13.250  0.8290931  0.0000820
13.270  0.8291001  0.0000822
13.290  0.8290485  0.0000825
13.310  0.8290833  0.0000814
13.330  0.8290747  0.0000816
13.350  0.8291759  0.0000838
13.370  0.8290931  0.0000826
13.390  0.8290424  0.0000828
13.410  0.8291041  0.0000821
13.430  0.8290639  0.0000826
13.450  0.8291232  0.0000832
13.470  0.8291277  0.0000834
13.490  0.8290852  0.0000812
13.510  0.8290956  0.0000820
13.530  0.8291101  0.0000829
13.550  0.8291403  0.0000820
13.570  0.8290533  0.0000827
13.590  0.8290656  0.0000837
13.610  0.8290959  0.0000824
13.630  0.8290697  0.0000832
13.650  0.8290758  0.0000818
13.670  0.8291499  0.0000827
13.690  0.8290781  0.0000837
13.710  0.8290906  0.0000817
13.730  0.8291529  0.0000825
13.750  0.8290978  0.0000834
13.770  0.8291618  0.0000818
13.790  0.8291332  0.0000829
13.810  0.8290853  0.0000818
13.830  0.8290468  0.0000833
13.850  0.8291345  0.0000822
13.870  0.8291698  0.0000824
13.890  0.8291126  0.0000820
13.910  0.8291065  0.0000819
13.930  0.8291633  0.0000824
13.950  0.8290953  0.0000819
13.970  0.8290983  0.0000833
13.990  0.8290949  0.0000836
14.010  0.8290395  0.0000831
14.030  0.8290264  0.0000824
14.050  0.8291081  0.0000836
14.070  0.8290578  0.0000830
14.090  0.8291104  0.0000830
14.110  0.8292134  0.0000825
14.130  0.8291620  0.0000826
14.150  0.8291318  0.0000819
14.170  0.8290534  0.0000819
14.190  0.8291296  0.0000833
14.210  0.8290854  0.0000842
14.230  0.8290810  0.0000816
14.250  0.8290831  0.0000814
14.270  0.8291166  0.0000825
14.290  0.8291310  0.0000827
14.310  0.8291364  0.0000827
14.330  0.8290624  0.0000815
14.350  0.8291195  0.0000829
14.370  0.8291025  0.0000846
14.390  0.8291456  0.0000826
14.410  0.8290695  0.0000825
14.430  0.8290609  0.0000830
14.450  0.8291227  0.0000826
14.470  0.8290461  0.0000825
14.490  0.8290437  0.0000826
14.510  0.8291504  0.0000820
14.530  0.8291413  0.0000827
14.550  0.8291465  0.0000811
14.570  0.8290475  0.0000810
14.590  0.8291524  0.0000811
14.610  0.8290706  0.0000835
14.630  0.8291074  0.0000823
14.650  0.8290477  0.0000820
14.670  0.8291423  0.0000828
14.690  0.8291299  0.0000823
14.710  0.8291214  0.0000827
14.730  0.8291012  0.0000844
14.750  0.8291296  0.0000817
14.770  0.8291187  0.0000824
14.790  0.8290721  0.0000823
14.810  0.8290852  0.0000826
14.830  0.8291150  0.0000834
14.850  0.8291065  0.0000824
14.870  0.8290376  0.0000812
14.890  0.8291319  0.0000821
14.910  0.8290993  0.0000826
14.930  0.8291696  0.0000838
14.950  0.8290903  0.0000840
14.970  0.8291588  0.0000823
14.990  0.8290401  0.0000811
15.010  0.8291510  0.0000829
15.030  0.8291114  0.0000825
15.050  0.8291438  0.0000820
15.070  0.8291785  0.0000836
15.090  0.8290946  0.0000816
15.110  0.8291387  0.0000829
15.130  0.8291088  0.0000830
15.150  0.8291544  0.0000807
15.170  0.8290754  0.0000824
15.190  0.8291319  0.0000809
15.210  0.8291005  0.0000810
15.230  0.8290672  0.0000834
15.250  0.8290183  0.0000818
15.270  0.8291534  0.0000822
15.290  0.8291705  0.0000815
15.310  0.8291099  0.0000816
15.330  0.8291238  0.0000815
15.350  0.8291048  0.0000820
15.370  0.8290989  0.0000820
15.390  0.8291107  0.0000828
15.410  0.8291068  0.0000818
15.430  0.8290511  0.0000815
15.450  0.8291450  0.0000810
15.470  0.8290271  0.0000822
15.490  0.8290562  0.0000823
15.510  0.8290757  0.0000831
15.530  0.8290322  0.0000815
15.550  0.8290681  0.0000821
15.570  0.8291231  0.0000826
15.590  0.8290838  0.0000829
15.610  0.8290919  0.0000829
15.630  0.8290564  0.0000820
15.650  0.8290347  0.0000842
15.670  0.8290488  0.0000819
15.690  0.8290701  0.0000822
15.710  0.8291317  0.0000824
15.730  0.8291391  0.0000832
15.750  0.8290601  0.0000818
15.770  0.8290982  0.0000822
15.790  0.8291083  0.0000821
15.810  0.8290660  0.0000818
15.830  0.8290707  0.0000834
15.850  0.8290575  0.0000832
15.870  0.8291319  0.0000824
15.890  0.8291795  0.0000823
15.910  0.8291563  0.0000811
15.930  0.8291231  0.0000815
15.950  0.8291798  0.0000817
15.970  0.8291211  0.0000835
15.990  0.8291350  0.0000813
16.010  0.8291838  0.0000815
16.030  0.8291239  0.0000816
16.050  0.8291857  0.0000824
16.070  0.8291643  0.0000818
16.090  0.8291229  0.0000826
16.110  0.8291432  0.0000822
16.130  0.8291554  0.0000816
16.150  0.8291355  0.0000829
16.170  0.8291479  0.0000830
16.190  0.8290912  0.0000823
16.210  0.8291262  0.0000820
16.230  0.8290656  0.0000816
16.250  0.8290747  0.0000806
16.270  0.8290696  0.0000814
16.290  0.8290775  0.0000817
16.310  0.8291118  0.0000823
16.330  0.8290468  0.0000810
16.350  0.8290719  0.0000826
16.370  0.8290535  0.0000836
16.390  0.8290994  0.0000811
16.410  0.8290609  0.0000819
16.430  0.8290938  0.0000841
16.450  0.8290942  0.0000817
16.470  0.8290124  0.0000827
16.490  0.8290325  0.0000823
16.510  0.8290977  0.0000815
16.530  0.8291218  0.0000818
16.550  0.8290544  0.0000814
16.570  0.8290739  0.0000820
16.590  0.8290393  0.0000822
16.610  0.8290913  0.0000803
16.630  0.8291286  0.0000843
16.650  0.8290239  0.0000817
16.670  0.8290694  0.0000829
16.690  0.8290220  0.0000824
16.710  0.8291035  0.0000820
16.730  0.8291109  0.0000820
16.750  0.8291190  0.0000816
16.770  0.8290758  0.0000819
16.790  0.8291643  0.0000811
16.810  0.8291412  0.0000811
16.830  0.8291876  0.0000824
16.850  0.8291074  0.0000821
16.870  0.8290856  0.0000813
16.890  0.8291326  0.0000828
16.910  0.8291148  0.0000826
16.930  0.8291731  0.0000824
16.950  0.8291852  0.0000822
16.970  0.8291525  0.0000805
16.990  0.8291960  0.0000815
17.010  0.8291904  0.0000820
17.030  0.8291395  0.0000797
17.050  0.8291951  0.0000828
17.070  0.8291477  0.0000825
17.090  0.8291318  0.0000820
17.110  0.8290663  0.0000821
17.130  0.8291068  0.0000810
17.150  0.8290791  0.0000822
17.170  0.8290295  0.0000825
17.190  0.8290895  0.0000808
17.210  0.8290790  0.0000818
17.230  0.8291042  0.0000828
17.250  0.8291668  0.0000829
17.270  0.8290098  0.0000812
17.290  0.8290960  0.0000831
17.310  0.8290902  0.0000816
17.330  0.8290775  0.0000819
17.350  0.8290531  0.0000824
17.370  0.8290394  0.0000816
17.390  0.8291373  0.0000813
17.410  0.8290777  0.0000816
17.430  0.8290964  0.0000815
17.450  0.8290556  0.0000808
17.470  0.8291456  0.0000844
17.490  0.8291048  0.0000816
17.510  0.8291213  0.0000818
17.530  0.8290898  0.0000805
17.550  0.8290822  0.0000810
17.570  0.8290559  0.0000807
17.590  0.8291051  0.0000833
17.610  0.8290792  0.0000837
17.630  0.8291308  0.0000821
17.650  0.8290413  0.0000827
17.670  0.8290834  0.0000824
17.690  0.8291261  0.0000829
17.710  0.8291429  0.0000832
17.730  0.8291445  0.0000821
17.750  0.8291663  0.0000823
17.770  0.8291756  0.0000830
17.790  0.8291017  0.0000820
17.810  0.8291810  0.0000820
17.830  0.8291594  0.0000833
17.850  0.8291516  0.0000819
17.870  0.8290872  0.0000831
17.890  0.8291023  0.0000813
17.910  0.8291214  0.0000808
17.930  0.8291583  0.0000819
17.950  0.8291276  0.0000816
17.970  0.8290917  0.0000815
17.990  0.8291267  0.0000814
18.010  0.8289813  0.0000812
18.030  0.8290945  0.0000827
18.050  0.8291415  0.0000813
18.070  0.8291284  0.0000834
18.090  0.8292108  0.0000824
18.110  0.8290526  0.0000815
18.130  0.8291178  0.0000819
18.150  0.8290313  0.0000826
18.170  0.8291064  0.0000809
18.190  0.8290628  0.0000824
18.210  0.8290849  0.0000821
18.230  0.8291317  0.0000819
18.250  0.8290758  0.0000830
18.270  0.8290368  0.0000814
18.290  0.8290532  0.0000820
18.310  0.8290127  0.0000828
18.330  0.8290681  0.0000830
18.350  0.8290357  0.0000819
18.370  0.8290202  0.0000817
18.390  0.8290527  0.0000824
18.410  0.8290937  0.0000824
18.430  0.8290616  0.0000819
18.450  0.8290722  0.0000823
18.470  0.8291022  0.0000809
18.490  0.8290844  0.0000825
18.510  0.8290862  0.0000810
18.530  0.8291527  0.0000831
18.550  0.8291102  0.0000837
18.570  0.8291280  0.0000817
18.590  0.8291090  0.0000837
18.610  0.8291268  0.0000832
18.630  0.8291690  0.0000809
18.650  0.8291311  0.0000821
18.670  0.8291284  0.0000837
18.690  0.8291244  0.0000822
18.710  0.8291424  0.0000813
18.730  0.8291439  0.0000813
18.750  0.8291974  0.0000825
18.770  0.8291517  0.0000832
18.790  0.8291497  0.0000832
18.810  0.8291009  0.0000822
18.830  0.8290630  0.0000821
18.850  0.8291245  0.0000814
18.870  0.8291411  0.0000817
18.890  0.8291797  0.0000821
18.910  0.8290878  0.0000822
18.930  0.8291765  0.0000807
18.950  0.8291584  0.0000807
18.970  0.8290988  0.0000824
18.990  0.8291044  0.0000803
19.010  0.8290387  0.0000819
19.030  0.8290741  0.0000826
19.050  0.8290877  0.0000814
19.070  0.8290858  0.0000821
19.090  0.8291629  0.0000813
19.110  0.8290848  0.0000817
19.130  0.8290502  0.0000825
19.150  0.8290461  0.0000812
19.170  0.8290693  0.0000821
19.190  0.8291147  0.0000819
19.210  0.8290694  0.0000825
19.230  0.8290708  0.0000830
19.250  0.8290538  0.0000836
19.270  0.8290307  0.0000808
19.290  0.8290488  0.0000822
19.310  0.8290177  0.0000822
19.330  0.8289811  0.0000815
19.350  0.8291135  0.0000811
19.370  0.8291181  0.0000818
19.390  0.8291086  0.0000825
19.410  0.8291083  0.0000808
19.430  0.8290560  0.0000812
19.450  0.8290682  0.0000811
19.470  0.8290853  0.0000821
19.490  0.8291719  0.0000810
19.510  0.8291210  0.0000822
19.530  0.8292597  0.0000826
19.550  0.8291193  0.0000825
19.570  0.8290640  0.0000820
19.590  0.8291588  0.0000827
19.610  0.8291489  0.0000829
19.630  0.8291718  0.0000834
19.650  0.8290925  0.0000824
19.670  0.8290890  0.0000813
19.690  0.8291469  0.0000834
19.710  0.8291456  0.0000808
19.730  0.8290852  0.0000807
19.750  0.8290896  0.0000808
19.770  0.8291154  0.0000806
19.790  0.8291382  0.0000824
19.810  0.8290237  0.0000824
19.830  0.8291109  0.0000824
19.850  0.8291194  0.0000813
19.870  0.8290195  0.0000831
19.890  0.8290551  0.0000814
19.910  0.8290810  0.0000827
19.930  0.8290444  0.0000820
19.950  0.8290859  0.0000829
19.970  0.8291404  0.0000817
19.990  0.8290534  0.0000815
20.010  0.8291327  0.0000832
20.030  0.8291168  0.0000825
20.050  0.8291165  0.0000831
20.070  0.8290887  0.0000815
20.090  0.8290829  0.0000808
20.110  0.8290747  0.0000830
20.130  0.8290828  0.0000821
20.150  0.8290429  0.0000826
20.170  0.8291189  0.0000808
20.190  0.8291549  0.0000819
20.210  0.8291285  0.0000817
20.230  0.8291106  0.0000815
20.250  0.8291281  0.0000822
20.270  0.8290788  0.0000819
20.290  0.8290441  0.0000827
20.310  0.8291133  0.0000822
20.330  0.8290671  0.0000819
20.350  0.8290769  0.0000820
20.370  0.8291699  0.0000818
20.390  0.8290154  0.0000836
20.410  0.8290867  0.0000821
20.430  0.8290826  0.0000824
20.450  0.8290173  0.0000835
20.470  0.8290804  0.0000824
20.490  0.8291284  0.0000828
20.510  0.8290612  0.0000818
20.530  0.8291115  0.0000840
20.550  0.8291104  0.0000823
20.570  0.8291108  0.0000817
20.590  0.8292187  0.0000817
20.610  0.8290797  0.0000816
20.630  0.8291702  0.0000830
20.650  0.8291535  0.0000823
20.670  0.8291316  0.0000824
20.690  0.8291593  0.0000836
20.710  0.8291166  0.0000815
20.730  0.8290941  0.0000815
20.750  0.8291305  0.0000821
20.770  0.8290925  0.0000827
20.790  0.8291026  0.0000825
20.810  0.8291096  0.0000821
20.830  0.8291078  0.0000826
20.850  0.8291139  0.0000819
20.870  0.8290933  0.0000832
20.890  0.8290644  0.0000830
20.910  0.8291124  0.0000820
20.930  0.8290996  0.0000818
20.950  0.8291149  0.0000823
20.970  0.8290389  0.0000833
20.990  0.8290898  0.0000823
21.010  0.8291093  0.0000823
21.030  0.8291351  0.0000813
21.050  0.8291134  0.0000827
21.070  0.8290818  0.0000838
21.090  0.8291390  0.0000809
21.110  0.8290391  0.0000809
21.130  0.8291273  0.0000837
21.150  0.8290612  0.0000818
21.170  0.8290584  0.0000829
21.190  0.8289927  0.0000825
21.210  0.8290036  0.0000822
21.230  0.8290641  0.0000834
21.250  0.8290438  0.0000833
21.270  0.8290982  0.0000826
21.290  0.8290642  0.0000816
21.310  0.8291416  0.0000821
21.330  0.8291101  0.0000815
21.350  0.8290796  0.0000820
21.370  0.8291500  0.0000828
21.390  0.8291619  0.0000833
21.410  0.8291921  0.0000832
21.430  0.8291691  0.0000831
21.450  0.8291602  0.0000821
21.470  0.8291158  0.0000834
21.490  0.8290979  0.0000821
21.510  0.8291977  0.0000810
21.530  0.8291455  0.0000813
21.550  0.8290773  0.0000829
21.570  0.8291442  0.0000816
21.590  0.8291893  0.0000819
21.610  0.8290980  0.0000813
21.630  0.8291205  0.0000825
21.650  0.8290514  0.0000808
21.670  0.8290863  0.0000815
21.690  0.8291085  0.0000816
21.710  0.8291210  0.0000811
21.730  0.8290738  0.0000815
21.750  0.8290817  0.0000827
21.770  0.8290172  0.0000819
21.790  0.8290619  0.0000842
21.810  0.8290480  0.0000827
21.830  0.8290559  0.0000821
21.850  0.8291488  0.0000825
21.870  0.8290684  0.0000814
21.890  0.8291097  0.0000819
21.910  0.8290588  0.0000831
21.930  0.8290736  0.0000828
21.950  0.8290820  0.0000815
21.970  0.8291201  0.0000816
21.990  0.8290948  0.0000829
22.010  0.8290709  0.0000825
22.030  0.8291075  0.0000830
22.050  0.8290832  0.0000827
22.070  0.8291444  0.0000823
22.090  0.8290593  0.0000813
22.110  0.8291266  0.0000813
22.130  0.8290891  0.0000817
22.150  0.8291387  0.0000828
22.170  0.8290630  0.0000831
22.190  0.8291636  0.0000829
22.210  0.8291019  0.0000818
22.230  0.8290725  0.0000811
22.250  0.8290783  0.0000816
22.270  0.8290973  0.0000827
22.290  0.8290686  0.0000822
22.310  0.8291282  0.0000828
22.330  0.8290603  0.0000811
22.350  0.8290523  0.0000817
22.370  0.8291052  0.0000828
22.390  0.8291390  0.0000829
22.410  0.8291523  0.0000817
22.430  0.8291083  0.0000816
22.450  0.8291441  0.0000827
22.470  0.8290623  0.0000839
22.490  0.8291167  0.0000823
22.510  0.8291113  0.0000818
22.530  0.8291766  0.0000826
22.550  0.8291020  0.0000824
22.570  0.8291494  0.0000816
22.590  0.8290930  0.0000808
22.610  0.8291426  0.0000820
22.630  0.8290702  0.0000829
22.650  0.8290942  0.0000811
22.670  0.8290416  0.0000817
22.690  0.8290911  0.0000818
22.710  0.8291024  0.0000816
22.730  0.8291103  0.0000816
22.750  0.8290603  0.0000805
22.770  0.8290788  0.0000811
22.790  0.8290240  0.0000824
22.810  0.8290751  0.0000828
22.830  0.8291051  0.0000832
22.850  0.8290284  0.0000805
22.870  0.8290804  0.0000824
22.890  0.8290227  0.0000833
22.910  0.8290886  0.0000821
22.930  0.8291049  0.0000833
22.950  0.8290686  0.0000834
22.970  0.8291078  0.0000809
22.990  0.8291213  0.0000817
23.010  0.8291507  0.0000817
23.030  0.8291706  0.0000830
23.050  0.8291702  0.0000814
23.070  0.8291347  0.0000829
23.090  0.8291299  0.0000813
23.110  0.8290966  0.0000822
23.130  0.8291117  0.0000820
23.150  0.8291213  0.0000814
23.170  0.8291295  0.0000816
23.190  0.8290471  0.0000833
23.210  0.8291377  0.0000829
23.230  0.8290619  0.0000826
23.250  0.8290222  0.0000819
23.270  0.8290978  0.0000819
23.290  0.8290288  0.0000824
23.310  0.8290811  0.0000831
23.330  0.8290940  0.0000821
23.350  0.8290873  0.0000830
23.370  0.8290495  0.0000806
23.390  0.8290772  0.0000814
23.410  0.8290786  0.0000821
23.430  0.8291127  0.0000819
23.450  0.8291067  0.0000817
23.470  0.8290664  0.0000822
23.490  0.8290309  0.0000826
23.510  0.8291455  0.0000817
23.530  0.8290664  0.0000814
23.550  0.8290991  0.0000815
23.570  0.8290929  0.0000827
23.590  0.8290552  0.0000819
23.610  0.8290324  0.0000817
23.630  0.8290749  0.0000809
23.650  0.8290828  0.0000812
23.670  0.8291121  0.0000814
23.690  0.8291074  0.0000831
23.710  0.8291080  0.0000825
23.730  0.8291068  0.0000812
23.750  0.8291820  0.0000836
23.770  0.8291363  0.0000820
23.790  0.8291012  0.0000808
23.810  0.8290979  0.0000810
23.830  0.8290995  0.0000814
23.850  0.8291062  0.0000812
23.870  0.8290733  0.0000820
23.890  0.8291401  0.0000835
23.910  0.8291364  0.0000822
23.930  0.8290606  0.0000805
23.950  0.8290325  0.0000822
23.970  0.8290742  0.0000828
23.990  0.8290628  0.0000821
24.010  0.8290938  0.0000816
24.030  0.8290534  0.0000831
24.050  0.8290992  0.0000816
24.070  0.8291110  0.0000820
24.090  0.8290995  0.0000830
24.110  0.8290761  0.0000823
24.130  0.8291230  0.0000826
24.150  0.8291206  0.0000807
24.170  0.8290547  0.0000814
24.190  0.8291100  0.0000835
24.210  0.8290881  0.0000828
24.230  0.8290755  0.0000808
24.250  0.8291106  0.0000823
24.270  0.8290486  0.0000810
24.290  0.8291421  0.0000830
24.310  0.8290394  0.0000823
24.330  0.8291569  0.0000833
24.350  0.8291484  0.0000835
24.370  0.8291418  0.0000832
24.390  0.8291410  0.0000822
24.410  0.8291508  0.0000814
24.430  0.8291402  0.0000819
24.450  0.8291175  0.0000818
24.470  0.8291261  0.0000818
24.490  0.8290961  0.0000821
24.510  0.8290713  0.0000826
24.530  0.8290773  0.0000817
24.550  0.8291008  0.0000811
24.570  0.8290730  0.0000825
24.590  0.8290364  0.0000829
24.610  0.8290747  0.0000818
24.630  0.8290572  0.0000832
24.650  0.8290818  0.0000819
24.670  0.8291362  0.0000832
24.690  0.8290883  0.0000816
24.710  0.8290778  0.0000812
24.730  0.8290910  0.0000827
24.750  0.8290982  0.0000825
24.770  0.8290525  0.0000824
24.790  0.8290947  0.0000831
24.810  0.8291491  0.0000813
24.830  0.8290853  0.0000828
24.850  0.8291335  0.0000824
24.870  0.8290827  0.0000824
24.890  0.8290860  0.0000807
24.910  0.8290333  0.0000806
24.930  0.8291191  0.0000817
24.950  0.8290791  0.0000816
24.970  0.8291150  0.0000820
24.990  0.8290845  0.0000813
25.010  0.8291033  0.0000817
25.030  0.8291512  0.0000831
25.050  0.8291485  0.0000820
25.070  0.8291226  0.0000804
25.090  0.8291362  0.0000818
25.110  0.8291218  0.0000810
25.130  0.8291133  0.0000819
25.150  0.8291414  0.0000818
25.170  0.8290285  0.0000815
25.190  0.8290270  0.0000814
25.210  0.8291262  0.0000823
25.230  0.8290560  0.0000809
25.250  0.8291000  0.0000802
25.270  0.8291213  0.0000823
25.290  0.8290411  0.0000827
25.310  0.8290609  0.0000833
25.330  0.8291230  0.0000829
25.350  0.8291384  0.0000826
25.370  0.8291488  0.0000811
25.390  0.8290907  0.0000815
25.410  0.8290446  0.0000821
25.430  0.8290796  0.0000812
25.450  0.8290485  0.0000813
25.470  0.8291185  0.0000816
25.490  0.8291104  0.0000801
25.510  0.8290338  0.0000812
25.530  0.8290877  0.0000815
25.550  0.8291108  0.0000827
25.570  0.8290767  0.0000822
25.590  0.8291227  0.0000825
25.610  0.8291056  0.0000828
25.630  0.8290666  0.0000816
25.650  0.8291026  0.0000830
25.670  0.8291422  0.0000841
25.690  0.8291433  0.0000813
25.710  0.8291016  0.0000823
25.730  0.8290689  0.0000821
25.750  0.8290550  0.0000835
25.770  0.8291008  0.0000829
25.790  0.8290991  0.0000813
25.810  0.8290654  0.0000825
25.830  0.8290679  0.0000836
25.850  0.8291305  0.0000810
25.870  0.8290296  0.0000829
25.890  0.8291559  0.0000832
25.910  0.8291564  0.0000818
25.930  0.8289886  0.0000829
25.950  0.8290940  0.0000829
25.970  0.8290265  0.0000817
25.990  0.8290813  0.0000819
26.010  0.8291171  0.0000818
26.030  0.8291715  0.0000813
26.050  0.8290971  0.0000829
26.070  0.8290021  0.0000827
26.090  0.8291074  0.0000829
26.110  0.8290997  0.0000817
26.130  0.8290719  0.0000819
26.150  0.8290778  0.0000816
26.170  0.8291026  0.0000813
26.190  0.8291380  0.0000820
26.210  0.8291359  0.0000821
26.230  0.8291096  0.0000832
26.250  0.8292090  0.0000825
26.270  0.8290757  0.0000830
26.290  0.8290841  0.0000818
26.310  0.8291638  0.0000830
26.330  0.8290876  0.0000824
26.350  0.8290620  0.0000821
26.370  0.8291450  0.0000812
26.390  0.8291582  0.0000827
26.410  0.8291280  0.0000816
26.430  0.8291164  0.0000806
26.450  0.8290115  0.0000830
26.470  0.8291416  0.0000830
26.490  0.8291169  0.0000829
26.510  0.8291171  0.0000817
26.530  0.8290718  0.0000826
26.550  0.8290718  0.0000815
26.570  0.8290851  0.0000816
26.590  0.8290742  0.0000811
26.610  0.8290963  0.0000819
26.630  0.8291361  0.0000827
26.650  0.8291135  0.0000819
26.670  0.8291132  0.0000817
26.690  0.8291674  0.0000833
26.710  0.8290801  0.0000833
26.730  0.8290534  0.0000832
26.750  0.8291828  0.0000834
26.770  0.8291001  0.0000832
26.790  0.8290416  0.0000807
26.810  0.8291439  0.0000829
26.830  0.8291476  0.0000816
26.850  0.8290598  0.0000812
26.870  0.8290431  0.0000822
26.890  0.8290513  0.0000808
26.910  0.8290714  0.0000833
26.930  0.8290331  0.0000827
26.950  0.8290097  0.0000823
26.970  0.8291143  0.0000818
26.990  0.8291185  0.0000816
27.010  0.8291037  0.0000818
27.030  0.8289996  0.0000830
27.050  0.8290924  0.0000818
27.070  0.8291055  0.0000823
27.090  0.8290977  0.0000827
27.110  0.8290710  0.0000816
27.130  0.8291436  0.0000822
27.150  0.8290988  0.0000823
27.170  0.8290930  0.0000824
27.190  0.8291090  0.0000816
27.210  0.8291428  0.0000823
27.230  0.8291217  0.0000811
27.250  0.8290816  0.0000812
27.270  0.8290882  0.0000823
27.290  0.8291484  0.0000816
27.310  0.8291219  0.0000832
27.330  0.8290926  0.0000812
27.350  0.8291846  0.0000818
27.370  0.8291872  0.0000831
27.390  0.8291202  0.0000830
27.410  0.8291201  0.0000823
27.430  0.8291125  0.0000819
27.450  0.8291783  0.0000823
27.470  0.8291283  0.0000838
27.490  0.8291561  0.0000826
27.510  0.8291868  0.0000820
27.530  0.8291262  0.0000812
27.550  0.8290347  0.0000832
27.570  0.8290930  0.0000835
27.590  0.8291107  0.0000815
27.610  0.8290423  0.0000837
27.630  0.8291388  0.0000836
27.650  0.8290838  0.0000818
27.670  0.8291108  0.0000818
27.690  0.8290643  0.0000825
27.710  0.8290324  0.0000838
27.730  0.8291027  0.0000827
27.750  0.8290431  0.0000833
27.770  0.8290599  0.0000825
27.790  0.8290722  0.0000838
27.810  0.8290222  0.0000825
27.830  0.8289780  0.0000824
27.850  0.8290211  0.0000816
27.870  0.8290726  0.0000831
27.890  0.8290093  0.0000815
27.910  0.8291084  0.0000821
27.930  0.8290781  0.0000833
27.950  0.8291186  0.0000832
27.970  0.8291173  0.0000813
27.990  0.8290852  0.0000809
28.010  0.8291467  0.0000825
28.030  0.8291984  0.0000823
28.050  0.8291245  0.0000822
28.070  0.8291077  0.0000806
28.090  0.8292383  0.0000817
28.110  0.8291418  0.0000825
28.130  0.8290936  0.0000820
28.150  0.8291506  0.0000823
28.170  0.8291496  0.0000822
28.190  0.8291875  0.0000805
28.210  0.8290487  0.0000836
28.230  0.8291433  0.0000819
28.250  0.8291290  0.0000831
28.270  0.8291161  0.0000815
28.290  0.8291628  0.0000814
28.310  0.8290851  0.0000813
28.330  0.8291622  0.0000819
28.350  0.8291147  0.0000828
28.370  0.8290499  0.0000831
28.390  0.8290545  0.0000818
28.410  0.8291528  0.0000838
28.430  0.8290271  0.0000820
28.450  0.8290923  0.0000837
28.470  0.8290661  0.0000825
28.490  0.8290593  0.0000820
28.510  0.8291236  0.0000814
28.530  0.8290466  0.0000834
28.550  0.8291766  0.0000821
28.570  0.8290079  0.0000826
28.590  0.8290905  0.0000824
28.610  0.8290821  0.0000815
28.630  0.8290583  0.0000820
28.650  0.8290142  0.0000844
28.670  0.8290546  0.0000835
28.690  0.8291668  0.0000833
28.710  0.8291013  0.0000818
28.730  0.8291019  0.0000830
28.750  0.8290525  0.0000828
28.770  0.8290426  0.0000822
28.790  0.8291184  0.0000813
28.810  0.8290696  0.0000828
28.830  0.8290651  0.0000828
28.850  0.8290811  0.0000815
28.870  0.8291307  0.0000813
28.890  0.8291652  0.0000820
28.910  0.8291651  0.0000818
28.930  0.8291494  0.0000811
28.950  0.8291646  0.0000810
28.970  0.8291391  0.0000827
28.990  0.8291634  0.0000843
29.010  0.8291446  0.0000811
29.030  0.8290974  0.0000817
29.050  0.8291243  0.0000833
29.070  0.8291353  0.0000822
29.090  0.8291593  0.0000820
29.110  0.8291227  0.0000819
29.130  0.8290666  0.0000815
29.150  0.8291380  0.0000814
29.170  0.8291118  0.0000822
29.190  0.8291238  0.0000822
29.210  0.8291174  0.0000831
29.230  0.8290229  0.0000823
29.250  0.8290603  0.0000842
29.270  0.8291499  0.0000829
29.290  0.8291152  0.0000830
29.310  0.8291312  0.0000834
29.330  0.8290872  0.0000835
29.350  0.8290464  0.0000835
29.370  0.8290948  0.0000836
29.390  0.8290925  0.0000830
29.410  0.8290896  0.0000827
29.430  0.8290735  0.0000826
29.450  0.8290286  0.0000835
29.470  0.8290998  0.0000831
29.490  0.8290493  0.0000829
29.510  0.8289850  0.0000823
29.530  0.8290680  0.0000829
29.550  0.8290644  0.0000821
29.570  0.8290308  0.0000815
29.590  0.8290893  0.0000828
29.610  0.8290734  0.0000837
29.630  0.8290661  0.0000825
29.650  0.8291456  0.0000825
29.670  0.8291493  0.0000826
29.690  0.8291860  0.0000818
29.710  0.8291493  0.0000823
29.730  0.8292138  0.0000816
29.750  0.8290900  0.0000823
29.770  0.8291485  0.0000837
29.790  0.8291492  0.0000825
29.810  0.8291331  0.0000825
29.830  0.8291488  0.0000835
29.850  0.8291056  0.0000825
29.870  0.8290796  0.0000822
29.890  0.8291761  0.0000822
29.910  0.8290681  0.0000820
29.930  0.8291088  0.0000826
29.950  0.8291230  0.0000821
29.970  0.8291043  0.0000827
29.990  0.8290726  0.0000834
30.010  0.8291059  0.0000827
30.030  0.8291359  0.0000836
30.050  0.8291408  0.0000830
30.070  0.8290678  0.0000816
30.090  0.8290937  0.0000826
30.110  0.8290848  0.0000825
30.130  0.8290893  0.0000810
30.150  0.8290764  0.0000819
30.170  0.8290741  0.0000824
30.190  0.8290277  0.0000828
30.210  0.8291004  0.0000821
30.230  0.8290766  0.0000827
30.250  0.8291128  0.0000831
30.270  0.8290773  0.0000823
30.290  0.8291147  0.0000817
30.310  0.8290966  0.0000823
30.330  0.8290650  0.0000827
30.350  0.8290776  0.0000825
30.370  0.8291803  0.0000824
30.390  0.8291517  0.0000815
30.410  0.8290456  0.0000830
30.430  0.8291507  0.0000841
30.450  0.8291060  0.0000831
30.470  0.8290986  0.0000831
30.490  0.8290857  0.0000839
30.510  0.8291200  0.0000813
30.530  0.8291562  0.0000822
30.550  0.8291061  0.0000840
30.570  0.8290779  0.0000831
30.590  0.8290872  0.0000813
30.610  0.8291363  0.0000829
30.630  0.8290660  0.0000827
30.650  0.8291069  0.0000808
30.670  0.8290959  0.0000817
30.690  0.8290660  0.0000802
30.710  0.8291889  0.0000815
30.730  0.8291295  0.0000817
30.750  0.8290716  0.0000830
30.770  0.8291450  0.0000818
30.790  0.8291463  0.0000825
30.810  0.8290726  0.0000834
30.830  0.8290583  0.0000830
30.850  0.8290995  0.0000826
30.870  0.8290865  0.0000838
30.890  0.8290609  0.0000835
30.910  0.8290656  0.0000839
30.930  0.8290735  0.0000835
30.950  0.8290728  0.0000827
30.970  0.8290286  0.0000832
30.990  0.8290425  0.0000834
31.010  0.8290857  0.0000819
31.030  0.8290561  0.0000834
31.050  0.8290162  0.0000824
31.070  0.8290547  0.0000822
31.090  0.8290821  0.0000818
31.110  0.8290527  0.0000811
31.130  0.8290624  0.0000806
31.150  0.8291762  0.0000803
31.170  0.8291125  0.0000817
31.190  0.8290810  0.0000812
31.210  0.8291391  0.0000823
31.230  0.8290772  0.0000815
31.250  0.8291259  0.0000826
31.270  0.8291598  0.0000820
31.290  0.8290738  0.0000829
31.310  0.8291555  0.0000833
31.330  0.8291448  0.0000839
31.350  0.8290926  0.0000831
31.370  0.8291406  0.0000838
31.390  0.8290682  0.0000851
31.410  0.8291714  0.0000828
31.430  0.8291712  0.0000830
31.450  0.8291628  0.0000836
31.470  0.8291156  0.0000828
31.490  0.8291070  0.0000835
31.510  0.8291446  0.0000813
31.530  0.8291100  0.0000817
31.550  0.8291772  0.0000817
31.570  0.8290733  0.0000806
31.590  0.8291036  0.0000793
31.610  0.8290817  0.0000804
31.630  0.8291276  0.0000808
31.650  0.8290635  0.0000801
31.670  0.8291220  0.0000806
31.690  0.8291557  0.0000812
31.710  0.8290932  0.0000806
31.730  0.8290676  0.0000821
31.750  0.8290726  0.0000822
31.770  0.8290405  0.0000840
31.790  0.8290563  0.0000824
31.810  0.8291066  0.0000852
31.830  0.8290770  0.0000843
31.850  0.8290984  0.0000838
31.870  0.8290362  0.0000865
31.890  0.8290434  0.0000854
31.910  0.8290374  0.0000855
31.930  0.8290606  0.0000860
31.950  0.8290499  0.0000851
31.970  0.8290395  0.0000833
31.990  0.8290606  0.0000814
32.010  0.8289743  0.0000809
32.030  0.8289916  0.0000792
32.050  0.8290093  0.0000797
32.070  0.8290179  0.0000786
32.090  0.8290716  0.0000796
32.110  0.8290861  0.0000788
32.130  0.8290896  0.0000765
32.150  0.8291081  0.0000794
32.170  0.8291381  0.0000788
32.190  0.8291696  0.0000803
32.210  0.8291747  0.0000826
32.230  0.8291354  0.0000845
32.250  0.8290904  0.0000845
32.270  0.8292201  0.0000863
32.290  0.8291798  0.0000880
32.310  0.8292412  0.0000876
32.330  0.8292294  0.0000894
32.350  0.8291816  0.0000889
32.370  0.8291403  0.0000875
32.390  0.8291310  0.0000867
32.410  0.8291899  0.0000844
32.430  0.8291279  0.0000834
32.450  0.8290853  0.0000829
32.470  0.8291829  0.0000801
32.490  0.8291667  0.0000813
32.510  0.8291136  0.0000809
32.530  0.8291143  0.0000775
32.550  0.8290807  0.0000779
32.570  0.8290948  0.0000750
32.590  0.8290606  0.0000753
32.610  0.8290199  0.0000755
32.630  0.8290849  0.0000761
32.650  0.8290903  0.0000768
32.670  0.8290219  0.0000809
32.690  0.8290521  0.0000795
32.710  0.8290136  0.0000830
32.730  0.8289947  0.0000861
32.750  0.8290697  0.0000882
32.770  0.8290159  0.0000797
