% Density Profile of Hard Spheres at a Hard Flat Wall: rho(z), rho(z < 0.5) = 0
% Bulk density: rho (95% CI) = 0.75054299(0.00000306)
%
% rho_i is the average density in the interval [z_i-0.01, z_i+0.01]
%
%  z_i    rho_i     95% CI 
 0.510  4.6143129  0.0002279
 0.530  3.9234880  0.0001767
 0.550  3.3460584  0.0001417
 0.570  2.8629162  0.0001190
 0.590  2.4580002  0.0001008
 0.610  2.1180064  0.0000866
 0.630  1.8322161  0.0000805
 0.650  1.5915280  0.0000746
 0.670  1.3885278  0.0000682
 0.690  1.2169994  0.0000657
 0.710  1.0718423  0.0000614
 0.730  0.9487341  0.0000581
 0.750  0.8442476  0.0000560
 0.770  0.7554538  0.0000529
 0.790  0.6798796  0.0000520
 0.810  0.6155189  0.0000493
 0.830  0.5607089  0.0000458
 0.850  0.5140389  0.0000453
 0.870  0.4743454  0.0000430
 0.890  0.4407258  0.0000425
 0.910  0.4123178  0.0000407
 0.930  0.3885200  0.0000404
 0.950  0.3688011  0.0000394
 0.970  0.3527117  0.0000381
 0.990  0.3398599  0.0000376
 1.010  0.3300786  0.0000370
 1.030  0.3231189  0.0000367
 1.050  0.3188159  0.0000367
 1.070  0.3171822  0.0000365
 1.090  0.3182020  0.0000365
 1.110  0.3218368  0.0000373
 1.130  0.3283230  0.0000371
 1.150  0.3377242  0.0000378
 1.170  0.3503607  0.0000393
 1.190  0.3665090  0.0000396
 1.210  0.3865268  0.0000410
 1.230  0.4110076  0.0000424
 1.250  0.4403478  0.0000430
 1.270  0.4752818  0.0000446
 1.290  0.5164807  0.0000465
 1.310  0.5646690  0.0000496
 1.330  0.6204255  0.0000527
 1.350  0.6841623  0.0000569
 1.370  0.7558268  0.0000602
 1.390  0.8339228  0.0000650
 1.410  0.9151659  0.0000680
 1.430  0.9954539  0.0000748
 1.450  1.0705754  0.0000775
 1.470  1.1375955  0.0000786
 1.490  1.1943104  0.0000803
 1.510  1.2358052  0.0000796
 1.530  1.2495271  0.0000777
 1.550  1.2397364  0.0000773
 1.570  1.2136738  0.0000724
 1.590  1.1765019  0.0000717
 1.610  1.1324959  0.0000691
 1.630  1.0846296  0.0000667
 1.650  1.0351299  0.0000641
 1.670  0.9858085  0.0000606
 1.690  0.9377033  0.0000613
 1.710  0.8916157  0.0000583
 1.730  0.8481794  0.0000566
 1.750  0.8076520  0.0000566
 1.770  0.7701736  0.0000546
 1.790  0.7360188  0.0000528
 1.810  0.7049880  0.0000525
 1.830  0.6771506  0.0000506
 1.850  0.6523802  0.0000506
 1.870  0.6305333  0.0000500
 1.890  0.6116364  0.0000507
 1.910  0.5954506  0.0000486
 1.930  0.5819976  0.0000491
 1.950  0.5710830  0.0000487
 1.970  0.5626663  0.0000471
 1.990  0.5566644  0.0000479
 2.010  0.5530123  0.0000474
 2.030  0.5517290  0.0000474
 2.050  0.5526987  0.0000475
 2.070  0.5559967  0.0000474
 2.090  0.5615008  0.0000479
 2.110  0.5692148  0.0000475
 2.130  0.5791482  0.0000496
 2.150  0.5912988  0.0000491
 2.170  0.6055181  0.0000505
 2.190  0.6218032  0.0000503
 2.210  0.6400287  0.0000517
 2.230  0.6600725  0.0000527
 2.250  0.6815860  0.0000538
 2.270  0.7044716  0.0000544
 2.290  0.7281821  0.0000556
 2.310  0.7523936  0.0000564
 2.330  0.7764496  0.0000587
 2.350  0.7999756  0.0000605
 2.370  0.8223604  0.0000606
 2.390  0.8428740  0.0000616
 2.410  0.8611207  0.0000630
 2.430  0.8765992  0.0000632
 2.450  0.8888272  0.0000644
 2.470  0.8976310  0.0000638
 2.490  0.9027837  0.0000633
 2.510  0.9043567  0.0000619
 2.530  0.9024244  0.0000618
 2.550  0.8972413  0.0000613
 2.570  0.8892161  0.0000616
 2.590  0.8788556  0.0000598
 2.610  0.8665054  0.0000591
 2.630  0.8528088  0.0000592
 2.650  0.8380922  0.0000583
 2.670  0.8228333  0.0000568
 2.690  0.8072840  0.0000573
 2.710  0.7918697  0.0000554
 2.730  0.7767265  0.0000544
 2.750  0.7620970  0.0000546
 2.770  0.7482621  0.0000550
 2.790  0.7352866  0.0000542
 2.810  0.7233341  0.0000540
 2.830  0.7124129  0.0000531
 2.850  0.7026434  0.0000538
 2.870  0.6940730  0.0000525
 2.890  0.6867360  0.0000524
 2.910  0.6806746  0.0000521
 2.930  0.6758704  0.0000528
 2.950  0.6723041  0.0000516
 2.970  0.6700077  0.0000512
 2.990  0.6689340  0.0000519
 3.010  0.6691454  0.0000509
 3.030  0.6704631  0.0000519
 3.050  0.6729712  0.0000525
 3.070  0.6765591  0.0000526
 3.090  0.6811385  0.0000523
 3.110  0.6866712  0.0000531
 3.130  0.6930880  0.0000526
 3.150  0.7001651  0.0000533
 3.170  0.7079806  0.0000544
 3.190  0.7163171  0.0000548
 3.210  0.7250076  0.0000538
 3.230  0.7339126  0.0000550
 3.250  0.7429551  0.0000560
 3.270  0.7518675  0.0000567
 3.290  0.7604491  0.0000572
 3.310  0.7686919  0.0000562
 3.330  0.7763318  0.0000576
 3.350  0.7833075  0.0000585
 3.370  0.7894501  0.0000592
 3.390  0.7947021  0.0000581
 3.410  0.7988775  0.0000578
 3.430  0.8020392  0.0000594
 3.450  0.8041183  0.0000585
 3.470  0.8050898  0.0000581
 3.490  0.8049869  0.0000580
 3.510  0.8039727  0.0000578
 3.530  0.8019634  0.0000572
 3.550  0.7991619  0.0000572
 3.570  0.7955858  0.0000578
 3.590  0.7913391  0.0000560
 3.610  0.7866477  0.0000564
 3.630  0.7814751  0.0000561
 3.650  0.7760880  0.0000565
 3.670  0.7705209  0.0000560
 3.690  0.7648448  0.0000553
 3.710  0.7592427  0.0000551
 3.730  0.7537215  0.0000551
 3.750  0.7485377  0.0000547
 3.770  0.7434610  0.0000542
 3.790  0.7388852  0.0000547
 3.810  0.7346181  0.0000546
 3.830  0.7308443  0.0000547
 3.850  0.7275561  0.0000531
 3.870  0.7246934  0.0000545
 3.890  0.7224021  0.0000533
 3.910  0.7206927  0.0000531
 3.930  0.7194805  0.0000535
 3.950  0.7188418  0.0000530
 3.970  0.7186279  0.0000532
 3.990  0.7190586  0.0000536
 4.010  0.7198887  0.0000531
 4.030  0.7212508  0.0000528
 4.050  0.7229760  0.0000538
 4.070  0.7251552  0.0000536
 4.090  0.7276164  0.0000535
 4.110  0.7303634  0.0000549
 4.130  0.7334245  0.0000546
 4.150  0.7366584  0.0000551
 4.170  0.7399354  0.0000552
 4.190  0.7433807  0.0000554
 4.210  0.7467613  0.0000559
 4.230  0.7501212  0.0000554
 4.250  0.7533392  0.0000548
 4.270  0.7564499  0.0000551
 4.290  0.7593170  0.0000551
 4.310  0.7619963  0.0000559
 4.330  0.7642530  0.0000557
 4.350  0.7663004  0.0000545
 4.370  0.7678841  0.0000556
 4.390  0.7691903  0.0000558
 4.410  0.7701072  0.0000559
 4.430  0.7705936  0.0000571
 4.450  0.7707837  0.0000556
 4.470  0.7705438  0.0000558
 4.490  0.7700130  0.0000558
 4.510  0.7691357  0.0000559
 4.530  0.7680262  0.0000561
 4.550  0.7666206  0.0000553
 4.570  0.7650499  0.0000561
 4.590  0.7632212  0.0000562
 4.610  0.7613013  0.0000546
 4.630  0.7592531  0.0000551
 4.650  0.7571720  0.0000548
 4.670  0.7550744  0.0000556
 4.690  0.7529370  0.0000551
 4.710  0.7509302  0.0000546
 4.730  0.7489314  0.0000539
 4.750  0.7470929  0.0000548
 4.770  0.7454049  0.0000557
 4.790  0.7438260  0.0000553
 4.810  0.7424550  0.0000551
 4.830  0.7412118  0.0000560
 4.850  0.7402180  0.0000549
 4.870  0.7394420  0.0000544
 4.890  0.7388327  0.0000541
 4.910  0.7384849  0.0000536
 4.930  0.7383076  0.0000540
 4.950  0.7384088  0.0000542
 4.970  0.7386724  0.0000540
 4.990  0.7391027  0.0000542
 5.010  0.7397296  0.0000545
 5.030  0.7405006  0.0000544
 5.050  0.7413993  0.0000555
 5.070  0.7424534  0.0000546
 5.090  0.7435710  0.0000549
 5.110  0.7447731  0.0000546
 5.130  0.7460502  0.0000555
 5.150  0.7473403  0.0000553
 5.170  0.7486218  0.0000545
 5.190  0.7499178  0.0000555
 5.210  0.7510897  0.0000549
 5.230  0.7523520  0.0000551
 5.250  0.7534816  0.0000553
 5.270  0.7544580  0.0000554
 5.290  0.7553505  0.0000558
 5.310  0.7561652  0.0000549
 5.330  0.7568070  0.0000553
 5.350  0.7573318  0.0000562
 5.370  0.7577293  0.0000550
 5.390  0.7580364  0.0000558
 5.410  0.7580512  0.0000556
 5.430  0.7581035  0.0000557
 5.450  0.7579678  0.0000552
 5.470  0.7577134  0.0000551
 5.490  0.7573571  0.0000556
 5.510  0.7568144  0.0000542
 5.530  0.7562914  0.0000557
 5.550  0.7556881  0.0000548
 5.570  0.7549302  0.0000555
 5.590  0.7541778  0.0000554
 5.610  0.7534480  0.0000554
 5.630  0.7526249  0.0000551
 5.650  0.7518154  0.0000545
 5.670  0.7510677  0.0000560
 5.690  0.7502711  0.0000560
 5.710  0.7495911  0.0000556
 5.730  0.7488757  0.0000553
 5.750  0.7482842  0.0000561
 5.770  0.7477508  0.0000542
 5.790  0.7472036  0.0000553
 5.810  0.7468080  0.0000552
 5.830  0.7464755  0.0000549
 5.850  0.7461992  0.0000543
 5.870  0.7460330  0.0000544
 5.890  0.7459381  0.0000546
 5.910  0.7459281  0.0000551
 5.930  0.7459923  0.0000542
 5.950  0.7461676  0.0000543
 5.970  0.7462839  0.0000550
 5.990  0.7465726  0.0000543
 6.010  0.7469239  0.0000547
 6.030  0.7473088  0.0000559
 6.050  0.7477581  0.0000546
 6.070  0.7481914  0.0000551
 6.090  0.7486506  0.0000545
 6.110  0.7490977  0.0000556
 6.130  0.7496513  0.0000545
 6.150  0.7501183  0.0000545
 6.170  0.7505962  0.0000547
 6.190  0.7510451  0.0000552
 6.210  0.7514566  0.0000551
 6.230  0.7518654  0.0000548
 6.250  0.7522107  0.0000545
 6.270  0.7525221  0.0000545
 6.290  0.7528175  0.0000555
 6.310  0.7530098  0.0000552
 6.330  0.7531942  0.0000540
 6.350  0.7532968  0.0000548
 6.370  0.7533964  0.0000541
 6.390  0.7534199  0.0000557
 6.410  0.7533953  0.0000552
 6.430  0.7532910  0.0000558
 6.450  0.7531512  0.0000543
 6.470  0.7529629  0.0000545
 6.490  0.7527821  0.0000547
 6.510  0.7525302  0.0000551
 6.530  0.7523310  0.0000550
 6.550  0.7520048  0.0000543
 6.570  0.7517653  0.0000544
 6.590  0.7514716  0.0000551
 6.610  0.7511418  0.0000542
 6.630  0.7509142  0.0000555
 6.650  0.7505818  0.0000542
 6.670  0.7503047  0.0000544
 6.690  0.7500564  0.0000551
 6.710  0.7498055  0.0000554
 6.730  0.7495331  0.0000550
 6.750  0.7493634  0.0000554
 6.770  0.7492101  0.0000547
 6.790  0.7490771  0.0000548
 6.810  0.7489341  0.0000545
 6.830  0.7488427  0.0000554
 6.850  0.7488259  0.0000549
 6.870  0.7488048  0.0000541
 6.890  0.7487964  0.0000554
 6.910  0.7488511  0.0000539
 6.930  0.7489157  0.0000551
 6.950  0.7490795  0.0000550
 6.970  0.7491069  0.0000552
 6.990  0.7492745  0.0000547
 7.010  0.7494528  0.0000546
 7.030  0.7495919  0.0000543
 7.050  0.7497765  0.0000547
 7.070  0.7499834  0.0000543
 7.090  0.7501333  0.0000544
 7.110  0.7502529  0.0000550
 7.130  0.7504845  0.0000543
 7.150  0.7506430  0.0000552
 7.170  0.7508088  0.0000557
 7.190  0.7509858  0.0000561
 7.210  0.7511010  0.0000564
 7.230  0.7512694  0.0000551
 7.250  0.7512904  0.0000548
 7.270  0.7514406  0.0000543
 7.290  0.7515407  0.0000554
 7.310  0.7515506  0.0000542
 7.330  0.7515667  0.0000549
 7.350  0.7515855  0.0000552
 7.370  0.7516448  0.0000558
 7.390  0.7515960  0.0000547
 7.410  0.7515248  0.0000546
 7.430  0.7514767  0.0000546
 7.450  0.7514513  0.0000533
 7.470  0.7512888  0.0000548
 7.490  0.7512784  0.0000551
 7.510  0.7511582  0.0000543
 7.530  0.7510577  0.0000545
 7.550  0.7509644  0.0000542
 7.570  0.7508624  0.0000547
 7.590  0.7506418  0.0000539
 7.610  0.7505971  0.0000547
 7.630  0.7505268  0.0000545
 7.650  0.7503609  0.0000551
 7.670  0.7502853  0.0000552
 7.690  0.7502220  0.0000544
 7.710  0.7501128  0.0000547
 7.730  0.7501066  0.0000550
 7.750  0.7500189  0.0000544
 7.770  0.7499351  0.0000557
 7.790  0.7499264  0.0000554
 7.810  0.7498814  0.0000560
 7.830  0.7498848  0.0000549
 7.850  0.7499061  0.0000550
 7.870  0.7499072  0.0000558
 7.890  0.7499518  0.0000545
 7.910  0.7499559  0.0000552
 7.930  0.7500425  0.0000549
 7.950  0.7500419  0.0000565
 7.970  0.7501047  0.0000552
 7.990  0.7501668  0.0000553
 8.010  0.7502184  0.0000552
 8.030  0.7503372  0.0000546
 8.050  0.7503374  0.0000558
 8.070  0.7504150  0.0000554
 8.090  0.7505360  0.0000548
 8.110  0.7505760  0.0000540
 8.130  0.7506158  0.0000547
 8.150  0.7506564  0.0000554
 8.170  0.7507418  0.0000551
 8.190  0.7507684  0.0000544
 8.210  0.7508101  0.0000554
 8.230  0.7508461  0.0000556
 8.250  0.7509302  0.0000549
 8.270  0.7509006  0.0000547
 8.290  0.7509373  0.0000544
 8.310  0.7509513  0.0000557
 8.330  0.7509502  0.0000556
 8.350  0.7509457  0.0000541
 8.370  0.7508864  0.0000555
 8.390  0.7509433  0.0000539
 8.410  0.7508432  0.0000542
 8.430  0.7508345  0.0000554
 8.450  0.7508373  0.0000558
 8.470  0.7507648  0.0000545
 8.490  0.7507371  0.0000552
 8.510  0.7506937  0.0000547
 8.530  0.7506905  0.0000547
 8.550  0.7506308  0.0000541
 8.570  0.7505708  0.0000539
 8.590  0.7505729  0.0000546
 8.610  0.7505357  0.0000552
 8.630  0.7504914  0.0000550
 8.650  0.7504413  0.0000546
 8.670  0.7503438  0.0000552
 8.690  0.7503753  0.0000544
 8.710  0.7503229  0.0000550
 8.730  0.7503253  0.0000552
 8.750  0.7503314  0.0000543
 8.770  0.7502751  0.0000550
 8.790  0.7502926  0.0000539
 8.810  0.7502803  0.0000552
 8.830  0.7503086  0.0000547
 8.850  0.7503206  0.0000542
 8.870  0.7503213  0.0000547
 8.890  0.7503470  0.0000543
 8.910  0.7503526  0.0000552
 8.930  0.7503865  0.0000553
 8.950  0.7504270  0.0000550
 8.970  0.7504344  0.0000543
 8.990  0.7504750  0.0000551
 9.010  0.7504974  0.0000555
 9.030  0.7504972  0.0000549
 9.050  0.7505297  0.0000545
 9.070  0.7505449  0.0000540
 9.090  0.7505124  0.0000549
 9.110  0.7505964  0.0000549
 9.130  0.7506079  0.0000542
 9.150  0.7506133  0.0000550
 9.170  0.7506471  0.0000551
 9.190  0.7506508  0.0000545
 9.210  0.7506685  0.0000539
 9.230  0.7506814  0.0000542
 9.250  0.7506734  0.0000547
 9.270  0.7506848  0.0000562
 9.290  0.7506711  0.0000560
 9.310  0.7506539  0.0000543
 9.330  0.7506832  0.0000550
 9.350  0.7506660  0.0000550
 9.370  0.7506499  0.0000552
 9.390  0.7506117  0.0000544
 9.410  0.7506649  0.0000544
 9.430  0.7506352  0.0000551
 9.450  0.7506374  0.0000543
 9.470  0.7505945  0.0000544
 9.490  0.7506154  0.0000548
 9.510  0.7505962  0.0000546
 9.530  0.7505606  0.0000554
 9.550  0.7505506  0.0000543
 9.570  0.7505619  0.0000545
 9.590  0.7505229  0.0000542
 9.610  0.7505452  0.0000548
 9.630  0.7504827  0.0000547
 9.650  0.7505167  0.0000551
 9.670  0.7504848  0.0000558
 9.690  0.7504512  0.0000548
 9.710  0.7505156  0.0000555
 9.730  0.7504580  0.0000543
 9.750  0.7504722  0.0000549
 9.770  0.7504444  0.0000544
 9.790  0.7504732  0.0000549
 9.810  0.7504380  0.0000545
 9.830  0.7505058  0.0000551
 9.850  0.7505252  0.0000537
 9.870  0.7505095  0.0000556
 9.890  0.7505209  0.0000539
 9.910  0.7504943  0.0000550
 9.930  0.7505206  0.0000558
 9.950  0.7505050  0.0000557
 9.970  0.7505247  0.0000550
 9.990  0.7505177  0.0000548
10.010  0.7505099  0.0000549
10.030  0.7505472  0.0000545
10.050  0.7505372  0.0000555
10.070  0.7505263  0.0000557
10.090  0.7505531  0.0000546
10.110  0.7505918  0.0000555
10.130  0.7505612  0.0000549
10.150  0.7505452  0.0000552
10.170  0.7505983  0.0000561
10.190  0.7505879  0.0000559
10.210  0.7505994  0.0000546
10.230  0.7505947  0.0000544
10.250  0.7505365  0.0000547
10.270  0.7505949  0.0000553
10.290  0.7505557  0.0000552
10.310  0.7505659  0.0000547
10.330  0.7506071  0.0000549
10.350  0.7505568  0.0000547
10.370  0.7505897  0.0000537
10.390  0.7505530  0.0000535
10.410  0.7505894  0.0000547
10.430  0.7505226  0.0000544
10.450  0.7505574  0.0000544
10.470  0.7505758  0.0000555
10.490  0.7505399  0.0000536
10.510  0.7505758  0.0000545
10.530  0.7505705  0.0000539
10.550  0.7505100  0.0000546
10.570  0.7505368  0.0000547
10.590  0.7505529  0.0000543
10.610  0.7505675  0.0000548
10.630  0.7505386  0.0000550
10.650  0.7505273  0.0000538
10.670  0.7505145  0.0000541
10.690  0.7505650  0.0000546
10.710  0.7505388  0.0000547
10.730  0.7505494  0.0000549
10.750  0.7505093  0.0000555
10.770  0.7505386  0.0000552
10.790  0.7505489  0.0000548
10.810  0.7505319  0.0000546
10.830  0.7505357  0.0000553
10.850  0.7505510  0.0000550
10.870  0.7505384  0.0000548
10.890  0.7505534  0.0000547
10.910  0.7505529  0.0000549
10.930  0.7505458  0.0000555
10.950  0.7505893  0.0000558
10.970  0.7505133  0.0000541
10.990  0.7505489  0.0000554
11.010  0.7505353  0.0000540
11.030  0.7504981  0.0000563
11.050  0.7505172  0.0000547
11.070  0.7505487  0.0000553
11.090  0.7505710  0.0000547
11.110  0.7505517  0.0000558
11.130  0.7505397  0.0000546
11.150  0.7505549  0.0000537
11.170  0.7505283  0.0000551
11.190  0.7505562  0.0000553
11.210  0.7505746  0.0000557
11.230  0.7505727  0.0000541
11.250  0.7505442  0.0000553
11.270  0.7505948  0.0000556
11.290  0.7505826  0.0000557
11.310  0.7505610  0.0000554
11.330  0.7505688  0.0000550
11.350  0.7505611  0.0000545
11.370  0.7505210  0.0000552
11.390  0.7505012  0.0000547
11.410  0.7505363  0.0000552
11.430  0.7504866  0.0000545
11.450  0.7505141  0.0000543
11.470  0.7505291  0.0000543
11.490  0.7505216  0.0000545
11.510  0.7505321  0.0000551
11.530  0.7505662  0.0000550
11.550  0.7504784  0.0000541
11.570  0.7505072  0.0000540
11.590  0.7505767  0.0000551
11.610  0.7505521  0.0000559
11.630  0.7505429  0.0000557
11.650  0.7505422  0.0000547
11.670  0.7505358  0.0000547
11.690  0.7505381  0.0000548
11.710  0.7505955  0.0000553
11.730  0.7505585  0.0000550
11.750  0.7505356  0.0000558
11.770  0.7505427  0.0000546
11.790  0.7505354  0.0000549
11.810  0.7505627  0.0000538
11.830  0.7505767  0.0000554
11.850  0.7505192  0.0000549
11.870  0.7505241  0.0000558
11.890  0.7505407  0.0000548
11.910  0.7505746  0.0000551
11.930  0.7505418  0.0000545
11.950  0.7505951  0.0000554
11.970  0.7506115  0.0000546
11.990  0.7505745  0.0000549
12.010  0.7505740  0.0000552
12.030  0.7505765  0.0000551
12.050  0.7505858  0.0000551
12.070  0.7505751  0.0000544
12.090  0.7505320  0.0000548
12.110  0.7505672  0.0000548
12.130  0.7505496  0.0000553
12.150  0.7505869  0.0000552
12.170  0.7505716  0.0000549
12.190  0.7505468  0.0000544
12.210  0.7505270  0.0000549
12.230  0.7505907  0.0000550
12.250  0.7505017  0.0000551
12.270  0.7504819  0.0000546
12.290  0.7505110  0.0000550
12.310  0.7505470  0.0000541
12.330  0.7504902  0.0000547
12.350  0.7505210  0.0000545
12.370  0.7505468  0.0000538
12.390  0.7505456  0.0000553
12.410  0.7504810  0.0000555
12.430  0.7505468  0.0000539
12.450  0.7505766  0.0000543
12.470  0.7505485  0.0000546
12.490  0.7505774  0.0000547
12.510  0.7505444  0.0000547
12.530  0.7505469  0.0000544
12.550  0.7505667  0.0000549
12.570  0.7504980  0.0000545
12.590  0.7505706  0.0000551
12.610  0.7505173  0.0000545
12.630  0.7505249  0.0000544
12.650  0.7505636  0.0000548
12.670  0.7505644  0.0000541
12.690  0.7505971  0.0000535
12.710  0.7505502  0.0000547
12.730  0.7505305  0.0000545
12.750  0.7505350  0.0000551
12.770  0.7505688  0.0000551
12.790  0.7505644  0.0000549
12.810  0.7505245  0.0000539
12.830  0.7505606  0.0000533
12.850  0.7505268  0.0000546
12.870  0.7505614  0.0000553
12.890  0.7505356  0.0000541
12.910  0.7505359  0.0000546
12.930  0.7505408  0.0000543
12.950  0.7505452  0.0000550
12.970  0.7505535  0.0000552
12.990  0.7505924  0.0000543
13.010  0.7505765  0.0000543
13.030  0.7506066  0.0000548
13.050  0.7505338  0.0000548
13.070  0.7506054  0.0000547
13.090  0.7505730  0.0000540
13.110  0.7505280  0.0000553
13.130  0.7505128  0.0000551
13.150  0.7505292  0.0000542
13.170  0.7505500  0.0000556
13.190  0.7505211  0.0000547
13.210  0.7505408  0.0000544
13.230  0.7505890  0.0000543
13.250  0.7504890  0.0000544
13.270  0.7505301  0.0000549
13.290  0.7505286  0.0000548
13.310  0.7505262  0.0000556
13.330  0.7505212  0.0000558
13.350  0.7505468  0.0000546
13.370  0.7505509  0.0000546
13.390  0.7505661  0.0000549
13.410  0.7505422  0.0000551
13.430  0.7505434  0.0000544
13.450  0.7505668  0.0000538
13.470  0.7505449  0.0000549
13.490  0.7505507  0.0000551
13.510  0.7505366  0.0000541
13.530  0.7505465  0.0000542
13.550  0.7505287  0.0000541
13.570  0.7505452  0.0000552
13.590  0.7505489  0.0000549
13.610  0.7505522  0.0000559
13.630  0.7505933  0.0000556
13.650  0.7505590  0.0000540
13.670  0.7505597  0.0000542
13.690  0.7505446  0.0000549
13.710  0.7505789  0.0000557
13.730  0.7505551  0.0000550
13.750  0.7505534  0.0000551
13.770  0.7505438  0.0000548
13.790  0.7505872  0.0000547
13.810  0.7505528  0.0000542
13.830  0.7505624  0.0000550
13.850  0.7505506  0.0000548
13.870  0.7505842  0.0000556
13.890  0.7505277  0.0000548
13.910  0.7505409  0.0000542
13.930  0.7505903  0.0000541
13.950  0.7505163  0.0000545
13.970  0.7505546  0.0000553
13.990  0.7505306  0.0000546
14.010  0.7505389  0.0000553
14.030  0.7505630  0.0000554
14.050  0.7505770  0.0000532
14.070  0.7505748  0.0000545
14.090  0.7505697  0.0000550
14.110  0.7505498  0.0000546
14.130  0.7506054  0.0000555
14.150  0.7505369  0.0000544
14.170  0.7505378  0.0000539
14.190  0.7505861  0.0000548
14.210  0.7505467  0.0000552
14.230  0.7505186  0.0000548
14.250  0.7505590  0.0000547
14.270  0.7505221  0.0000550
14.290  0.7505479  0.0000542
14.310  0.7505520  0.0000557
14.330  0.7505133  0.0000548
14.350  0.7505168  0.0000552
14.370  0.7505545  0.0000550
14.390  0.7505180  0.0000546
14.410  0.7505756  0.0000543
14.430  0.7505814  0.0000552
14.450  0.7505579  0.0000547
14.470  0.7505418  0.0000544
14.490  0.7505231  0.0000553
14.510  0.7505961  0.0000549
14.530  0.7505174  0.0000549
14.550  0.7505660  0.0000539
14.570  0.7505076  0.0000548
14.590  0.7505652  0.0000541
14.610  0.7505440  0.0000557
14.630  0.7505658  0.0000553
14.650  0.7505563  0.0000545
14.670  0.7505589  0.0000545
14.690  0.7505101  0.0000545
14.710  0.7505040  0.0000540
14.730  0.7505335  0.0000547
14.750  0.7504868  0.0000533
14.770  0.7505504  0.0000554
14.790  0.7505306  0.0000542
14.810  0.7505146  0.0000550
14.830  0.7505091  0.0000545
14.850  0.7505352  0.0000550
14.870  0.7505117  0.0000545
14.890  0.7505316  0.0000546
14.910  0.7505407  0.0000542
14.930  0.7505887  0.0000555
14.950  0.7505318  0.0000548
14.970  0.7505632  0.0000555
14.990  0.7505648  0.0000555
15.010  0.7505783  0.0000541
15.030  0.7505637  0.0000555
15.050  0.7505792  0.0000551
15.070  0.7505657  0.0000545
15.090  0.7505561  0.0000542
15.110  0.7505679  0.0000545
15.130  0.7505529  0.0000539
15.150  0.7505536  0.0000551
15.170  0.7505836  0.0000543
15.190  0.7505546  0.0000528
15.210  0.7505314  0.0000545
15.230  0.7505787  0.0000547
15.250  0.7505707  0.0000556
15.270  0.7505768  0.0000543
15.290  0.7505206  0.0000546
15.310  0.7505511  0.0000549
15.330  0.7505382  0.0000543
15.350  0.7505479  0.0000541
15.370  0.7505582  0.0000558
15.390  0.7505536  0.0000551
15.410  0.7505448  0.0000553
15.430  0.7505353  0.0000544
15.450  0.7505481  0.0000541
15.470  0.7505254  0.0000547
15.490  0.7505536  0.0000541
15.510  0.7505544  0.0000548
15.530  0.7505781  0.0000549
15.550  0.7505245  0.0000547
15.570  0.7505585  0.0000544
15.590  0.7505791  0.0000540
15.610  0.7505377  0.0000546
15.630  0.7505907  0.0000554
15.650  0.7505554  0.0000542
15.670  0.7505239  0.0000539
15.690  0.7505413  0.0000549
15.710  0.7505265  0.0000540
15.730  0.7505340  0.0000550
15.750  0.7505504  0.0000549
15.770  0.7505173  0.0000547
15.790  0.7505315  0.0000546
15.810  0.7505106  0.0000547
15.830  0.7505209  0.0000554
15.850  0.7505345  0.0000538
15.870  0.7505309  0.0000547
15.890  0.7505738  0.0000547
15.910  0.7505772  0.0000547
15.930  0.7505656  0.0000554
15.950  0.7505306  0.0000560
15.970  0.7505291  0.0000546
15.990  0.7505713  0.0000548
16.010  0.7505520  0.0000540
16.030  0.7505768  0.0000542
16.050  0.7505465  0.0000549
16.070  0.7505704  0.0000553
16.090  0.7505191  0.0000549
16.110  0.7505637  0.0000554
16.130  0.7505268  0.0000545
16.150  0.7505287  0.0000541
16.170  0.7505021  0.0000540
16.190  0.7505704  0.0000550
16.210  0.7505551  0.0000557
16.230  0.7505466  0.0000546
16.250  0.7505018  0.0000553
16.270  0.7505485  0.0000540
16.290  0.7505139  0.0000543
16.310  0.7505480  0.0000540
16.330  0.7505560  0.0000551
16.350  0.7505459  0.0000541
16.370  0.7505378  0.0000545
16.390  0.7505508  0.0000548
16.410  0.7505363  0.0000547
16.430  0.7505529  0.0000551
16.450  0.7505045  0.0000548
16.470  0.7505712  0.0000544
16.490  0.7505548  0.0000549
16.510  0.7505618  0.0000543
16.530  0.7505616  0.0000547
16.550  0.7505459  0.0000539
16.570  0.7505528  0.0000549
16.590  0.7505544  0.0000555
16.610  0.7505821  0.0000536
16.630  0.7505507  0.0000552
16.650  0.7505802  0.0000541
16.670  0.7505815  0.0000556
16.690  0.7505825  0.0000550
16.710  0.7505599  0.0000548
16.730  0.7505996  0.0000550
16.750  0.7505451  0.0000553
16.770  0.7505358  0.0000543
16.790  0.7505506  0.0000554
16.810  0.7504987  0.0000551
16.830  0.7504913  0.0000551
16.850  0.7505234  0.0000554
16.870  0.7505476  0.0000555
16.890  0.7505475  0.0000545
16.910  0.7505904  0.0000547
16.930  0.7505499  0.0000552
16.950  0.7505232  0.0000548
16.970  0.7505880  0.0000547
16.990  0.7505501  0.0000549
17.010  0.7505521  0.0000544
17.030  0.7505607  0.0000548
17.050  0.7505352  0.0000542
17.070  0.7505385  0.0000546
17.090  0.7505636  0.0000536
17.110  0.7505165  0.0000556
17.130  0.7505042  0.0000546
17.150  0.7505120  0.0000542
17.170  0.7505091  0.0000556
17.190  0.7505424  0.0000543
17.210  0.7505565  0.0000552
17.230  0.7504892  0.0000549
17.250  0.7504941  0.0000546
17.270  0.7505948  0.0000553
17.290  0.7505733  0.0000543
17.310  0.7505413  0.0000548
17.330  0.7505284  0.0000544
17.350  0.7505003  0.0000549
17.370  0.7505592  0.0000558
17.390  0.7505260  0.0000547
17.410  0.7505324  0.0000552
17.430  0.7505381  0.0000551
17.450  0.7505536  0.0000543
17.470  0.7505351  0.0000547
17.490  0.7505180  0.0000548
17.510  0.7505548  0.0000549
17.530  0.7505333  0.0000543
17.550  0.7505469  0.0000547
17.570  0.7505721  0.0000534
17.590  0.7505516  0.0000545
17.610  0.7505710  0.0000540
17.630  0.7505529  0.0000548
17.650  0.7506133  0.0000550
17.670  0.7505542  0.0000553
17.690  0.7505849  0.0000547
17.710  0.7505703  0.0000546
17.730  0.7505358  0.0000547
17.750  0.7505390  0.0000549
17.770  0.7505631  0.0000546
17.790  0.7505378  0.0000545
17.810  0.7506176  0.0000544
17.830  0.7505578  0.0000550
17.850  0.7505553  0.0000538
17.870  0.7505714  0.0000547
17.890  0.7504809  0.0000553
17.910  0.7505771  0.0000543
17.930  0.7505256  0.0000548
17.950  0.7505388  0.0000543
17.970  0.7505079  0.0000552
17.990  0.7505215  0.0000537
18.010  0.7505236  0.0000545
18.030  0.7505330  0.0000546
18.050  0.7505477  0.0000549
18.070  0.7505623  0.0000544
18.090  0.7505653  0.0000550
18.110  0.7505350  0.0000543
18.130  0.7505356  0.0000549
18.150  0.7505787  0.0000551
18.170  0.7505634  0.0000551
18.190  0.7505592  0.0000546
18.210  0.7505445  0.0000544
18.230  0.7505322  0.0000549
18.250  0.7505412  0.0000555
18.270  0.7504911  0.0000545
18.290  0.7505284  0.0000547
18.310  0.7505579  0.0000547
18.330  0.7505639  0.0000549
18.350  0.7505362  0.0000551
18.370  0.7505446  0.0000538
18.390  0.7505565  0.0000547
18.410  0.7505646  0.0000551
18.430  0.7505063  0.0000533
18.450  0.7504880  0.0000545
18.470  0.7505664  0.0000540
18.490  0.7505407  0.0000545
18.510  0.7505499  0.0000547
18.530  0.7505370  0.0000546
18.550  0.7505216  0.0000535
18.570  0.7505182  0.0000540
18.590  0.7505305  0.0000546
18.610  0.7505263  0.0000546
18.630  0.7505327  0.0000545
18.650  0.7505275  0.0000540
18.670  0.7505283  0.0000554
18.690  0.7505158  0.0000553
18.710  0.7505385  0.0000548
18.730  0.7505672  0.0000544
18.750  0.7505652  0.0000550
18.770  0.7505337  0.0000549
18.790  0.7505579  0.0000544
18.810  0.7505491  0.0000552
18.830  0.7505364  0.0000553
18.850  0.7505482  0.0000555
18.870  0.7505826  0.0000545
18.890  0.7505597  0.0000554
18.910  0.7505764  0.0000547
18.930  0.7505535  0.0000544
18.950  0.7505350  0.0000535
18.970  0.7505701  0.0000549
18.990  0.7505817  0.0000548
19.010  0.7505418  0.0000544
19.030  0.7505766  0.0000538
19.050  0.7506028  0.0000553
19.070  0.7505723  0.0000560
19.090  0.7505733  0.0000541
19.110  0.7505515  0.0000558
19.130  0.7505694  0.0000548
19.150  0.7505684  0.0000549
19.170  0.7505341  0.0000557
19.190  0.7505731  0.0000551
19.210  0.7505182  0.0000558
19.230  0.7505567  0.0000539
19.250  0.7506169  0.0000542
19.270  0.7505160  0.0000555
19.290  0.7505713  0.0000542
19.310  0.7505458  0.0000546
19.330  0.7505280  0.0000546
19.350  0.7505511  0.0000546
19.370  0.7505082  0.0000554
19.390  0.7505384  0.0000547
19.410  0.7505135  0.0000545
19.430  0.7505323  0.0000549
19.450  0.7505294  0.0000539
19.470  0.7505098  0.0000562
19.490  0.7505323  0.0000538
19.510  0.7505778  0.0000540
19.530  0.7504918  0.0000551
19.550  0.7505189  0.0000555
19.570  0.7505283  0.0000540
19.590  0.7505515  0.0000551
19.610  0.7505606  0.0000548
19.630  0.7505416  0.0000550
19.650  0.7505159  0.0000556
19.670  0.7505530  0.0000539
19.690  0.7505298  0.0000557
19.710  0.7505558  0.0000549
19.730  0.7505782  0.0000554
19.750  0.7505540  0.0000551
19.770  0.7505716  0.0000541
19.790  0.7506016  0.0000543
19.810  0.7505959  0.0000548
19.830  0.7505494  0.0000547
19.850  0.7505677  0.0000543
19.870  0.7505252  0.0000540
19.890  0.7505320  0.0000552
19.910  0.7505468  0.0000552
19.930  0.7505370  0.0000537
19.950  0.7505732  0.0000552
19.970  0.7505461  0.0000552
19.990  0.7504805  0.0000556
20.010  0.7505311  0.0000555
20.030  0.7505605  0.0000541
20.050  0.7505753  0.0000543
20.070  0.7505630  0.0000546
20.090  0.7505824  0.0000555
20.110  0.7505156  0.0000540
20.130  0.7505323  0.0000554
20.150  0.7505416  0.0000536
20.170  0.7505586  0.0000547
20.190  0.7505616  0.0000542
20.210  0.7505682  0.0000541
20.230  0.7505209  0.0000542
20.250  0.7505640  0.0000540
20.270  0.7505504  0.0000549
20.290  0.7505322  0.0000554
20.310  0.7505201  0.0000543
20.330  0.7505349  0.0000557
20.350  0.7505265  0.0000548
20.370  0.7505353  0.0000546
20.390  0.7505233  0.0000536
20.410  0.7505330  0.0000551
20.430  0.7505805  0.0000548
20.450  0.7505437  0.0000551
20.470  0.7505284  0.0000558
20.490  0.7505484  0.0000552
20.510  0.7505375  0.0000544
20.530  0.7505157  0.0000544
20.550  0.7505227  0.0000541
20.570  0.7505268  0.0000554
20.590  0.7505005  0.0000543
20.610  0.7504964  0.0000546
20.630  0.7505700  0.0000550
20.650  0.7505161  0.0000548
20.670  0.7505555  0.0000559
20.690  0.7505718  0.0000548
20.710  0.7505604  0.0000547
20.730  0.7505560  0.0000546
20.750  0.7505966  0.0000543
20.770  0.7505706  0.0000545
20.790  0.7505994  0.0000551
20.810  0.7505948  0.0000548
20.830  0.7505661  0.0000540
20.850  0.7505771  0.0000559
20.870  0.7505660  0.0000547
20.890  0.7505872  0.0000561
20.910  0.7505312  0.0000533
20.930  0.7505943  0.0000548
20.950  0.7505745  0.0000549
20.970  0.7505459  0.0000546
20.990  0.7505155  0.0000543
21.010  0.7505420  0.0000544
21.030  0.7505141  0.0000553
21.050  0.7505210  0.0000548
21.070  0.7505055  0.0000552
21.090  0.7505288  0.0000550
21.110  0.7505325  0.0000545
21.130  0.7505257  0.0000540
21.150  0.7505151  0.0000557
21.170  0.7504744  0.0000544
21.190  0.7505313  0.0000549
21.210  0.7505223  0.0000549
21.230  0.7505162  0.0000543
21.250  0.7505308  0.0000553
21.270  0.7505502  0.0000549
21.290  0.7505422  0.0000546
21.310  0.7505080  0.0000546
21.330  0.7505320  0.0000545
21.350  0.7505320  0.0000546
21.370  0.7505201  0.0000555
21.390  0.7505738  0.0000548
21.410  0.7505072  0.0000556
21.430  0.7505004  0.0000542
21.450  0.7505430  0.0000555
21.470  0.7505091  0.0000551
21.490  0.7505518  0.0000536
21.510  0.7505779  0.0000548
21.530  0.7505191  0.0000555
21.550  0.7505466  0.0000558
21.570  0.7505610  0.0000546
21.590  0.7505517  0.0000544
21.610  0.7505576  0.0000548
21.630  0.7505471  0.0000557
21.650  0.7505710  0.0000560
21.670  0.7505855  0.0000543
21.690  0.7505159  0.0000539
21.710  0.7505386  0.0000549
21.730  0.7505393  0.0000555
21.750  0.7505627  0.0000544
21.770  0.7505684  0.0000554
21.790  0.7505882  0.0000548
21.810  0.7506192  0.0000539
21.830  0.7505950  0.0000549
21.850  0.7505753  0.0000550
21.870  0.7505566  0.0000547
21.890  0.7505505  0.0000561
21.910  0.7505098  0.0000562
21.930  0.7505669  0.0000551
21.950  0.7505359  0.0000549
21.970  0.7505425  0.0000543
21.990  0.7505556  0.0000545
22.010  0.7505157  0.0000550
22.030  0.7505018  0.0000546
22.050  0.7505832  0.0000541
22.070  0.7505654  0.0000558
22.090  0.7505275  0.0000541
22.110  0.7505080  0.0000551
22.130  0.7505270  0.0000543
22.150  0.7505236  0.0000547
22.170  0.7505151  0.0000541
22.190  0.7505077  0.0000550
22.210  0.7505108  0.0000543
22.230  0.7505188  0.0000539
22.250  0.7505226  0.0000546
22.270  0.7504872  0.0000546
22.290  0.7505641  0.0000543
22.310  0.7504958  0.0000560
22.330  0.7505147  0.0000548
22.350  0.7505555  0.0000539
22.370  0.7505384  0.0000546
22.390  0.7505052  0.0000541
22.410  0.7505100  0.0000538
22.430  0.7505165  0.0000549
22.450  0.7505604  0.0000543
22.470  0.7505580  0.0000552
22.490  0.7505704  0.0000551
22.510  0.7505716  0.0000544
22.530  0.7505451  0.0000545
22.550  0.7505364  0.0000551
22.570  0.7505476  0.0000564
22.590  0.7506258  0.0000559
22.610  0.7505790  0.0000549
22.630  0.7506011  0.0000558
22.650  0.7505835  0.0000555
22.670  0.7505941  0.0000550
22.690  0.7505962  0.0000552
22.710  0.7505892  0.0000549
22.730  0.7505511  0.0000546
22.750  0.7506004  0.0000537
22.770  0.7505598  0.0000547
22.790  0.7505349  0.0000535
22.810  0.7505192  0.0000549
22.830  0.7505666  0.0000558
22.850  0.7505097  0.0000546
22.870  0.7505397  0.0000541
22.890  0.7505179  0.0000549
22.910  0.7505400  0.0000547
22.930  0.7505254  0.0000553
22.950  0.7505200  0.0000546
22.970  0.7505394  0.0000541
22.990  0.7505372  0.0000547
23.010  0.7505259  0.0000547
23.030  0.7505134  0.0000545
23.050  0.7505116  0.0000551
23.070  0.7505304  0.0000562
23.090  0.7505371  0.0000557
23.110  0.7505288  0.0000546
23.130  0.7505408  0.0000543
23.150  0.7505668  0.0000546
23.170  0.7505281  0.0000547
23.190  0.7505208  0.0000548
23.210  0.7505506  0.0000545
23.230  0.7504620  0.0000549
23.250  0.7505274  0.0000547
23.270  0.7504870  0.0000547
23.290  0.7505599  0.0000545
23.310  0.7505299  0.0000545
23.330  0.7505087  0.0000549
23.350  0.7505245  0.0000554
23.370  0.7505313  0.0000543
23.390  0.7505168  0.0000553
23.410  0.7505388  0.0000551
23.430  0.7505519  0.0000542
23.450  0.7505312  0.0000556
23.470  0.7505455  0.0000543
23.490  0.7505779  0.0000551
23.510  0.7505447  0.0000551
23.530  0.7505243  0.0000553
23.550  0.7505964  0.0000550
23.570  0.7505048  0.0000542
23.590  0.7505514  0.0000547
23.610  0.7505361  0.0000545
23.630  0.7505595  0.0000551
23.650  0.7506276  0.0000546
23.670  0.7505845  0.0000542
23.690  0.7505831  0.0000553
23.710  0.7505413  0.0000559
23.730  0.7505804  0.0000552
23.750  0.7505442  0.0000551
23.770  0.7505201  0.0000548
23.790  0.7505659  0.0000547
23.810  0.7504972  0.0000541
23.830  0.7505362  0.0000548
23.850  0.7505274  0.0000545
23.870  0.7505168  0.0000547
23.890  0.7505577  0.0000546
23.910  0.7505903  0.0000555
23.930  0.7505737  0.0000546
23.950  0.7505676  0.0000542
23.970  0.7505190  0.0000554
23.990  0.7505435  0.0000551
24.010  0.7505248  0.0000549
24.030  0.7505320  0.0000555
24.050  0.7505237  0.0000546
24.070  0.7505126  0.0000551
24.090  0.7505406  0.0000551
24.110  0.7505202  0.0000546
24.130  0.7505393  0.0000535
24.150  0.7505324  0.0000548
24.170  0.7505454  0.0000554
24.190  0.7505062  0.0000544
24.210  0.7505296  0.0000545
24.230  0.7505230  0.0000546
24.250  0.7505665  0.0000551
24.270  0.7505339  0.0000543
24.290  0.7505109  0.0000546
24.310  0.7505381  0.0000547
24.330  0.7505467  0.0000555
24.350  0.7505629  0.0000551
24.370  0.7505658  0.0000542
24.390  0.7505395  0.0000549
24.410  0.7505356  0.0000550
24.430  0.7505002  0.0000550
24.450  0.7505380  0.0000550
24.470  0.7505610  0.0000541
24.490  0.7505174  0.0000547
24.510  0.7505555  0.0000560
24.530  0.7505719  0.0000548
24.550  0.7505367  0.0000546
24.570  0.7505450  0.0000554
24.590  0.7505717  0.0000558
24.610  0.7505751  0.0000553
24.630  0.7505269  0.0000543
24.650  0.7505255  0.0000550
24.670  0.7505223  0.0000544
24.690  0.7505648  0.0000542
24.710  0.7505800  0.0000545
24.730  0.7505653  0.0000555
24.750  0.7505528  0.0000535
24.770  0.7505462  0.0000550
24.790  0.7505433  0.0000554
24.810  0.7505650  0.0000539
24.830  0.7505929  0.0000549
24.850  0.7505138  0.0000550
24.870  0.7505298  0.0000555
24.890  0.7505421  0.0000555
24.910  0.7505461  0.0000552
24.930  0.7505009  0.0000541
24.950  0.7504909  0.0000554
24.970  0.7505436  0.0000540
24.990  0.7504867  0.0000541
25.010  0.7504862  0.0000542
25.030  0.7505163  0.0000555
25.050  0.7504781  0.0000547
25.070  0.7504926  0.0000547
25.090  0.7505246  0.0000554
25.110  0.7505415  0.0000556
25.130  0.7505601  0.0000547
25.150  0.7505488  0.0000554
25.170  0.7505394  0.0000545
25.190  0.7505702  0.0000556
25.210  0.7505349  0.0000545
25.230  0.7505156  0.0000547
25.250  0.7505454  0.0000550
25.270  0.7505809  0.0000549
25.290  0.7505103  0.0000552
25.310  0.7505319  0.0000558
25.330  0.7505353  0.0000546
25.350  0.7505537  0.0000544
25.370  0.7505870  0.0000552
25.390  0.7505230  0.0000548
25.410  0.7505462  0.0000552
25.430  0.7505667  0.0000553
25.450  0.7505044  0.0000548
25.470  0.7505277  0.0000548
25.490  0.7505616  0.0000550
25.510  0.7505770  0.0000537
25.530  0.7505097  0.0000548
25.550  0.7505673  0.0000549
25.570  0.7505220  0.0000550
25.590  0.7505718  0.0000540
25.610  0.7505444  0.0000543
25.630  0.7505713  0.0000553
25.650  0.7505829  0.0000557
25.670  0.7505480  0.0000555
25.690  0.7505642  0.0000548
25.710  0.7506003  0.0000553
25.730  0.7505580  0.0000546
25.750  0.7505693  0.0000554
25.770  0.7505719  0.0000549
25.790  0.7505095  0.0000547
25.810  0.7505308  0.0000551
25.830  0.7505710  0.0000543
25.850  0.7505474  0.0000549
25.870  0.7505022  0.0000544
25.890  0.7505068  0.0000543
25.910  0.7505224  0.0000544
25.930  0.7504905  0.0000547
25.950  0.7505303  0.0000546
25.970  0.7505119  0.0000550
25.990  0.7505113  0.0000540
26.010  0.7505399  0.0000545
26.030  0.7504970  0.0000546
26.050  0.7505379  0.0000547
26.070  0.7505158  0.0000558
26.090  0.7505210  0.0000547
26.110  0.7505136  0.0000541
26.130  0.7505092  0.0000550
26.150  0.7504995  0.0000559
26.170  0.7505225  0.0000548
26.190  0.7505629  0.0000539
26.210  0.7505615  0.0000547
26.230  0.7505267  0.0000550
26.250  0.7505260  0.0000549
26.270  0.7505514  0.0000550
26.290  0.7505470  0.0000550
26.310  0.7505810  0.0000541
26.330  0.7505996  0.0000552
26.350  0.7505263  0.0000545
26.370  0.7505498  0.0000552
26.390  0.7505445  0.0000543
26.410  0.7505178  0.0000546
26.430  0.7505544  0.0000541
26.450  0.7505304  0.0000545
26.470  0.7505573  0.0000550
26.490  0.7505177  0.0000557
26.510  0.7505329  0.0000543
26.530  0.7505474  0.0000550
26.550  0.7505729  0.0000546
26.570  0.7505911  0.0000542
26.590  0.7505501  0.0000551
26.610  0.7505483  0.0000553
26.630  0.7505698  0.0000548
26.650  0.7505387  0.0000558
26.670  0.7505774  0.0000549
26.690  0.7505515  0.0000551
26.710  0.7504991  0.0000553
26.730  0.7505320  0.0000542
26.750  0.7504981  0.0000551
26.770  0.7505650  0.0000549
26.790  0.7505514  0.0000550
26.810  0.7504894  0.0000543
26.830  0.7504914  0.0000547
26.850  0.7505255  0.0000547
26.870  0.7505103  0.0000540
26.890  0.7504829  0.0000557
26.910  0.7505324  0.0000540
26.930  0.7505129  0.0000543
26.950  0.7505094  0.0000541
26.970  0.7505612  0.0000545
26.990  0.7505518  0.0000555
27.010  0.7505478  0.0000552
27.030  0.7505268  0.0000550
27.050  0.7505573  0.0000540
27.070  0.7505533  0.0000547
27.090  0.7505384  0.0000547
27.110  0.7505723  0.0000548
27.130  0.7505526  0.0000552
27.150  0.7505731  0.0000550
27.170  0.7505129  0.0000546
27.190  0.7505615  0.0000551
27.210  0.7505942  0.0000554
27.230  0.7505307  0.0000557
27.250  0.7505881  0.0000557
27.270  0.7505769  0.0000556
27.290  0.7505660  0.0000548
27.310  0.7505059  0.0000551
27.330  0.7505166  0.0000545
27.350  0.7505103  0.0000540
27.370  0.7505678  0.0000548
27.390  0.7505204  0.0000560
27.410  0.7505090  0.0000555
27.430  0.7504985  0.0000551
27.450  0.7505813  0.0000549
27.470  0.7505344  0.0000543
27.490  0.7505131  0.0000542
27.510  0.7505011  0.0000544
27.530  0.7505427  0.0000552
27.550  0.7505671  0.0000543
27.570  0.7505129  0.0000537
27.590  0.7504980  0.0000529
27.610  0.7504877  0.0000550
27.630  0.7504791  0.0000544
27.650  0.7505461  0.0000546
27.670  0.7505344  0.0000546
27.690  0.7505415  0.0000545
27.710  0.7505437  0.0000553
27.730  0.7505090  0.0000550
27.750  0.7505577  0.0000552
27.770  0.7505213  0.0000552
27.790  0.7505700  0.0000548
27.810  0.7505375  0.0000550
27.830  0.7505401  0.0000546
27.850  0.7505611  0.0000549
27.870  0.7505645  0.0000542
27.890  0.7505505  0.0000540
27.910  0.7505815  0.0000545
27.930  0.7505511  0.0000550
27.950  0.7505156  0.0000556
27.970  0.7505448  0.0000542
27.990  0.7505837  0.0000548
28.010  0.7505692  0.0000556
28.030  0.7505713  0.0000556
28.050  0.7505254  0.0000560
28.070  0.7505388  0.0000559
28.090  0.7505460  0.0000550
28.110  0.7505480  0.0000553
28.130  0.7505446  0.0000546
28.150  0.7505157  0.0000554
28.170  0.7505332  0.0000555
28.190  0.7504714  0.0000543
28.210  0.7505746  0.0000550
28.230  0.7505162  0.0000542
28.250  0.7505527  0.0000556
28.270  0.7504761  0.0000553
28.290  0.7504917  0.0000549
28.310  0.7505266  0.0000548
28.330  0.7505116  0.0000548
28.350  0.7504903  0.0000548
28.370  0.7505428  0.0000545
28.390  0.7505180  0.0000550
28.410  0.7505656  0.0000554
28.430  0.7505460  0.0000556
28.450  0.7505606  0.0000546
28.470  0.7505881  0.0000553
28.490  0.7505368  0.0000554
28.510  0.7505196  0.0000550
28.530  0.7505480  0.0000558
28.550  0.7505642  0.0000547
28.570  0.7505252  0.0000549
28.590  0.7505304  0.0000550
28.610  0.7505617  0.0000544
28.630  0.7505475  0.0000550
28.650  0.7505577  0.0000555
28.670  0.7505491  0.0000554
28.690  0.7505214  0.0000553
28.710  0.7505133  0.0000538
28.730  0.7505210  0.0000556
28.750  0.7505160  0.0000561
28.770  0.7505036  0.0000557
28.790  0.7505209  0.0000546
28.810  0.7505314  0.0000549
28.830  0.7505630  0.0000546
28.850  0.7505289  0.0000549
28.870  0.7504991  0.0000548
28.890  0.7505344  0.0000549
28.910  0.7505333  0.0000549
28.930  0.7505187  0.0000556
28.950  0.7505490  0.0000553
28.970  0.7505016  0.0000563
28.990  0.7505575  0.0000548
29.010  0.7505631  0.0000557
29.030  0.7505080  0.0000545
29.050  0.7505721  0.0000548
29.070  0.7505739  0.0000547
29.090  0.7505293  0.0000552
29.110  0.7505764  0.0000550
29.130  0.7505440  0.0000563
29.150  0.7505607  0.0000560
29.170  0.7505279  0.0000551
29.190  0.7505366  0.0000546
29.210  0.7505503  0.0000555
29.230  0.7505433  0.0000538
29.250  0.7505569  0.0000553
29.270  0.7505366  0.0000554
29.290  0.7505397  0.0000551
29.310  0.7505173  0.0000561
29.330  0.7505279  0.0000550
29.350  0.7505617  0.0000553
29.370  0.7505220  0.0000554
29.390  0.7505584  0.0000555
29.410  0.7505224  0.0000542
29.430  0.7505608  0.0000551
29.450  0.7505254  0.0000554
29.470  0.7505574  0.0000545
29.490  0.7505227  0.0000544
29.510  0.7505183  0.0000556
29.530  0.7505257  0.0000549
29.550  0.7505648  0.0000539
29.570  0.7505115  0.0000549
29.590  0.7505392  0.0000547
29.610  0.7505452  0.0000542
29.630  0.7505268  0.0000547
29.650  0.7505478  0.0000552
29.670  0.7505352  0.0000555
29.690  0.7505309  0.0000550
29.710  0.7505182  0.0000544
29.730  0.7505449  0.0000546
29.750  0.7505218  0.0000569
29.770  0.7504888  0.0000556
29.790  0.7505196  0.0000551
29.810  0.7505471  0.0000551
29.830  0.7505103  0.0000550
29.850  0.7505286  0.0000550
29.870  0.7505531  0.0000545
29.890  0.7505537  0.0000558
29.910  0.7505360  0.0000555
29.930  0.7505630  0.0000548
29.950  0.7505064  0.0000559
29.970  0.7505473  0.0000560
29.990  0.7505312  0.0000557
30.010  0.7505583  0.0000552
30.030  0.7504945  0.0000552
30.050  0.7505501  0.0000549
30.070  0.7505279  0.0000546
30.090  0.7505572  0.0000546
30.110  0.7505315  0.0000561
30.130  0.7505284  0.0000551
30.150  0.7505234  0.0000563
30.170  0.7505322  0.0000551
30.190  0.7504996  0.0000552
30.210  0.7505459  0.0000546
30.230  0.7505485  0.0000551
30.250  0.7505435  0.0000552
30.270  0.7505351  0.0000547
30.290  0.7505374  0.0000551
30.310  0.7505466  0.0000547
30.330  0.7505588  0.0000545
30.350  0.7505186  0.0000548
30.370  0.7506065  0.0000555
30.390  0.7505031  0.0000555
30.410  0.7505791  0.0000543
30.430  0.7505605  0.0000555
30.450  0.7505705  0.0000551
30.470  0.7505398  0.0000546
30.490  0.7504953  0.0000559
30.510  0.7505235  0.0000545
30.530  0.7505353  0.0000559
30.550  0.7505189  0.0000558
30.570  0.7505462  0.0000543
30.590  0.7505179  0.0000559
30.610  0.7505219  0.0000555
30.630  0.7505645  0.0000559
30.650  0.7505133  0.0000556
30.670  0.7505010  0.0000546
30.690  0.7504656  0.0000548
30.710  0.7505362  0.0000558
30.730  0.7505024  0.0000558
30.750  0.7505638  0.0000551
30.770  0.7505180  0.0000553
30.790  0.7505218  0.0000554
30.810  0.7505420  0.0000560
30.830  0.7505353  0.0000543
30.850  0.7505121  0.0000564
30.870  0.7505276  0.0000549
30.890  0.7505736  0.0000561
30.910  0.7506102  0.0000553
30.930  0.7505708  0.0000565
30.950  0.7505356  0.0000555
30.970  0.7505426  0.0000546
30.990  0.7505346  0.0000554
31.010  0.7505348  0.0000549
31.030  0.7505112  0.0000555
31.050  0.7505477  0.0000552
31.070  0.7505558  0.0000542
31.090  0.7504746  0.0000547
31.110  0.7505743  0.0000549
31.130  0.7505532  0.0000543
31.150  0.7505489  0.0000556
31.170  0.7506008  0.0000547
31.190  0.7505488  0.0000558
31.210  0.7505807  0.0000552
31.230  0.7505502  0.0000555
31.250  0.7505719  0.0000556
31.270  0.7505950  0.0000553
31.290  0.7505330  0.0000547
31.310  0.7505795  0.0000550
31.330  0.7505142  0.0000561
31.350  0.7505635  0.0000566
31.370  0.7505128  0.0000559
31.390  0.7505677  0.0000559
31.410  0.7504796  0.0000559
31.430  0.7505318  0.0000551
31.450  0.7505341  0.0000549
31.470  0.7505259  0.0000554
31.490  0.7505029  0.0000562
31.510  0.7505217  0.0000539
31.530  0.7505276  0.0000538
31.550  0.7505154  0.0000548
31.570  0.7505080  0.0000546
31.590  0.7505696  0.0000548
31.610  0.7505251  0.0000545
31.630  0.7504777  0.0000533
31.650  0.7505167  0.0000540
31.670  0.7505469  0.0000551
31.690  0.7505550  0.0000547
31.710  0.7505436  0.0000558
31.730  0.7505513  0.0000547
31.750  0.7505285  0.0000556
31.770  0.7505604  0.0000561
31.790  0.7506017  0.0000559
31.810  0.7505675  0.0000566
31.830  0.7505256  0.0000566
31.850  0.7504802  0.0000572
31.870  0.7505872  0.0000568
31.890  0.7505320  0.0000556
31.910  0.7505306  0.0000559
31.930  0.7505048  0.0000566
31.950  0.7505232  0.0000562
31.970  0.7505172  0.0000542
31.990  0.7505419  0.0000550
32.010  0.7505286  0.0000542
32.030  0.7505001  0.0000540
32.050  0.7505343  0.0000540
32.070  0.7505589  0.0000534
32.090  0.7505383  0.0000534
32.110  0.7505194  0.0000527
32.130  0.7505610  0.0000535
32.150  0.7505268  0.0000534
32.170  0.7505692  0.0000542
32.190  0.7505334  0.0000549
32.210  0.7505445  0.0000552
32.230  0.7505084  0.0000558
32.250  0.7505950  0.0000562
32.270  0.7505578  0.0000575
32.290  0.7505208  0.0000588
32.310  0.7505186  0.0000584
32.330  0.7504998  0.0000580
32.350  0.7505570  0.0000571
32.370  0.7505867  0.0000571
32.390  0.7505394  0.0000570
32.410  0.7505619  0.0000553
32.430  0.7505676  0.0000549
32.450  0.7505461  0.0000541
32.470  0.7505686  0.0000539
32.490  0.7505512  0.0000539
32.510  0.7505260  0.0000529
32.530  0.7505149  0.0000519
32.550  0.7505789  0.0000523
32.570  0.7505522  0.0000521
32.590  0.7505949  0.0000530
32.610  0.7505027  0.0000521
32.630  0.7505349  0.0000525
32.650  0.7505630  0.0000526
32.670  0.7505641  0.0000527
32.690  0.7505289  0.0000547
32.710  0.7504662  0.0000557
32.730  0.7505388  0.0000568
32.750  0.7505096  0.0000586
32.770  0.7505462  0.0000514
