% Density Profile of Hard Spheres at a Hard Flat Wall: rho(z), rho(z < 0.5) = 0
% Bulk density: rho (95% CI) = 0.85691866(0.00000433)
%
% rho_i is the average density in the interval [z_i-0.01, z_i+0.01]
%
%  z_i    rho_i     95% CI 
 0.510  7.1434255  0.0004059
 0.530  5.6966596  0.0002924
 0.550  4.5630358  0.0002296
 0.570  3.6720352  0.0001913
 0.590  2.9702559  0.0001619
 0.610  2.4154181  0.0001425
 0.630  1.9761309  0.0001311
 0.650  1.6268439  0.0001196
 0.670  1.3483351  0.0001108
 0.690  1.1256610  0.0001022
 0.710  0.9469973  0.0000954
 0.730  0.8031472  0.0000904
 0.750  0.6869939  0.0000844
 0.770  0.5928965  0.0000794
 0.790  0.5164968  0.0000757
 0.810  0.4542666  0.0000706
 0.830  0.4035183  0.0000658
 0.850  0.3621957  0.0000639
 0.870  0.3284787  0.0000605
 0.890  0.3011020  0.0000580
 0.910  0.2790407  0.0000558
 0.930  0.2615448  0.0000544
 0.950  0.2478760  0.0000533
 0.970  0.2376521  0.0000526
 0.990  0.2305936  0.0000524
 1.010  0.2263595  0.0000516
 1.030  0.2249940  0.0000529
 1.050  0.2263999  0.0000528
 1.070  0.2307339  0.0000522
 1.090  0.2381395  0.0000552
 1.110  0.2489811  0.0000565
 1.130  0.2637171  0.0000579
 1.150  0.2830402  0.0000604
 1.170  0.3076345  0.0000619
 1.190  0.3387804  0.0000656
 1.210  0.3776682  0.0000683
 1.230  0.4259304  0.0000727
 1.250  0.4855550  0.0000776
 1.270  0.5584915  0.0000830
 1.290  0.6471289  0.0000877
 1.310  0.7538713  0.0000955
 1.330  0.8801819  0.0001063
 1.350  1.0265918  0.0001169
 1.370  1.1898265  0.0001267
 1.390  1.3605182  0.0001424
 1.410  1.5214852  0.0001536
 1.430  1.6556998  0.0001621
 1.450  1.7517743  0.0001625
 1.470  1.8056986  0.0001622
 1.490  1.8185424  0.0001522
 1.510  1.7907912  0.0001484
 1.530  1.7172836  0.0001402
 1.550  1.6146792  0.0001325
 1.570  1.4987410  0.0001255
 1.590  1.3795926  0.0001193
 1.610  1.2634228  0.0001141
 1.630  1.1542918  0.0001100
 1.650  1.0539467  0.0001047
 1.670  0.9632291  0.0001008
 1.690  0.8821807  0.0000984
 1.710  0.8106633  0.0000943
 1.730  0.7479998  0.0000909
 1.750  0.6935625  0.0000883
 1.770  0.6466708  0.0000866
 1.790  0.6065696  0.0000841
 1.810  0.5726607  0.0000816
 1.830  0.5443790  0.0000796
 1.850  0.5212603  0.0000780
 1.870  0.5028902  0.0000780
 1.890  0.4888944  0.0000765
 1.910  0.4790040  0.0000745
 1.930  0.4731490  0.0000763
 1.950  0.4709432  0.0000738
 1.970  0.4724747  0.0000752
 1.990  0.4777564  0.0000757
 2.010  0.4869309  0.0000755
 2.030  0.4998125  0.0000780
 2.050  0.5167828  0.0000783
 2.070  0.5378952  0.0000800
 2.090  0.5634453  0.0000830
 2.110  0.5935673  0.0000834
 2.130  0.6283224  0.0000881
 2.150  0.6679991  0.0000892
 2.170  0.7123356  0.0000916
 2.190  0.7612617  0.0000983
 2.210  0.8141012  0.0001002
 2.230  0.8700820  0.0001024
 2.250  0.9279934  0.0001090
 2.270  0.9863201  0.0001132
 2.290  1.0430064  0.0001196
 2.310  1.0958285  0.0001223
 2.330  1.1428754  0.0001230
 2.350  1.1820655  0.0001235
 2.370  1.2118298  0.0001250
 2.390  1.2311892  0.0001261
 2.410  1.2396827  0.0001233
 2.430  1.2373816  0.0001251
 2.450  1.2249896  0.0001206
 2.470  1.2036531  0.0001163
 2.490  1.1749187  0.0001146
 2.510  1.1401970  0.0001127
 2.530  1.1012003  0.0001098
 2.550  1.0596179  0.0001078
 2.570  1.0167368  0.0001042
 2.590  0.9739276  0.0001016
 2.610  0.9322769  0.0000998
 2.630  0.8923262  0.0000986
 2.650  0.8548984  0.0000961
 2.670  0.8201518  0.0000965
 2.690  0.7885133  0.0000945
 2.710  0.7601047  0.0000925
 2.730  0.7348678  0.0000912
 2.750  0.7129470  0.0000900
 2.770  0.6943695  0.0000874
 2.790  0.6788611  0.0000881
 2.810  0.6665808  0.0000864
 2.830  0.6572439  0.0000864
 2.850  0.6510182  0.0000874
 2.870  0.6477298  0.0000862
 2.890  0.6473042  0.0000863
 2.910  0.6496672  0.0000865
 2.930  0.6548879  0.0000871
 2.950  0.6627262  0.0000885
 2.970  0.6734136  0.0000891
 2.990  0.6866932  0.0000876
 3.010  0.7023193  0.0000907
 3.030  0.7204981  0.0000915
 3.050  0.7407520  0.0000916
 3.070  0.7629696  0.0000944
 3.090  0.7869165  0.0000950
 3.110  0.8122475  0.0000967
 3.130  0.8383240  0.0000982
 3.150  0.8650310  0.0001013
 3.170  0.8913817  0.0001015
 3.190  0.9170070  0.0001044
 3.210  0.9412836  0.0001058
 3.230  0.9635771  0.0001074
 3.250  0.9832684  0.0001104
 3.270  0.9997724  0.0001084
 3.290  1.0129632  0.0001091
 3.310  1.0222528  0.0001105
 3.330  1.0276729  0.0001096
 3.350  1.0290183  0.0001091
 3.370  1.0268270  0.0001095
 3.390  1.0208452  0.0001075
 3.410  1.0117460  0.0001063
 3.430  0.9997018  0.0001051
 3.450  0.9852295  0.0001028
 3.470  0.9690260  0.0001025
 3.490  0.9514063  0.0001018
 3.510  0.9327587  0.0001006
 3.530  0.9138188  0.0001015
 3.550  0.8947348  0.0000991
 3.570  0.8759803  0.0000976
 3.590  0.8576712  0.0000971
 3.610  0.8405858  0.0000970
 3.630  0.8244878  0.0000966
 3.650  0.8096148  0.0000940
 3.670  0.7962866  0.0000927
 3.690  0.7844866  0.0000953
 3.710  0.7743461  0.0000933
 3.730  0.7659132  0.0000928
 3.750  0.7592179  0.0000917
 3.770  0.7543769  0.0000922
 3.790  0.7512856  0.0000912
 3.810  0.7498509  0.0000905
 3.830  0.7501388  0.0000907
 3.850  0.7521587  0.0000914
 3.870  0.7558496  0.0000906
 3.890  0.7609448  0.0000913
 3.910  0.7675604  0.0000929
 3.930  0.7756080  0.0000928
 3.950  0.7846992  0.0000925
 3.970  0.7950226  0.0000928
 3.990  0.8061903  0.0000964
 4.010  0.8180978  0.0000973
 4.030  0.8306111  0.0000972
 4.050  0.8433805  0.0000985
 4.070  0.8561778  0.0000991
 4.090  0.8687290  0.0000987
 4.110  0.8809271  0.0001003
 4.130  0.8924464  0.0001019
 4.150  0.9030654  0.0001012
 4.170  0.9125133  0.0001019
 4.190  0.9205216  0.0001009
 4.210  0.9271180  0.0001020
 4.230  0.9322787  0.0001026
 4.250  0.9356297  0.0001027
 4.270  0.9374181  0.0000996
 4.290  0.9374348  0.0001032
 4.310  0.9359887  0.0001029
 4.330  0.9328912  0.0001012
 4.350  0.9285552  0.0000995
 4.370  0.9230430  0.0001005
 4.390  0.9163071  0.0000992
 4.410  0.9089438  0.0000984
 4.430  0.9007323  0.0000991
 4.450  0.8920653  0.0000984
 4.470  0.8830290  0.0000963
 4.490  0.8739968  0.0000959
 4.510  0.8650889  0.0000960
 4.530  0.8563722  0.0000960
 4.550  0.8479195  0.0000966
 4.570  0.8400363  0.0000958
 4.590  0.8327573  0.0000931
 4.610  0.8260856  0.0000936
 4.630  0.8202718  0.0000950
 4.650  0.8152622  0.0000945
 4.670  0.8110547  0.0000945
 4.690  0.8077994  0.0000942
 4.710  0.8055196  0.0000954
 4.730  0.8041676  0.0000944
 4.750  0.8037982  0.0000948
 4.770  0.8041577  0.0000942
 4.790  0.8055710  0.0000942
 4.810  0.8077661  0.0000948
 4.830  0.8107321  0.0000950
 4.850  0.8143518  0.0000954
 4.870  0.8187079  0.0000950
 4.890  0.8236157  0.0000953
 4.910  0.8290221  0.0000959
 4.930  0.8347087  0.0000957
 4.950  0.8407176  0.0000971
 4.970  0.8469948  0.0000967
 4.990  0.8532656  0.0000953
 5.010  0.8593668  0.0000976
 5.030  0.8652813  0.0000977
 5.050  0.8709207  0.0000982
 5.070  0.8761808  0.0000993
 5.090  0.8809324  0.0001001
 5.110  0.8850722  0.0000998
 5.130  0.8885516  0.0001012
 5.150  0.8914295  0.0000982
 5.170  0.8934979  0.0001005
 5.190  0.8948182  0.0001007
 5.210  0.8953774  0.0001005
 5.230  0.8952322  0.0000990
 5.250  0.8943074  0.0000985
 5.270  0.8928308  0.0000975
 5.290  0.8905915  0.0000985
 5.310  0.8878783  0.0000978
 5.330  0.8846340  0.0000980
 5.350  0.8810083  0.0000974
 5.370  0.8770766  0.0000980
 5.390  0.8730298  0.0000979
 5.410  0.8686141  0.0000956
 5.430  0.8643512  0.0000955
 5.450  0.8600553  0.0000981
 5.470  0.8557485  0.0000962
 5.490  0.8517282  0.0000949
 5.510  0.8478755  0.0000960
 5.530  0.8443751  0.0000971
 5.550  0.8412086  0.0000960
 5.570  0.8382432  0.0000964
 5.590  0.8359306  0.0000959
 5.610  0.8339126  0.0000959
 5.630  0.8325423  0.0000973
 5.650  0.8314775  0.0000941
 5.670  0.8308986  0.0000963
 5.690  0.8309392  0.0000971
 5.710  0.8312076  0.0000966
 5.730  0.8319596  0.0000963
 5.750  0.8333128  0.0000962
 5.770  0.8348760  0.0000961
 5.790  0.8368654  0.0000959
 5.810  0.8390923  0.0000962
 5.830  0.8416347  0.0000954
 5.850  0.8443707  0.0000965
 5.870  0.8472826  0.0000959
 5.890  0.8502607  0.0000989
 5.910  0.8532849  0.0000965
 5.930  0.8562898  0.0000973
 5.950  0.8592132  0.0000967
 5.970  0.8619532  0.0000965
 5.990  0.8646167  0.0000981
 6.010  0.8670294  0.0000991
 6.030  0.8692819  0.0001006
 6.050  0.8711843  0.0000985
 6.070  0.8727514  0.0000996
 6.090  0.8738612  0.0000980
 6.110  0.8747209  0.0000969
 6.130  0.8752530  0.0000968
 6.150  0.8754494  0.0000969
 6.170  0.8752613  0.0000978
 6.190  0.8747255  0.0000965
 6.210  0.8739124  0.0000974
 6.230  0.8727829  0.0000978
 6.250  0.8714113  0.0000972
 6.270  0.8698455  0.0000992
 6.290  0.8681047  0.0000957
 6.310  0.8661198  0.0000975
 6.330  0.8640890  0.0000985
 6.350  0.8620621  0.0000957
 6.370  0.8599480  0.0000978
 6.390  0.8578499  0.0000974
 6.410  0.8558456  0.0000983
 6.430  0.8538369  0.0000957
 6.450  0.8520231  0.0000956
 6.470  0.8503183  0.0000957
 6.490  0.8488089  0.0000957
 6.510  0.8474657  0.0000961
 6.530  0.8463618  0.0000952
 6.550  0.8455651  0.0000968
 6.570  0.8448149  0.0000961
 6.590  0.8443928  0.0000964
 6.610  0.8442057  0.0000953
 6.630  0.8442648  0.0000964
 6.650  0.8445631  0.0000965
 6.670  0.8450977  0.0000951
 6.690  0.8457207  0.0000962
 6.710  0.8465990  0.0000980
 6.730  0.8476073  0.0000972
 6.750  0.8487127  0.0000982
 6.770  0.8499835  0.0000967
 6.790  0.8513310  0.0000967
 6.810  0.8528135  0.0000982
 6.830  0.8541913  0.0000962
 6.850  0.8556918  0.0000973
 6.870  0.8571125  0.0000969
 6.890  0.8584767  0.0000971
 6.910  0.8597509  0.0000968
 6.930  0.8610093  0.0000975
 6.950  0.8620570  0.0000973
 6.970  0.8631418  0.0000977
 6.990  0.8640168  0.0000990
 7.010  0.8647361  0.0000988
 7.030  0.8651439  0.0000972
 7.050  0.8655923  0.0000998
 7.070  0.8657758  0.0000975
 7.090  0.8657991  0.0000978
 7.110  0.8657240  0.0000957
 7.130  0.8653179  0.0000976
 7.150  0.8649323  0.0000966
 7.170  0.8643831  0.0000977
 7.190  0.8637449  0.0000980
 7.210  0.8629413  0.0000970
 7.230  0.8620661  0.0000953
 7.250  0.8611991  0.0000976
 7.270  0.8601665  0.0000962
 7.290  0.8591345  0.0000965
 7.310  0.8581253  0.0000961
 7.330  0.8571280  0.0000971
 7.350  0.8560675  0.0000968
 7.370  0.8552244  0.0000970
 7.390  0.8543005  0.0000971
 7.410  0.8535236  0.0000959
 7.430  0.8528424  0.0000973
 7.450  0.8522159  0.0000964
 7.470  0.8516319  0.0000962
 7.490  0.8512323  0.0000961
 7.510  0.8509980  0.0000957
 7.530  0.8507985  0.0000948
 7.550  0.8507492  0.0000949
 7.570  0.8508521  0.0000967
 7.590  0.8510397  0.0000960
 7.610  0.8512000  0.0000949
 7.630  0.8515865  0.0000949
 7.650  0.8519878  0.0000955
 7.670  0.8525182  0.0000959
 7.690  0.8531366  0.0000957
 7.710  0.8537763  0.0000970
 7.730  0.8544378  0.0000962
 7.750  0.8551651  0.0000962
 7.770  0.8558735  0.0000972
 7.790  0.8565763  0.0000966
 7.810  0.8572543  0.0000964
 7.830  0.8578934  0.0000973
 7.850  0.8585370  0.0000960
 7.870  0.8591388  0.0000982
 7.890  0.8597065  0.0000995
 7.910  0.8601134  0.0000973
 7.930  0.8604497  0.0000969
 7.950  0.8607709  0.0000962
 7.970  0.8609165  0.0000966
 7.990  0.8611367  0.0000965
 8.010  0.8612562  0.0000965
 8.030  0.8611918  0.0000982
 8.050  0.8611339  0.0000967
 8.070  0.8609133  0.0000977
 8.090  0.8607692  0.0000973
 8.110  0.8603469  0.0000969
 8.130  0.8601001  0.0000977
 8.150  0.8596672  0.0000963
 8.170  0.8592372  0.0000967
 8.190  0.8587982  0.0000967
 8.210  0.8583922  0.0000974
 8.230  0.8577775  0.0000953
 8.250  0.8573410  0.0000958
 8.270  0.8568420  0.0000964
 8.290  0.8563593  0.0000960
 8.310  0.8559802  0.0000955
 8.330  0.8555177  0.0000970
 8.350  0.8551628  0.0000976
 8.370  0.8548330  0.0000965
 8.390  0.8545610  0.0000973
 8.410  0.8543070  0.0000962
 8.430  0.8540848  0.0000964
 8.450  0.8540618  0.0000984
 8.470  0.8539521  0.0000970
 8.490  0.8540243  0.0000964
 8.510  0.8539448  0.0000958
 8.530  0.8540855  0.0000970
 8.550  0.8542364  0.0000958
 8.570  0.8543971  0.0000954
 8.590  0.8546164  0.0000973
 8.610  0.8548837  0.0000964
 8.630  0.8551219  0.0000973
 8.650  0.8554854  0.0000947
 8.670  0.8557693  0.0000966
 8.690  0.8562318  0.0000959
 8.710  0.8565298  0.0000973
 8.730  0.8569512  0.0000959
 8.750  0.8572104  0.0000978
 8.770  0.8574888  0.0000958
 8.790  0.8577861  0.0000957
 8.810  0.8580168  0.0000962
 8.830  0.8583775  0.0000958
 8.850  0.8586069  0.0000960
 8.870  0.8586678  0.0000969
 8.890  0.8588035  0.0000981
 8.910  0.8589346  0.0000970
 8.930  0.8590045  0.0000971
 8.950  0.8589894  0.0000962
 8.970  0.8589026  0.0000946
 8.990  0.8589076  0.0000956
 9.010  0.8588040  0.0000982
 9.030  0.8587464  0.0000959
 9.050  0.8585781  0.0000969
 9.070  0.8584009  0.0000952
 9.090  0.8582221  0.0000959
 9.110  0.8579995  0.0000975
 9.130  0.8577572  0.0000953
 9.150  0.8575305  0.0000976
 9.170  0.8572758  0.0000970
 9.190  0.8570242  0.0000961
 9.210  0.8567363  0.0000973
 9.230  0.8565816  0.0000967
 9.250  0.8563347  0.0000978
 9.270  0.8561762  0.0000973
 9.290  0.8559715  0.0000964
 9.310  0.8557825  0.0000977
 9.330  0.8557486  0.0000960
 9.350  0.8556615  0.0000979
 9.370  0.8556333  0.0000967
 9.390  0.8554988  0.0000955
 9.410  0.8555518  0.0000975
 9.430  0.8554511  0.0000964
 9.450  0.8555123  0.0000954
 9.470  0.8555558  0.0000971
 9.490  0.8555644  0.0000964
 9.510  0.8557640  0.0000967
 9.530  0.8558580  0.0000957
 9.550  0.8560131  0.0000963
 9.570  0.8560745  0.0000964
 9.590  0.8562972  0.0000969
 9.610  0.8564516  0.0000965
 9.630  0.8566402  0.0000964
 9.650  0.8567948  0.0000954
 9.670  0.8569157  0.0000962
 9.690  0.8571659  0.0000963
 9.710  0.8572711  0.0000972
 9.730  0.8574178  0.0000969
 9.750  0.8574241  0.0000952
 9.770  0.8576821  0.0000958
 9.790  0.8576999  0.0000957
 9.810  0.8578007  0.0000968
 9.830  0.8579089  0.0000964
 9.850  0.8578319  0.0000954
 9.870  0.8578546  0.0000990
 9.890  0.8578539  0.0000965
 9.910  0.8578869  0.0000964
 9.930  0.8579143  0.0000970
 9.950  0.8577911  0.0000965
 9.970  0.8577588  0.0000955
 9.990  0.8576506  0.0000955
10.010  0.8575971  0.0000967
10.030  0.8574780  0.0000965
10.050  0.8575033  0.0000972
10.070  0.8573054  0.0000970
10.090  0.8571815  0.0000945
10.110  0.8571023  0.0000957
10.130  0.8569665  0.0000948
10.150  0.8568158  0.0000971
10.170  0.8566896  0.0000967
10.190  0.8566554  0.0000963
10.210  0.8565883  0.0000979
10.230  0.8564461  0.0000972
10.250  0.8563941  0.0000981
10.270  0.8563236  0.0000976
10.290  0.8563156  0.0000979
10.310  0.8563129  0.0000975
10.330  0.8562183  0.0000950
10.350  0.8562679  0.0000969
10.370  0.8562240  0.0000973
10.390  0.8562251  0.0000966
10.410  0.8563217  0.0000980
10.430  0.8563423  0.0000978
10.450  0.8564247  0.0000970
10.470  0.8563588  0.0000957
10.490  0.8564243  0.0000980
10.510  0.8566365  0.0000969
10.530  0.8566905  0.0000968
10.550  0.8566968  0.0000962
10.570  0.8566844  0.0000967
10.590  0.8568813  0.0000942
10.610  0.8568687  0.0000968
10.630  0.8569428  0.0000955
10.650  0.8571781  0.0000963
10.670  0.8571311  0.0000966
10.690  0.8572781  0.0000979
10.710  0.8572510  0.0000971
10.730  0.8573161  0.0000964
10.750  0.8573540  0.0000969
10.770  0.8573682  0.0000962
10.790  0.8574396  0.0000960
10.810  0.8574232  0.0000955
10.830  0.8573533  0.0000959
10.850  0.8573878  0.0000973
10.870  0.8573364  0.0000961
10.890  0.8573212  0.0000978
10.910  0.8573106  0.0000944
10.930  0.8573146  0.0000977
10.950  0.8572398  0.0000972
10.970  0.8571578  0.0000958
10.990  0.8570714  0.0000966
11.010  0.8570402  0.0000958
11.030  0.8570342  0.0000969
11.050  0.8570092  0.0000971
11.070  0.8568865  0.0000971
11.090  0.8568911  0.0000960
11.110  0.8568094  0.0000966
11.130  0.8567116  0.0000968
11.150  0.8567622  0.0000960
11.170  0.8566495  0.0000959
11.190  0.8566481  0.0000967
11.210  0.8565596  0.0000968
11.230  0.8565514  0.0000966
11.250  0.8565661  0.0000955
11.270  0.8566641  0.0000958
11.290  0.8565584  0.0000959
11.310  0.8565470  0.0000964
11.330  0.8566636  0.0000963
11.350  0.8566113  0.0000975
11.370  0.8566917  0.0000964
11.390  0.8567205  0.0000957
11.410  0.8567047  0.0000975
11.430  0.8568028  0.0000954
11.450  0.8568203  0.0000977
11.470  0.8568289  0.0000988
11.490  0.8569121  0.0000980
11.510  0.8569605  0.0000952
11.530  0.8569273  0.0000970
11.550  0.8569199  0.0000966
11.570  0.8569833  0.0000984
11.590  0.8570046  0.0000974
11.610  0.8570337  0.0000975
11.630  0.8570945  0.0000994
11.650  0.8571002  0.0000974
11.670  0.8570762  0.0000976
11.690  0.8570775  0.0000972
11.710  0.8570882  0.0000963
11.730  0.8571356  0.0000971
11.750  0.8571167  0.0000964
11.770  0.8571482  0.0000971
11.790  0.8571210  0.0000965
11.810  0.8570452  0.0000971
11.830  0.8570737  0.0000952
11.850  0.8570366  0.0000964
11.870  0.8570733  0.0000962
11.890  0.8570639  0.0000967
11.910  0.8570592  0.0000975
11.930  0.8568531  0.0000973
11.950  0.8568531  0.0000973
11.970  0.8570122  0.0000965
11.990  0.8569423  0.0000981
12.010  0.8569623  0.0000972
12.030  0.8568724  0.0000962
12.050  0.8568147  0.0000965
12.070  0.8568230  0.0000968
12.090  0.8569180  0.0000961
12.110  0.8568124  0.0000963
12.130  0.8568120  0.0000960
12.150  0.8568377  0.0000973
12.170  0.8567563  0.0000970
12.190  0.8567812  0.0000954
12.210  0.8568103  0.0000961
12.230  0.8568050  0.0000959
12.250  0.8567926  0.0000952
12.270  0.8569146  0.0000965
12.290  0.8567941  0.0000984
12.310  0.8569089  0.0000969
12.330  0.8569077  0.0000978
12.350  0.8568795  0.0000969
12.370  0.8568321  0.0000969
12.390  0.8569030  0.0000978
12.410  0.8567913  0.0000954
12.430  0.8569216  0.0000959
12.450  0.8569302  0.0000959
12.470  0.8569435  0.0000977
12.490  0.8569662  0.0000963
12.510  0.8569128  0.0000949
12.530  0.8569402  0.0000970
12.550  0.8569733  0.0000979
12.570  0.8570093  0.0000960
12.590  0.8570079  0.0000962
12.610  0.8569951  0.0000961
12.630  0.8569628  0.0000964
12.650  0.8569783  0.0000982
12.670  0.8569880  0.0000949
12.690  0.8569496  0.0000990
12.710  0.8570498  0.0000996
12.730  0.8568837  0.0000976
12.750  0.8569786  0.0000957
12.770  0.8569534  0.0000979
12.790  0.8569398  0.0000973
12.810  0.8569746  0.0000988
12.830  0.8569567  0.0000985
12.850  0.8569124  0.0000964
12.870  0.8570084  0.0000975
12.890  0.8568963  0.0000968
12.910  0.8568534  0.0000988
12.930  0.8568545  0.0000964
12.950  0.8568208  0.0000968
12.970  0.8568558  0.0000962
12.990  0.8568498  0.0000969
13.010  0.8569149  0.0000971
13.030  0.8569182  0.0000970
13.050  0.8569250  0.0000979
13.070  0.8569029  0.0000965
13.090  0.8569417  0.0000963
13.110  0.8569267  0.0000954
13.130  0.8569356  0.0000971
13.150  0.8569349  0.0000959
13.170  0.8569310  0.0000965
13.190  0.8569326  0.0000985
13.210  0.8569074  0.0000980
13.230  0.8569676  0.0000967
13.250  0.8568808  0.0000962
13.270  0.8569290  0.0000968
13.290  0.8568363  0.0000959
13.310  0.8569023  0.0000979
13.330  0.8567759  0.0000962
13.350  0.8568601  0.0000967
13.370  0.8568384  0.0000976
13.390  0.8568354  0.0000962
13.410  0.8568794  0.0000959
13.430  0.8569041  0.0000964
13.450  0.8568865  0.0000956
13.470  0.8568855  0.0000962
13.490  0.8569521  0.0000961
13.510  0.8569386  0.0000990
13.530  0.8569772  0.0000973
13.550  0.8570193  0.0000976
13.570  0.8569620  0.0000976
13.590  0.8569847  0.0000984
13.610  0.8569592  0.0000977
13.630  0.8569714  0.0000979
13.650  0.8569868  0.0000973
13.670  0.8569720  0.0000982
13.690  0.8569895  0.0000985
13.710  0.8568764  0.0000957
13.730  0.8569560  0.0000964
13.750  0.8569555  0.0000948
13.770  0.8569163  0.0000960
13.790  0.8569495  0.0000969
13.810  0.8569583  0.0000964
13.830  0.8569037  0.0000974
13.850  0.8569730  0.0000971
13.870  0.8568703  0.0000958
13.890  0.8568960  0.0000984
13.910  0.8568510  0.0000984
13.930  0.8568283  0.0000975
13.950  0.8568303  0.0000944
13.970  0.8568666  0.0000951
13.990  0.8568818  0.0000964
14.010  0.8568463  0.0000966
14.030  0.8568463  0.0000979
14.050  0.8569669  0.0000946
14.070  0.8569657  0.0000967
14.090  0.8569691  0.0000951
14.110  0.8569335  0.0000959
14.130  0.8569289  0.0000971
14.150  0.8569640  0.0000972
14.170  0.8568998  0.0000982
14.190  0.8569047  0.0000962
14.210  0.8568834  0.0000976
14.230  0.8569983  0.0000961
14.250  0.8568848  0.0000971
14.270  0.8568749  0.0000957
14.290  0.8568710  0.0000978
14.310  0.8568319  0.0000969
14.330  0.8568999  0.0000961
14.350  0.8568867  0.0000975
14.370  0.8569980  0.0000984
14.390  0.8568604  0.0000961
14.410  0.8569338  0.0000978
14.430  0.8569381  0.0000983
14.450  0.8569250  0.0000976
14.470  0.8568962  0.0000956
14.490  0.8569316  0.0000975
14.510  0.8569286  0.0000957
14.530  0.8569660  0.0000958
14.550  0.8569475  0.0000968
14.570  0.8569849  0.0000973
14.590  0.8569267  0.0000970
14.610  0.8568545  0.0000979
14.630  0.8569041  0.0000965
14.650  0.8569320  0.0000964
14.670  0.8568853  0.0000986
14.690  0.8569558  0.0000972
14.710  0.8569583  0.0000965
14.730  0.8568728  0.0000959
14.750  0.8569158  0.0000981
14.770  0.8569663  0.0000979
14.790  0.8569283  0.0000970
14.810  0.8568941  0.0000963
14.830  0.8568648  0.0000981
14.850  0.8569926  0.0000958
14.870  0.8568766  0.0000971
14.890  0.8569644  0.0000976
14.910  0.8569067  0.0000948
14.930  0.8569136  0.0000956
14.950  0.8568944  0.0000934
14.970  0.8569105  0.0000967
14.990  0.8569705  0.0000959
15.010  0.8568572  0.0000972
15.030  0.8569602  0.0000970
15.050  0.8569188  0.0000973
15.070  0.8568921  0.0000958
15.090  0.8569473  0.0000961
15.110  0.8569227  0.0000969
15.130  0.8568653  0.0000984
15.150  0.8568481  0.0000975
15.170  0.8569531  0.0000968
15.190  0.8568810  0.0000964
15.210  0.8569063  0.0000967
15.230  0.8569284  0.0000947
15.250  0.8568204  0.0000981
15.270  0.8569989  0.0000971
15.290  0.8568380  0.0000956
15.310  0.8568909  0.0000970
15.330  0.8569044  0.0000990
15.350  0.8568822  0.0000977
15.370  0.8569204  0.0000968
15.390  0.8569151  0.0000967
15.410  0.8569177  0.0000963
15.430  0.8569080  0.0000950
15.450  0.8568910  0.0000957
15.470  0.8568863  0.0000967
15.490  0.8569251  0.0000977
15.510  0.8569788  0.0000969
15.530  0.8569751  0.0000957
15.550  0.8569463  0.0000962
15.570  0.8569691  0.0000954
15.590  0.8568796  0.0000981
15.610  0.8568614  0.0000964
15.630  0.8569641  0.0000987
15.650  0.8569258  0.0000971
15.670  0.8569124  0.0000980
15.690  0.8569557  0.0000965
15.710  0.8568868  0.0000981
15.730  0.8568858  0.0000966
15.750  0.8568894  0.0000977
15.770  0.8569502  0.0000973
15.790  0.8569381  0.0000955
15.810  0.8569443  0.0000964
15.830  0.8569553  0.0000961
15.850  0.8569333  0.0000975
15.870  0.8569189  0.0000964
15.890  0.8568968  0.0000964
15.910  0.8569471  0.0000967
15.930  0.8569446  0.0000955
15.950  0.8569261  0.0000977
15.970  0.8569559  0.0000980
15.990  0.8568937  0.0000974
16.010  0.8568456  0.0000969
16.030  0.8569543  0.0000965
16.050  0.8568393  0.0000962
16.070  0.8568800  0.0000965
16.090  0.8568330  0.0000964
16.110  0.8568742  0.0000955
16.130  0.8568694  0.0000964
16.150  0.8568388  0.0000972
16.170  0.8569727  0.0000958
16.190  0.8570007  0.0000962
16.210  0.8569440  0.0000967
16.230  0.8569437  0.0000962
16.250  0.8569348  0.0000955
16.270  0.8569647  0.0000967
16.290  0.8569657  0.0000957
16.310  0.8569845  0.0000971
16.330  0.8569063  0.0000955
16.350  0.8569891  0.0000971
16.370  0.8568853  0.0000968
16.390  0.8568679  0.0000971
16.410  0.8569111  0.0000964
16.430  0.8568675  0.0000966
16.450  0.8568515  0.0000955
16.470  0.8569459  0.0000974
16.490  0.8568828  0.0000955
16.510  0.8568435  0.0000981
16.530  0.8569045  0.0000953
16.550  0.8568576  0.0000970
16.570  0.8568621  0.0000964
16.590  0.8568982  0.0000976
16.610  0.8569554  0.0000967
16.630  0.8568849  0.0000952
16.650  0.8568975  0.0000959
16.670  0.8569521  0.0000964
16.690  0.8568934  0.0000967
16.710  0.8569361  0.0000979
16.730  0.8568549  0.0000954
16.750  0.8569339  0.0000959
16.770  0.8569215  0.0000966
16.790  0.8569105  0.0000971
16.810  0.8568594  0.0000985
16.830  0.8568735  0.0000951
16.850  0.8568419  0.0000948
16.870  0.8568543  0.0000960
16.890  0.8569157  0.0000967
16.910  0.8569019  0.0000967
16.930  0.8569285  0.0000962
16.950  0.8569325  0.0000955
16.970  0.8569428  0.0000980
16.990  0.8569236  0.0000956
17.010  0.8569338  0.0000956
17.030  0.8568650  0.0000957
17.050  0.8569123  0.0000969
17.070  0.8569050  0.0000979
17.090  0.8570006  0.0000975
17.110  0.8569386  0.0000961
17.130  0.8569959  0.0000965
17.150  0.8569967  0.0000958
17.170  0.8570006  0.0000945
17.190  0.8569410  0.0000977
17.210  0.8570101  0.0000971
17.230  0.8570114  0.0000984
17.250  0.8569954  0.0000968
17.270  0.8569700  0.0000960
17.290  0.8569922  0.0000956
17.310  0.8568986  0.0000951
17.330  0.8568968  0.0000964
17.350  0.8569518  0.0000952
17.370  0.8569433  0.0000968
17.390  0.8568956  0.0000971
17.410  0.8569431  0.0000969
17.430  0.8569268  0.0000954
17.450  0.8569244  0.0000979
17.470  0.8569044  0.0000985
17.490  0.8568978  0.0000978
17.510  0.8569064  0.0000972
17.530  0.8569271  0.0000958
17.550  0.8568517  0.0000969
17.570  0.8569387  0.0000966
17.590  0.8568678  0.0000966
17.610  0.8569396  0.0000952
17.630  0.8569410  0.0000977
17.650  0.8568616  0.0000971
17.670  0.8568311  0.0000952
17.690  0.8568212  0.0000969
17.710  0.8567779  0.0000954
17.730  0.8568318  0.0000969
17.750  0.8569080  0.0000969
17.770  0.8569262  0.0000983
17.790  0.8569344  0.0000980
17.810  0.8569448  0.0000970
17.830  0.8569081  0.0000950
17.850  0.8568867  0.0000950
17.870  0.8569319  0.0000970
17.890  0.8569176  0.0000949
17.910  0.8569104  0.0000969
17.930  0.8569963  0.0000972
17.950  0.8569338  0.0000970
17.970  0.8569755  0.0000965
17.990  0.8569456  0.0000967
18.010  0.8569101  0.0000970
18.030  0.8569899  0.0000965
18.050  0.8569120  0.0000965
18.070  0.8569748  0.0000965
18.090  0.8569654  0.0000995
18.110  0.8568864  0.0000972
18.130  0.8570216  0.0000975
18.150  0.8569372  0.0000972
18.170  0.8569445  0.0000975
18.190  0.8569574  0.0000975
18.210  0.8569398  0.0000975
18.230  0.8569858  0.0000964
18.250  0.8569650  0.0000981
18.270  0.8568547  0.0000967
18.290  0.8569720  0.0000965
18.310  0.8568805  0.0000970
18.330  0.8569984  0.0000969
18.350  0.8569611  0.0000974
18.370  0.8568745  0.0000982
18.390  0.8569112  0.0000977
18.410  0.8569539  0.0000970
18.430  0.8569797  0.0000968
18.450  0.8568937  0.0000959
18.470  0.8569408  0.0000965
18.490  0.8568651  0.0000962
18.510  0.8569056  0.0000970
18.530  0.8568777  0.0000953
18.550  0.8568955  0.0000973
18.570  0.8569925  0.0000975
18.590  0.8568508  0.0000953
18.610  0.8569015  0.0000964
18.630  0.8568182  0.0000976
18.650  0.8568577  0.0000964
18.670  0.8568806  0.0000954
18.690  0.8568380  0.0000959
18.710  0.8569555  0.0000969
18.730  0.8569949  0.0000983
18.750  0.8569190  0.0000960
18.770  0.8568849  0.0000965
18.790  0.8568726  0.0000951
18.810  0.8569398  0.0000971
18.830  0.8569058  0.0000969
18.850  0.8568608  0.0000982
18.870  0.8569699  0.0000969
18.890  0.8569499  0.0000959
18.910  0.8569623  0.0000983
18.930  0.8569562  0.0000971
18.950  0.8568336  0.0000964
18.970  0.8568434  0.0000980
18.990  0.8568976  0.0000970
19.010  0.8568928  0.0000972
19.030  0.8569303  0.0000964
19.050  0.8569376  0.0000965
19.070  0.8569612  0.0000985
19.090  0.8569928  0.0000968
19.110  0.8569661  0.0000967
19.130  0.8569094  0.0000970
19.150  0.8569667  0.0000961
19.170  0.8568836  0.0000951
19.190  0.8569270  0.0000968
19.210  0.8568813  0.0000971
19.230  0.8569543  0.0000963
19.250  0.8569314  0.0000964
19.270  0.8569297  0.0000969
19.290  0.8568891  0.0000955
19.310  0.8569173  0.0000978
19.330  0.8569099  0.0000971
19.350  0.8568708  0.0000968
19.370  0.8569692  0.0000980
19.390  0.8569136  0.0000965
19.410  0.8569653  0.0000951
19.430  0.8569699  0.0000978
19.450  0.8568794  0.0000974
19.470  0.8569239  0.0000959
19.490  0.8569011  0.0000970
19.510  0.8568739  0.0000974
19.530  0.8569310  0.0000979
19.550  0.8569165  0.0000950
19.570  0.8569575  0.0000958
19.590  0.8568876  0.0000969
19.610  0.8569025  0.0000967
19.630  0.8569517  0.0000962
19.650  0.8570165  0.0000977
19.670  0.8569519  0.0000968
19.690  0.8569200  0.0000969
19.710  0.8569221  0.0000959
19.730  0.8569438  0.0000986
19.750  0.8568839  0.0000969
19.770  0.8568517  0.0000976
19.790  0.8568782  0.0000976
19.810  0.8568934  0.0000977
19.830  0.8568686  0.0000972
19.850  0.8568987  0.0000948
19.870  0.8569222  0.0000981
19.890  0.8570115  0.0000970
19.910  0.8568071  0.0000973
19.930  0.8568557  0.0000970
19.950  0.8568649  0.0000974
19.970  0.8568776  0.0000968
19.990  0.8569172  0.0000965
20.010  0.8569495  0.0000970
20.030  0.8569171  0.0000984
20.050  0.8569411  0.0000969
20.070  0.8568879  0.0000975
20.090  0.8569301  0.0000965
20.110  0.8569852  0.0000965
20.130  0.8569044  0.0000953
20.150  0.8570046  0.0000973
20.170  0.8568332  0.0000963
20.190  0.8570079  0.0000979
20.210  0.8568887  0.0000967
20.230  0.8569932  0.0000959
20.250  0.8569280  0.0000978
20.270  0.8568363  0.0000973
20.290  0.8569649  0.0000967
20.310  0.8568979  0.0000976
20.330  0.8568375  0.0000984
20.350  0.8569037  0.0000985
20.370  0.8570107  0.0000993
20.390  0.8570049  0.0000976
20.410  0.8569452  0.0000969
20.430  0.8569545  0.0000954
20.450  0.8569358  0.0000965
20.470  0.8569676  0.0000963
20.490  0.8569542  0.0000964
20.510  0.8569458  0.0000957
20.530  0.8569575  0.0000956
20.550  0.8569850  0.0000980
20.570  0.8569516  0.0000961
20.590  0.8568456  0.0000987
20.610  0.8568930  0.0000947
20.630  0.8569745  0.0000961
20.650  0.8569084  0.0000966
20.670  0.8569118  0.0000974
20.690  0.8569312  0.0000974
20.710  0.8568865  0.0000975
20.730  0.8569002  0.0000976
20.750  0.8568796  0.0000966
20.770  0.8569073  0.0000985
20.790  0.8569102  0.0000951
20.810  0.8568836  0.0000976
20.830  0.8568174  0.0000966
20.850  0.8568971  0.0000975
20.870  0.8568395  0.0000977
20.890  0.8568243  0.0000963
20.910  0.8568462  0.0000973
20.930  0.8568117  0.0000976
20.950  0.8568643  0.0000984
20.970  0.8568577  0.0000975
20.990  0.8569266  0.0000972
21.010  0.8568897  0.0000953
21.030  0.8568806  0.0000966
21.050  0.8568951  0.0000968
21.070  0.8569239  0.0000975
21.090  0.8569495  0.0000962
21.110  0.8568622  0.0000956
21.130  0.8569794  0.0000954
21.150  0.8570225  0.0000973
21.170  0.8568894  0.0000973
21.190  0.8568498  0.0000981
21.210  0.8569956  0.0000982
21.230  0.8569148  0.0000968
21.250  0.8568859  0.0000977
21.270  0.8569326  0.0000980
21.290  0.8569987  0.0000971
21.310  0.8570030  0.0000963
21.330  0.8569613  0.0000984
21.350  0.8569758  0.0000964
21.370  0.8568773  0.0000992
21.390  0.8569326  0.0000972
21.410  0.8569452  0.0000950
21.430  0.8569740  0.0000970
21.450  0.8569921  0.0000958
21.470  0.8569690  0.0000956
21.490  0.8569621  0.0000971
21.510  0.8569698  0.0000963
21.530  0.8569088  0.0000984
21.550  0.8569587  0.0000958
21.570  0.8569335  0.0000969
21.590  0.8570057  0.0000967
21.610  0.8569127  0.0000980
21.630  0.8569105  0.0000955
21.650  0.8568604  0.0000961
21.670  0.8569048  0.0000973
21.690  0.8568694  0.0000973
21.710  0.8568418  0.0000964
21.730  0.8568605  0.0000966
21.750  0.8568989  0.0000969
21.770  0.8568301  0.0000961
21.790  0.8568282  0.0000966
21.810  0.8568305  0.0000975
21.830  0.8568847  0.0000960
21.850  0.8568690  0.0000958
21.870  0.8569099  0.0000958
21.890  0.8568576  0.0000967
21.910  0.8569390  0.0000954
21.930  0.8568905  0.0000979
21.950  0.8569387  0.0000955
21.970  0.8568965  0.0000966
21.990  0.8568575  0.0000964
22.010  0.8569762  0.0000970
22.030  0.8569000  0.0000961
22.050  0.8569534  0.0000958
22.070  0.8569569  0.0000962
22.090  0.8568817  0.0000973
22.110  0.8569317  0.0000958
22.130  0.8569626  0.0000954
22.150  0.8569173  0.0000969
22.170  0.8569119  0.0000957
22.190  0.8569525  0.0000971
22.210  0.8570010  0.0000959
22.230  0.8569473  0.0000964
22.250  0.8569822  0.0000979
22.270  0.8569134  0.0000970
22.290  0.8570069  0.0000975
22.310  0.8569214  0.0000964
22.330  0.8569368  0.0000987
22.350  0.8569087  0.0000969
22.370  0.8569205  0.0000965
22.390  0.8569727  0.0000965
22.410  0.8569166  0.0000963
22.430  0.8570054  0.0000970
22.450  0.8569968  0.0000967
22.470  0.8568822  0.0000955
22.490  0.8569230  0.0000964
22.510  0.8569220  0.0000984
22.530  0.8569382  0.0000961
22.550  0.8568983  0.0000966
22.570  0.8569088  0.0000963
22.590  0.8568686  0.0000974
22.610  0.8569180  0.0000959
22.630  0.8569090  0.0000973
22.650  0.8568319  0.0000976
22.670  0.8568746  0.0000961
22.690  0.8568369  0.0000954
22.710  0.8568435  0.0000970
22.730  0.8568871  0.0000970
22.750  0.8569193  0.0000943
22.770  0.8569012  0.0000960
22.790  0.8568753  0.0000959
22.810  0.8569034  0.0000981
22.830  0.8568971  0.0000963
22.850  0.8568799  0.0000972
22.870  0.8568755  0.0000971
22.890  0.8568569  0.0000958
22.910  0.8568713  0.0000968
22.930  0.8569570  0.0000938
22.950  0.8569844  0.0000960
22.970  0.8569522  0.0000977
22.990  0.8570013  0.0000958
23.010  0.8568951  0.0000964
23.030  0.8569184  0.0000958
23.050  0.8568752  0.0000963
23.070  0.8569886  0.0000969
23.090  0.8568948  0.0000971
23.110  0.8569295  0.0000964
23.130  0.8569644  0.0000971
23.150  0.8569882  0.0000960
23.170  0.8569464  0.0000968
23.190  0.8569788  0.0000967
23.210  0.8569747  0.0000966
23.230  0.8569446  0.0000987
23.250  0.8569475  0.0000974
23.270  0.8569314  0.0000992
23.290  0.8569977  0.0000976
23.310  0.8569530  0.0000966
23.330  0.8569822  0.0000978
23.350  0.8569506  0.0000975
23.370  0.8569226  0.0000979
23.390  0.8568787  0.0000966
23.410  0.8569436  0.0000962
23.430  0.8569485  0.0000964
23.450  0.8568934  0.0000960
23.470  0.8569247  0.0000949
23.490  0.8568939  0.0000967
23.510  0.8568640  0.0000959
23.530  0.8569306  0.0000961
23.550  0.8569267  0.0000968
23.570  0.8569182  0.0000961
23.590  0.8569530  0.0000968
23.610  0.8569449  0.0000968
23.630  0.8569224  0.0000973
23.650  0.8569155  0.0000969
23.670  0.8569313  0.0000972
23.690  0.8568878  0.0000956
23.710  0.8569256  0.0000960
23.730  0.8568674  0.0000958
23.750  0.8568533  0.0000964
23.770  0.8568648  0.0000968
23.790  0.8568352  0.0000960
23.810  0.8568828  0.0000968
23.830  0.8568752  0.0000956
23.850  0.8568485  0.0000982
23.870  0.8568869  0.0000959
23.890  0.8568352  0.0000961
23.910  0.8568726  0.0000985
23.930  0.8569001  0.0000970
23.950  0.8569430  0.0000970
23.970  0.8569193  0.0000988
23.990  0.8569217  0.0000940
24.010  0.8569090  0.0000984
24.030  0.8568963  0.0000978
24.050  0.8569224  0.0000974
24.070  0.8569678  0.0000939
24.090  0.8569737  0.0000945
24.110  0.8569420  0.0000958
24.130  0.8569984  0.0000968
24.150  0.8569082  0.0000952
24.170  0.8569484  0.0000964
24.190  0.8570368  0.0000964
24.210  0.8569929  0.0000960
24.230  0.8569809  0.0000995
24.250  0.8569605  0.0000966
24.270  0.8569782  0.0000975
24.290  0.8569925  0.0000967
24.310  0.8569374  0.0000964
24.330  0.8568982  0.0000970
24.350  0.8569511  0.0000969
24.370  0.8570131  0.0000973
24.390  0.8569486  0.0000954
24.410  0.8569462  0.0000964
24.430  0.8569662  0.0000973
24.450  0.8569743  0.0000962
24.470  0.8569354  0.0000964
24.490  0.8568356  0.0000986
24.510  0.8569325  0.0000976
24.530  0.8568979  0.0000980
24.550  0.8569191  0.0000955
24.570  0.8568504  0.0000960
24.590  0.8569251  0.0000972
24.610  0.8568354  0.0000957
24.630  0.8568362  0.0000968
24.650  0.8567940  0.0000985
24.670  0.8568696  0.0000980
24.690  0.8568241  0.0000953
24.710  0.8569151  0.0000965
24.730  0.8568582  0.0000959
24.750  0.8568738  0.0000961
24.770  0.8568088  0.0000980
24.790  0.8569027  0.0000961
24.810  0.8569261  0.0000956
24.830  0.8569031  0.0000949
24.850  0.8569583  0.0000970
24.870  0.8569129  0.0000966
24.890  0.8568567  0.0000973
24.910  0.8569460  0.0000966
24.930  0.8569310  0.0000953
24.950  0.8569484  0.0000961
24.970  0.8569697  0.0000957
24.990  0.8569530  0.0000978
25.010  0.8569310  0.0000954
25.030  0.8569530  0.0000981
25.050  0.8569417  0.0000965
25.070  0.8569540  0.0000959
25.090  0.8569677  0.0000955
25.110  0.8569169  0.0000965
25.130  0.8569340  0.0000965
25.150  0.8569866  0.0000959
25.170  0.8569805  0.0000962
25.190  0.8569786  0.0000965
25.210  0.8569484  0.0000971
25.230  0.8570080  0.0000969
25.250  0.8569182  0.0000976
25.270  0.8569728  0.0000959
25.290  0.8569725  0.0000979
25.310  0.8569656  0.0000974
25.330  0.8568314  0.0000977
25.350  0.8569004  0.0000961
25.370  0.8568389  0.0000955
25.390  0.8568516  0.0000973
25.410  0.8568320  0.0000946
25.430  0.8568824  0.0000977
25.450  0.8569538  0.0000972
25.470  0.8568470  0.0000968
25.490  0.8569039  0.0000969
25.510  0.8569021  0.0000973
25.530  0.8569431  0.0000969
25.550  0.8569191  0.0000970
25.570  0.8569162  0.0000969
25.590  0.8568730  0.0000979
25.610  0.8568792  0.0000959
25.630  0.8568319  0.0000973
25.650  0.8569199  0.0000969
25.670  0.8568688  0.0000966
25.690  0.8568714  0.0000953
25.710  0.8569450  0.0000959
25.730  0.8568804  0.0000969
25.750  0.8569399  0.0000955
25.770  0.8568369  0.0000963
25.790  0.8569661  0.0000960
25.810  0.8569456  0.0000981
25.830  0.8569525  0.0000958
25.850  0.8569797  0.0000975
25.870  0.8569686  0.0000975
25.890  0.8569113  0.0000966
25.910  0.8569411  0.0000985
25.930  0.8569407  0.0000968
25.950  0.8570032  0.0000971
25.970  0.8569381  0.0000962
25.990  0.8570093  0.0000960
26.010  0.8569272  0.0000974
26.030  0.8569768  0.0000953
26.050  0.8569305  0.0000956
26.070  0.8569383  0.0000968
26.090  0.8569193  0.0000970
26.110  0.8568768  0.0000970
26.130  0.8569312  0.0000981
26.150  0.8568305  0.0000959
26.170  0.8568427  0.0000971
26.190  0.8569184  0.0000958
26.210  0.8569465  0.0000969
26.230  0.8568333  0.0000984
26.250  0.8567792  0.0000967
26.270  0.8569410  0.0000963
26.290  0.8568647  0.0000983
26.310  0.8568221  0.0000971
26.330  0.8569187  0.0000973
26.350  0.8568416  0.0000969
26.370  0.8569017  0.0000976
26.390  0.8569363  0.0000991
26.410  0.8570172  0.0000958
26.430  0.8568766  0.0000975
26.450  0.8569019  0.0000965
26.470  0.8568816  0.0000964
26.490  0.8568811  0.0000963
26.510  0.8569192  0.0000953
26.530  0.8569396  0.0000970
26.550  0.8569328  0.0000972
26.570  0.8569280  0.0000982
26.590  0.8570105  0.0000976
26.610  0.8569443  0.0000959
26.630  0.8569222  0.0000967
26.650  0.8570086  0.0000973
26.670  0.8568633  0.0000946
26.690  0.8569031  0.0000966
26.710  0.8569696  0.0000961
26.730  0.8569398  0.0000951
26.750  0.8569612  0.0000973
26.770  0.8569483  0.0000964
26.790  0.8569606  0.0000964
26.810  0.8569697  0.0000957
26.830  0.8569556  0.0000969
26.850  0.8569124  0.0000976
26.870  0.8569397  0.0000974
26.890  0.8569292  0.0000972
26.910  0.8569806  0.0000956
26.930  0.8568424  0.0000969
26.950  0.8569122  0.0000963
26.970  0.8569213  0.0000956
26.990  0.8568919  0.0000974
27.010  0.8568981  0.0000949
27.030  0.8568786  0.0000972
27.050  0.8569205  0.0000969
27.070  0.8569545  0.0000967
27.090  0.8568508  0.0000977
27.110  0.8568808  0.0000963
27.130  0.8568680  0.0000972
27.150  0.8568071  0.0000971
27.170  0.8569060  0.0000989
27.190  0.8569346  0.0000972
27.210  0.8568931  0.0000957
27.230  0.8568781  0.0000971
27.250  0.8568834  0.0000969
27.270  0.8569417  0.0000965
27.290  0.8569541  0.0000963
27.310  0.8568081  0.0000963
27.330  0.8568198  0.0000968
27.350  0.8568587  0.0000976
27.370  0.8568537  0.0000958
27.390  0.8567956  0.0000973
27.410  0.8567897  0.0000969
27.430  0.8569112  0.0000959
27.450  0.8569275  0.0000975
27.470  0.8568929  0.0000962
27.490  0.8569187  0.0000965
27.510  0.8570132  0.0000975
27.530  0.8569828  0.0000957
27.550  0.8570637  0.0000963
27.570  0.8569508  0.0000963
27.590  0.8570711  0.0000979
27.610  0.8570345  0.0000985
27.630  0.8569876  0.0000976
27.650  0.8569446  0.0000964
27.670  0.8569152  0.0000962
27.690  0.8569424  0.0000980
27.710  0.8568711  0.0000966
27.730  0.8569105  0.0000953
27.750  0.8570218  0.0000976
27.770  0.8569414  0.0000973
27.790  0.8569494  0.0000966
27.810  0.8569274  0.0000979
27.830  0.8569452  0.0000978
27.850  0.8568708  0.0000969
27.870  0.8569052  0.0000967
27.890  0.8569171  0.0000976
27.910  0.8568447  0.0000967
27.930  0.8568643  0.0000989
27.950  0.8568968  0.0000975
27.970  0.8569006  0.0000960
27.990  0.8568198  0.0000965
28.010  0.8568866  0.0000980
28.030  0.8569116  0.0000977
28.050  0.8569319  0.0000981
28.070  0.8568823  0.0000953
28.090  0.8569347  0.0000965
28.110  0.8568621  0.0000978
28.130  0.8569098  0.0000975
28.150  0.8569221  0.0000977
28.170  0.8568173  0.0000973
28.190  0.8568315  0.0000971
28.210  0.8569735  0.0000972
28.230  0.8568131  0.0000971
28.250  0.8568931  0.0000962
28.270  0.8569740  0.0000956
28.290  0.8568754  0.0000965
28.310  0.8569186  0.0000954
28.330  0.8569371  0.0000968
28.350  0.8569269  0.0000955
28.370  0.8568475  0.0000970
28.390  0.8569099  0.0000971
28.410  0.8569397  0.0000969
28.430  0.8569358  0.0000965
28.450  0.8569571  0.0000978
28.470  0.8569450  0.0000969
28.490  0.8569419  0.0000973
28.510  0.8568935  0.0000960
28.530  0.8569745  0.0000959
28.550  0.8569670  0.0000967
28.570  0.8569562  0.0000978
28.590  0.8570154  0.0000965
28.610  0.8568876  0.0000962
28.630  0.8569072  0.0000964
28.650  0.8570045  0.0000974
28.670  0.8570077  0.0000967
28.690  0.8569902  0.0000956
28.710  0.8569611  0.0000968
28.730  0.8569540  0.0000953
28.750  0.8569338  0.0000970
28.770  0.8569192  0.0000966
28.790  0.8569335  0.0000979
28.810  0.8569859  0.0000976
28.830  0.8568432  0.0000972
28.850  0.8568691  0.0000960
28.870  0.8568601  0.0000966
28.890  0.8569066  0.0000965
28.910  0.8569538  0.0000968
28.930  0.8568876  0.0000977
28.950  0.8568919  0.0000973
28.970  0.8569474  0.0000970
28.990  0.8568926  0.0000977
29.010  0.8568922  0.0000975
29.030  0.8569016  0.0000970
29.050  0.8568914  0.0000947
29.070  0.8569829  0.0000972
29.090  0.8569305  0.0000965
29.110  0.8568889  0.0000975
29.130  0.8568715  0.0000983
29.150  0.8569513  0.0000957
29.170  0.8568334  0.0000980
29.190  0.8568244  0.0000977
29.210  0.8569110  0.0000967
29.230  0.8569034  0.0000965
29.250  0.8568964  0.0000966
29.270  0.8568887  0.0000975
29.290  0.8569025  0.0000960
29.310  0.8569306  0.0000970
29.330  0.8569887  0.0000967
29.350  0.8569536  0.0000966
29.370  0.8569154  0.0000971
29.390  0.8569816  0.0000961
29.410  0.8568814  0.0000986
29.430  0.8569274  0.0000963
29.450  0.8569505  0.0000986
29.470  0.8569750  0.0000979
29.490  0.8569421  0.0000963
29.510  0.8569524  0.0000955
29.530  0.8569829  0.0000976
29.550  0.8568866  0.0000953
29.570  0.8568651  0.0000979
29.590  0.8569560  0.0000978
29.610  0.8570155  0.0000982
29.630  0.8569255  0.0000985
29.650  0.8569385  0.0000958
29.670  0.8569726  0.0000978
29.690  0.8569563  0.0000957
29.710  0.8569392  0.0000980
29.730  0.8569872  0.0000972
29.750  0.8568929  0.0000974
29.770  0.8569569  0.0000965
29.790  0.8569590  0.0000955
29.810  0.8569195  0.0000966
29.830  0.8569504  0.0000968
29.850  0.8568487  0.0000970
29.870  0.8568847  0.0000959
29.890  0.8569221  0.0000973
29.910  0.8568270  0.0000955
29.930  0.8568955  0.0000948
29.950  0.8568695  0.0000979
29.970  0.8569329  0.0000973
29.990  0.8569185  0.0000990
30.010  0.8569233  0.0000993
30.030  0.8568880  0.0000988
30.050  0.8569146  0.0000973
30.070  0.8568711  0.0000973
30.090  0.8569171  0.0000954
30.110  0.8569373  0.0000971
30.130  0.8569209  0.0000971
30.150  0.8569354  0.0000953
30.170  0.8568774  0.0000970
30.190  0.8569698  0.0000954
30.210  0.8569291  0.0000958
30.230  0.8568476  0.0000976
30.250  0.8568429  0.0000975
30.270  0.8568618  0.0000968
30.290  0.8568744  0.0000973
30.310  0.8569996  0.0000962
30.330  0.8568558  0.0000967
30.350  0.8568844  0.0000974
30.370  0.8569673  0.0000969
30.390  0.8569055  0.0000977
30.410  0.8568448  0.0000974
30.430  0.8569823  0.0000962
30.450  0.8568575  0.0000980
30.470  0.8569193  0.0000975
30.490  0.8569608  0.0000978
30.510  0.8569541  0.0000971
30.530  0.8569396  0.0000984
30.550  0.8570529  0.0000968
30.570  0.8569346  0.0000983
30.590  0.8569019  0.0000965
30.610  0.8569986  0.0000962
30.630  0.8570206  0.0000949
30.650  0.8569588  0.0000959
30.670  0.8569195  0.0000962
30.690  0.8569606  0.0000952
30.710  0.8569282  0.0000973
30.730  0.8569032  0.0000953
30.750  0.8568533  0.0000975
30.770  0.8568576  0.0000962
30.790  0.8568870  0.0000976
30.810  0.8568885  0.0000965
30.830  0.8569327  0.0000968
30.850  0.8568917  0.0000988
30.870  0.8569495  0.0000970
30.890  0.8569418  0.0000976
30.910  0.8569377  0.0000986
30.930  0.8568639  0.0000971
30.950  0.8569452  0.0000976
30.970  0.8568756  0.0000975
30.990  0.8569181  0.0000979
31.010  0.8569443  0.0000963
31.030  0.8569161  0.0000961
31.050  0.8569311  0.0000967
31.070  0.8568932  0.0000961
31.090  0.8568760  0.0000970
31.110  0.8569783  0.0000954
31.130  0.8569187  0.0000944
31.150  0.8569461  0.0000946
31.170  0.8568379  0.0000963
31.190  0.8569498  0.0000943
31.210  0.8568434  0.0000931
31.230  0.8568647  0.0000948
31.250  0.8569196  0.0000940
31.270  0.8568910  0.0000958
31.290  0.8569386  0.0000972
31.310  0.8569799  0.0000981
31.330  0.8568577  0.0000987
31.350  0.8568852  0.0000978
31.370  0.8569675  0.0000990
31.390  0.8569693  0.0000993
31.410  0.8569852  0.0000992
31.430  0.8569361  0.0000987
31.450  0.8569120  0.0001001
31.470  0.8569472  0.0001000
31.490  0.8569683  0.0000985
31.510  0.8569269  0.0000974
31.530  0.8569870  0.0000966
31.550  0.8569850  0.0000963
31.570  0.8569892  0.0000953
31.590  0.8569649  0.0000939
31.610  0.8569634  0.0000928
31.630  0.8569824  0.0000934
31.650  0.8569129  0.0000930
31.670  0.8569246  0.0000938
31.690  0.8568558  0.0000943
31.710  0.8569228  0.0000951
31.730  0.8568682  0.0000956
31.750  0.8569308  0.0000974
31.770  0.8568641  0.0000991
31.790  0.8568783  0.0000985
31.810  0.8568469  0.0000998
31.830  0.8568230  0.0001004
31.850  0.8568616  0.0001001
31.870  0.8568791  0.0001005
31.890  0.8567801  0.0001016
31.910  0.8568733  0.0001016
31.930  0.8569157  0.0001004
31.950  0.8568538  0.0001002
31.970  0.8568880  0.0000969
31.990  0.8569001  0.0000965
32.010  0.8569230  0.0000965
32.030  0.8569199  0.0000946
32.050  0.8569932  0.0000934
32.070  0.8569948  0.0000916
32.090  0.8570190  0.0000920
32.110  0.8569743  0.0000900
32.130  0.8569020  0.0000901
32.150  0.8569413  0.0000900
32.170  0.8569525  0.0000909
32.190  0.8569656  0.0000953
32.210  0.8569908  0.0000960
32.230  0.8569236  0.0000979
32.250  0.8569462  0.0000992
32.270  0.8569086  0.0001022
32.290  0.8569366  0.0001060
32.310  0.8569784  0.0001059
32.330  0.8570366  0.0001045
32.350  0.8569974  0.0001043
32.370  0.8569825  0.0001047
32.390  0.8570316  0.0001012
32.410  0.8569340  0.0001007
32.430  0.8569698  0.0001004
32.450  0.8569903  0.0000965
32.470  0.8569554  0.0000951
32.490  0.8569327  0.0000924
32.510  0.8569375  0.0000913
32.530  0.8568900  0.0000885
32.550  0.8569388  0.0000912
32.570  0.8569865  0.0000898
32.590  0.8569233  0.0000885
32.610  0.8569025  0.0000885
32.630  0.8569448  0.0000894
32.650  0.8568182  0.0000893
32.670  0.8568549  0.0000931
32.690  0.8568747  0.0000954
32.710  0.8568828  0.0000967
32.730  0.8568432  0.0001004
32.750  0.8569026  0.0001043
32.770  0.8568759  0.0000937
