% Density Profile of Hard Spheres at a Hard Flat Wall: rho(z), rho(z < 0.5) = 0
% Bulk density: rho (95% CI) = 0.93816387(0.00000537)
%
% rho_i is the average density in the interval [z_i-0.01, z_i+0.01]
%
%  z_i    rho_i     95% CI 
 0.510  9.9922671  0.0005787
 0.530  7.4945040  0.0004161
 0.550  5.6419169  0.0003307
 0.570  4.2651678  0.0002702
 0.590  3.2397498  0.0002323
 0.610  2.4745935  0.0002046
 0.630  1.9022182  0.0001798
 0.650  1.4731428  0.0001622
 0.670  1.1505633  0.0001432
 0.690  0.9072574  0.0001311
 0.710  0.7228926  0.0001175
 0.730  0.5827276  0.0001033
 0.750  0.4755202  0.0000960
 0.770  0.3932636  0.0000888
 0.790  0.3296989  0.0000827
 0.810  0.2803417  0.0000782
 0.830  0.2419543  0.0000748
 0.850  0.2119487  0.0000681
 0.870  0.1883925  0.0000665
 0.890  0.1700398  0.0000643
 0.910  0.1557248  0.0000616
 0.930  0.1448624  0.0000592
 0.950  0.1368231  0.0000590
 0.970  0.1312500  0.0000587
 0.990  0.1279621  0.0000586
 1.010  0.1269121  0.0000594
 1.030  0.1280122  0.0000602
 1.050  0.1315832  0.0000615
 1.070  0.1377009  0.0000642
 1.090  0.1469531  0.0000670
 1.110  0.1598221  0.0000696
 1.130  0.1773741  0.0000751
 1.150  0.2010002  0.0000798
 1.170  0.2324942  0.0000860
 1.190  0.2744830  0.0000966
 1.210  0.3307401  0.0001041
 1.230  0.4056595  0.0001159
 1.250  0.5044618  0.0001296
 1.270  0.6332135  0.0001440
 1.290  0.7988037  0.0001586
 1.310  1.0083293  0.0001750
 1.330  1.2672188  0.0001921
 1.350  1.5735441  0.0002182
 1.370  1.9088013  0.0002512
 1.390  2.2314938  0.0002813
 1.410  2.4836128  0.0003035
 1.430  2.6244909  0.0003078
 1.450  2.6454344  0.0002920
 1.470  2.5623812  0.0002742
 1.490  2.4031509  0.0002480
 1.510  2.1940192  0.0002334
 1.530  1.9550538  0.0002128
 1.550  1.7144363  0.0001935
 1.570  1.4893482  0.0001826
 1.590  1.2883055  0.0001701
 1.610  1.1134347  0.0001564
 1.630  0.9640113  0.0001489
 1.650  0.8381029  0.0001407
 1.670  0.7328994  0.0001309
 1.690  0.6456554  0.0001235
 1.710  0.5735340  0.0001187
 1.730  0.5143148  0.0001128
 1.750  0.4659051  0.0001072
 1.770  0.4266117  0.0001038
 1.790  0.3952262  0.0001014
 1.810  0.3704703  0.0000976
 1.830  0.3514893  0.0000980
 1.850  0.3377344  0.0000975
 1.870  0.3287472  0.0000977
 1.890  0.3240835  0.0000982
 1.910  0.3238045  0.0000976
 1.930  0.3277630  0.0001013
 1.950  0.3361517  0.0001020
 1.970  0.3492535  0.0001040
 1.990  0.3675984  0.0001091
 2.010  0.3917866  0.0001121
 2.030  0.4226585  0.0001186
 2.050  0.4612144  0.0001229
 2.070  0.5086554  0.0001292
 2.090  0.5660728  0.0001355
 2.110  0.6346382  0.0001444
 2.130  0.7153505  0.0001499
 2.150  0.8086452  0.0001589
 2.170  0.9144310  0.0001680
 2.190  1.0314010  0.0001753
 2.210  1.1569964  0.0001879
 2.230  1.2870123  0.0001960
 2.250  1.4147387  0.0002128
 2.270  1.5325182  0.0002236
 2.290  1.6323390  0.0002354
 2.310  1.7071144  0.0002359
 2.330  1.7515874  0.0002361
 2.350  1.7637888  0.0002372
 2.370  1.7450619  0.0002336
 2.390  1.6985120  0.0002253
 2.410  1.6297169  0.0002115
 2.430  1.5442269  0.0001990
 2.450  1.4484643  0.0001925
 2.470  1.3476941  0.0001810
 2.490  1.2466702  0.0001750
 2.510  1.1486438  0.0001647
 2.530  1.0560659  0.0001600
 2.550  0.9708546  0.0001515
 2.570  0.8935686  0.0001475
 2.590  0.8248266  0.0001442
 2.610  0.7644168  0.0001386
 2.630  0.7119251  0.0001347
 2.650  0.6670643  0.0001297
 2.670  0.6291628  0.0001280
 2.690  0.5977742  0.0001256
 2.710  0.5724062  0.0001240
 2.730  0.5526393  0.0001208
 2.750  0.5380384  0.0001199
 2.770  0.5283202  0.0001202
 2.790  0.5232202  0.0001216
 2.810  0.5226792  0.0001216
 2.830  0.5267428  0.0001223
 2.850  0.5354099  0.0001239
 2.870  0.5485813  0.0001263
 2.890  0.5666074  0.0001278
 2.910  0.5895752  0.0001305
 2.930  0.6176877  0.0001332
 2.950  0.6514294  0.0001364
 2.970  0.6906985  0.0001394
 2.990  0.7355943  0.0001408
 3.010  0.7861939  0.0001450
 3.030  0.8419357  0.0001525
 3.050  0.9022010  0.0001555
 3.070  0.9660029  0.0001627
 3.090  1.0318228  0.0001665
 3.110  1.0977526  0.0001769
 3.130  1.1618150  0.0001823
 3.150  1.2214470  0.0001861
 3.170  1.2740431  0.0001949
 3.190  1.3176749  0.0001974
 3.210  1.3499985  0.0002003
 3.230  1.3701604  0.0002012
 3.250  1.3774595  0.0001999
 3.270  1.3718701  0.0001974
 3.290  1.3543548  0.0001898
 3.310  1.3266223  0.0001866
 3.330  1.2900630  0.0001805
 3.350  1.2467537  0.0001741
 3.370  1.1989765  0.0001709
 3.390  1.1482056  0.0001641
 3.410  1.0964304  0.0001616
 3.430  1.0449729  0.0001552
 3.450  0.9949283  0.0001532
 3.470  0.9474811  0.0001471
 3.490  0.9031821  0.0001459
 3.510  0.8624227  0.0001425
 3.530  0.8257409  0.0001384
 3.550  0.7931592  0.0001384
 3.570  0.7645459  0.0001378
 3.590  0.7402232  0.0001356
 3.610  0.7199351  0.0001321
 3.630  0.7036816  0.0001329
 3.650  0.6913106  0.0001317
 3.670  0.6827187  0.0001323
 3.690  0.6780399  0.0001325
 3.710  0.6769690  0.0001306
 3.730  0.6795566  0.0001343
 3.750  0.6855953  0.0001327
 3.770  0.6952160  0.0001326
 3.790  0.7083749  0.0001328
 3.810  0.7249553  0.0001358
 3.830  0.7448741  0.0001369
 3.850  0.7680613  0.0001391
 3.870  0.7945183  0.0001407
 3.890  0.8238342  0.0001431
 3.910  0.8556709  0.0001432
 3.930  0.8895391  0.0001492
 3.950  0.9248929  0.0001508
 3.970  0.9611732  0.0001526
 3.990  0.9974036  0.0001570
 4.010  1.0326371  0.0001602
 4.030  1.0659641  0.0001672
 4.050  1.0963816  0.0001678
 4.070  1.1230267  0.0001688
 4.090  1.1450920  0.0001730
 4.110  1.1618554  0.0001729
 4.130  1.1729031  0.0001706
 4.150  1.1780143  0.0001743
 4.170  1.1770418  0.0001711
 4.190  1.1703879  0.0001684
 4.210  1.1584477  0.0001651
 4.230  1.1420299  0.0001661
 4.250  1.1214750  0.0001604
 4.270  1.0979438  0.0001597
 4.290  1.0721953  0.0001538
 4.310  1.0446979  0.0001521
 4.330  1.0167778  0.0001483
 4.350  0.9885157  0.0001485
 4.370  0.9609123  0.0001481
 4.390  0.9343220  0.0001437
 4.410  0.9090375  0.0001436
 4.430  0.8855595  0.0001406
 4.450  0.8643246  0.0001436
 4.470  0.8451660  0.0001392
 4.490  0.8282791  0.0001397
 4.510  0.8139477  0.0001379
 4.530  0.8022912  0.0001375
 4.550  0.7930978  0.0001372
 4.570  0.7864132  0.0001363
 4.590  0.7824027  0.0001348
 4.610  0.7808761  0.0001353
 4.630  0.7818843  0.0001358
 4.650  0.7852747  0.0001366
 4.670  0.7912164  0.0001367
 4.690  0.7993769  0.0001361
 4.710  0.8096862  0.0001398
 4.730  0.8222660  0.0001380
 4.750  0.8367606  0.0001391
 4.770  0.8528904  0.0001376
 4.790  0.8705448  0.0001413
 4.810  0.8895748  0.0001439
 4.830  0.9093039  0.0001440
 4.850  0.9295957  0.0001475
 4.870  0.9500948  0.0001502
 4.890  0.9701440  0.0001516
 4.910  0.9896168  0.0001518
 4.930  1.0076170  0.0001535
 4.950  1.0243169  0.0001555
 4.970  1.0389022  0.0001542
 4.990  1.0509985  0.0001578
 5.010  1.0604323  0.0001575
 5.030  1.0669775  0.0001582
 5.050  1.0705305  0.0001560
 5.070  1.0710522  0.0001569
 5.090  1.0686265  0.0001591
 5.110  1.0635534  0.0001546
 5.130  1.0559727  0.0001556
 5.150  1.0462229  0.0001555
 5.170  1.0342854  0.0001530
 5.190  1.0211303  0.0001500
 5.210  1.0066171  0.0001493
 5.230  0.9914545  0.0001471
 5.250  0.9756432  0.0001473
 5.270  0.9599231  0.0001424
 5.290  0.9444609  0.0001418
 5.310  0.9295184  0.0001438
 5.330  0.9153188  0.0001430
 5.350  0.9020416  0.0001392
 5.370  0.8899532  0.0001408
 5.390  0.8790900  0.0001392
 5.410  0.8696466  0.0001394
 5.430  0.8617847  0.0001384
 5.450  0.8553230  0.0001411
 5.470  0.8505796  0.0001397
 5.490  0.8473960  0.0001395
 5.510  0.8459655  0.0001394
 5.530  0.8460009  0.0001372
 5.550  0.8476691  0.0001387
 5.570  0.8508290  0.0001374
 5.590  0.8554918  0.0001370
 5.610  0.8614514  0.0001402
 5.630  0.8687790  0.0001402
 5.650  0.8772781  0.0001421
 5.670  0.8867274  0.0001401
 5.690  0.8970023  0.0001411
 5.710  0.9078753  0.0001437
 5.730  0.9192306  0.0001450
 5.750  0.9309648  0.0001461
 5.770  0.9424708  0.0001465
 5.790  0.9538464  0.0001464
 5.810  0.9648006  0.0001478
 5.830  0.9749843  0.0001452
 5.850  0.9843520  0.0001470
 5.870  0.9926091  0.0001513
 5.890  0.9995651  0.0001518
 5.910  1.0051867  0.0001470
 5.930  1.0091912  0.0001512
 5.950  1.0116802  0.0001510
 5.970  1.0126023  0.0001471
 5.990  1.0119062  0.0001512
 6.010  1.0099244  0.0001502
 6.030  1.0063337  0.0001481
 6.050  1.0013961  0.0001475
 6.070  0.9954227  0.0001458
 6.090  0.9885120  0.0001489
 6.110  0.9808929  0.0001481
 6.130  0.9725438  0.0001468
 6.150  0.9640129  0.0001465
 6.170  0.9551778  0.0001442
 6.190  0.9462290  0.0001445
 6.210  0.9376198  0.0001409
 6.230  0.9291226  0.0001423
 6.250  0.9212217  0.0001437
 6.270  0.9135931  0.0001419
 6.290  0.9070455  0.0001433
 6.310  0.9010703  0.0001414
 6.330  0.8959212  0.0001394
 6.350  0.8917245  0.0001422
 6.370  0.8884972  0.0001392
 6.390  0.8862845  0.0001400
 6.410  0.8848711  0.0001387
 6.430  0.8846442  0.0001377
 6.450  0.8852595  0.0001388
 6.470  0.8869103  0.0001385
 6.490  0.8894728  0.0001422
 6.510  0.8927171  0.0001383
 6.530  0.8967663  0.0001401
 6.550  0.9015654  0.0001407
 6.570  0.9068705  0.0001405
 6.590  0.9126757  0.0001442
 6.610  0.9189262  0.0001442
 6.630  0.9253431  0.0001447
 6.650  0.9320157  0.0001449
 6.670  0.9387029  0.0001436
 6.690  0.9451368  0.0001445
 6.710  0.9513539  0.0001442
 6.730  0.9571807  0.0001437
 6.750  0.9626168  0.0001467
 6.770  0.9674478  0.0001466
 6.790  0.9715980  0.0001470
 6.810  0.9749505  0.0001475
 6.830  0.9775109  0.0001481
 6.850  0.9792343  0.0001443
 6.870  0.9799352  0.0001471
 6.890  0.9800936  0.0001471
 6.910  0.9791115  0.0001454
 6.930  0.9774296  0.0001450
 6.950  0.9751483  0.0001478
 6.970  0.9721624  0.0001466
 6.990  0.9684941  0.0001457
 7.010  0.9644307  0.0001439
 7.030  0.9598501  0.0001449
 7.050  0.9551830  0.0001437
 7.070  0.9502094  0.0001465
 7.090  0.9451353  0.0001461
 7.110  0.9401124  0.0001459
 7.130  0.9352376  0.0001456
 7.150  0.9305276  0.0001449
 7.170  0.9261056  0.0001429
 7.190  0.9220156  0.0001438
 7.210  0.9183725  0.0001416
 7.230  0.9153101  0.0001415
 7.250  0.9124785  0.0001402
 7.270  0.9104896  0.0001384
 7.290  0.9088731  0.0001380
 7.310  0.9078602  0.0001366
 7.330  0.9073761  0.0001405
 7.350  0.9075007  0.0001360
 7.370  0.9081739  0.0001396
 7.390  0.9095247  0.0001387
 7.410  0.9112485  0.0001427
 7.430  0.9134940  0.0001424
 7.450  0.9161378  0.0001434
 7.470  0.9191326  0.0001419
 7.490  0.9223079  0.0001453
 7.510  0.9260184  0.0001433
 7.530  0.9295884  0.0001442
 7.550  0.9333854  0.0001472
 7.570  0.9372559  0.0001438
 7.590  0.9408332  0.0001435
 7.610  0.9444547  0.0001463
 7.630  0.9478103  0.0001437
 7.650  0.9509961  0.0001450
 7.670  0.9537921  0.0001444
 7.690  0.9562311  0.0001455
 7.710  0.9582563  0.0001428
 7.730  0.9598558  0.0001434
 7.750  0.9609514  0.0001444
 7.770  0.9617072  0.0001445
 7.790  0.9618990  0.0001448
 7.810  0.9616176  0.0001424
 7.830  0.9608992  0.0001453
 7.850  0.9595846  0.0001425
 7.870  0.9582209  0.0001438
 7.890  0.9562556  0.0001448
 7.910  0.9540773  0.0001441
 7.930  0.9516257  0.0001460
 7.950  0.9490511  0.0001461
 7.970  0.9462687  0.0001456
 7.990  0.9434091  0.0001455
 8.010  0.9405334  0.0001464
 8.030  0.9377644  0.0001430
 8.050  0.9350688  0.0001446
 8.070  0.9324207  0.0001439
 8.090  0.9300963  0.0001459
 8.110  0.9278000  0.0001420
 8.130  0.9259057  0.0001406
 8.150  0.9242132  0.0001401
 8.170  0.9227980  0.0001423
 8.190  0.9216772  0.0001395
 8.210  0.9209914  0.0001409
 8.230  0.9205738  0.0001404
 8.250  0.9204926  0.0001395
 8.270  0.9206947  0.0001406
 8.290  0.9213820  0.0001411
 8.310  0.9223737  0.0001426
 8.330  0.9235219  0.0001425
 8.350  0.9249154  0.0001416
 8.370  0.9265360  0.0001415
 8.390  0.9283878  0.0001435
 8.410  0.9303589  0.0001435
 8.430  0.9323950  0.0001429
 8.450  0.9346159  0.0001441
 8.470  0.9366751  0.0001455
 8.490  0.9389140  0.0001486
 8.510  0.9409820  0.0001443
 8.530  0.9429967  0.0001452
 8.550  0.9448519  0.0001408
 8.570  0.9464511  0.0001431
 8.590  0.9479778  0.0001439
 8.610  0.9492831  0.0001424
 8.630  0.9502632  0.0001423
 8.650  0.9509741  0.0001446
 8.670  0.9514413  0.0001431
 8.690  0.9517309  0.0001444
 8.710  0.9516366  0.0001409
 8.730  0.9512854  0.0001430
 8.750  0.9507330  0.0001465
 8.770  0.9499539  0.0001447
 8.790  0.9489531  0.0001441
 8.810  0.9476958  0.0001454
 8.830  0.9464829  0.0001429
 8.850  0.9450266  0.0001425
 8.870  0.9434674  0.0001436
 8.890  0.9418625  0.0001433
 8.910  0.9401927  0.0001439
 8.930  0.9385471  0.0001427
 8.950  0.9369652  0.0001415
 8.970  0.9353271  0.0001422
 8.990  0.9339436  0.0001436
 9.010  0.9326911  0.0001403
 9.030  0.9315392  0.0001429
 9.050  0.9304797  0.0001408
 9.070  0.9296843  0.0001411
 9.090  0.9289760  0.0001409
 9.110  0.9284982  0.0001400
 9.130  0.9282146  0.0001422
 9.150  0.9280301  0.0001398
 9.170  0.9281944  0.0001431
 9.190  0.9284242  0.0001428
 9.210  0.9289554  0.0001414
 9.230  0.9294929  0.0001437
 9.250  0.9303200  0.0001406
 9.270  0.9313008  0.0001433
 9.290  0.9322203  0.0001432
 9.310  0.9334733  0.0001430
 9.330  0.9344579  0.0001411
 9.350  0.9357302  0.0001427
 9.370  0.9369431  0.0001430
 9.390  0.9381514  0.0001431
 9.410  0.9393504  0.0001442
 9.430  0.9405429  0.0001431
 9.450  0.9415604  0.0001426
 9.470  0.9424957  0.0001410
 9.490  0.9434660  0.0001410
 9.510  0.9441970  0.0001448
 9.530  0.9447405  0.0001418
 9.550  0.9452841  0.0001435
 9.570  0.9456102  0.0001475
 9.590  0.9458057  0.0001426
 9.610  0.9457532  0.0001434
 9.630  0.9456039  0.0001428
 9.650  0.9454702  0.0001435
 9.670  0.9450477  0.0001406
 9.690  0.9445847  0.0001452
 9.710  0.9439376  0.0001428
 9.730  0.9431628  0.0001407
 9.750  0.9424384  0.0001423
 9.770  0.9415379  0.0001394
 9.790  0.9406416  0.0001412
 9.810  0.9396438  0.0001423
 9.830  0.9388220  0.0001428
 9.850  0.9379090  0.0001419
 9.870  0.9370036  0.0001431
 9.890  0.9361335  0.0001428
 9.910  0.9352159  0.0001434
 9.930  0.9346230  0.0001398
 9.950  0.9340243  0.0001408
 9.970  0.9334164  0.0001416
 9.990  0.9330810  0.0001408
10.010  0.9326950  0.0001400
10.030  0.9326583  0.0001405
10.050  0.9324746  0.0001420
10.070  0.9324585  0.0001417
10.090  0.9325397  0.0001428
10.110  0.9327568  0.0001404
10.130  0.9331000  0.0001417
10.150  0.9334648  0.0001449
10.170  0.9339485  0.0001412
10.190  0.9345330  0.0001421
10.210  0.9351454  0.0001429
10.230  0.9356895  0.0001428
10.250  0.9364005  0.0001445
10.270  0.9371330  0.0001406
10.290  0.9378140  0.0001414
10.310  0.9385215  0.0001428
10.330  0.9392680  0.0001432
10.350  0.9398495  0.0001420
10.370  0.9402762  0.0001451
10.390  0.9410301  0.0001425
10.410  0.9415194  0.0001423
10.430  0.9419462  0.0001442
10.450  0.9421729  0.0001448
10.470  0.9423491  0.0001431
10.490  0.9425292  0.0001422
10.510  0.9425472  0.0001433
10.530  0.9425736  0.0001453
10.550  0.9424058  0.0001432
10.570  0.9422628  0.0001439
10.590  0.9418662  0.0001397
10.610  0.9416438  0.0001436
10.630  0.9411468  0.0001418
10.650  0.9407279  0.0001418
10.670  0.9402765  0.0001446
10.690  0.9397174  0.0001418
10.710  0.9392198  0.0001411
10.730  0.9387113  0.0001421
10.750  0.9382699  0.0001418
10.770  0.9376701  0.0001400
10.790  0.9372434  0.0001409
10.810  0.9367641  0.0001418
10.830  0.9362745  0.0001433
10.850  0.9358590  0.0001418
10.870  0.9356342  0.0001422
10.890  0.9353388  0.0001406
10.910  0.9350572  0.0001406
10.930  0.9350937  0.0001405
10.950  0.9348953  0.0001406
10.970  0.9349076  0.0001404
10.990  0.9349209  0.0001409
11.010  0.9351357  0.0001420
11.030  0.9351550  0.0001405
11.050  0.9355086  0.0001408
11.070  0.9355889  0.0001409
11.090  0.9360170  0.0001428
11.110  0.9362570  0.0001417
11.130  0.9366941  0.0001409
11.150  0.9370709  0.0001418
11.170  0.9374513  0.0001421
11.190  0.9378643  0.0001413
11.210  0.9382801  0.0001433
11.230  0.9385611  0.0001424
11.250  0.9389383  0.0001433
11.270  0.9393196  0.0001410
11.290  0.9395947  0.0001425
11.310  0.9398678  0.0001418
11.330  0.9401188  0.0001425
11.350  0.9404080  0.0001409
11.370  0.9405139  0.0001410
11.390  0.9405747  0.0001415
11.410  0.9406173  0.0001423
11.430  0.9405918  0.0001389
11.450  0.9406175  0.0001408
11.470  0.9404335  0.0001412
11.490  0.9404158  0.0001405
11.510  0.9402019  0.0001414
11.530  0.9400143  0.0001425
11.550  0.9397931  0.0001426
11.570  0.9395705  0.0001451
11.590  0.9392754  0.0001439
11.610  0.9389561  0.0001422
11.630  0.9386472  0.0001434
11.650  0.9383866  0.0001446
11.670  0.9379835  0.0001410
11.690  0.9376931  0.0001426
11.710  0.9375280  0.0001439
11.730  0.9372435  0.0001398
11.750  0.9369726  0.0001388
11.770  0.9366912  0.0001434
11.790  0.9365026  0.0001418
11.810  0.9363815  0.0001425
11.830  0.9362880  0.0001433
11.850  0.9362066  0.0001425
11.870  0.9362925  0.0001439
11.890  0.9363997  0.0001420
11.910  0.9363665  0.0001421
11.930  0.9364619  0.0001418
11.950  0.9366013  0.0001424
11.970  0.9367267  0.0001443
11.990  0.9367922  0.0001441
12.010  0.9369730  0.0001426
12.030  0.9372895  0.0001440
12.050  0.9374210  0.0001442
12.070  0.9376799  0.0001454
12.090  0.9378620  0.0001433
12.110  0.9381352  0.0001430
12.130  0.9383333  0.0001431
12.150  0.9384094  0.0001421
12.170  0.9387444  0.0001429
12.190  0.9388804  0.0001438
12.210  0.9390926  0.0001420
12.230  0.9392806  0.0001419
12.250  0.9393489  0.0001444
12.270  0.9395364  0.0001426
12.290  0.9395406  0.0001437
12.310  0.9395585  0.0001427
12.330  0.9396121  0.0001448
12.350  0.9396585  0.0001430
12.370  0.9394649  0.0001427
12.390  0.9395016  0.0001404
12.410  0.9393396  0.0001441
12.430  0.9392295  0.0001434
12.450  0.9391419  0.0001433
12.470  0.9389096  0.0001423
12.490  0.9388139  0.0001431
12.510  0.9387262  0.0001422
12.530  0.9384985  0.0001442
12.550  0.9384008  0.0001441
12.570  0.9382196  0.0001443
12.590  0.9379587  0.0001439
12.610  0.9378516  0.0001450
12.630  0.9376818  0.0001446
12.650  0.9375877  0.0001416
12.670  0.9373923  0.0001417
12.690  0.9374057  0.0001427
12.710  0.9373164  0.0001436
12.730  0.9371627  0.0001432
12.750  0.9371201  0.0001430
12.770  0.9371291  0.0001428
12.790  0.9370871  0.0001408
12.810  0.9371389  0.0001414
12.830  0.9371134  0.0001423
12.850  0.9371138  0.0001441
12.870  0.9372077  0.0001418
12.890  0.9373072  0.0001429
12.910  0.9374970  0.0001420
12.930  0.9375357  0.0001433
12.950  0.9376661  0.0001438
12.970  0.9377494  0.0001458
12.990  0.9378680  0.0001453
13.010  0.9380691  0.0001445
13.030  0.9381653  0.0001415
13.050  0.9381984  0.0001419
13.070  0.9384490  0.0001439
13.090  0.9384813  0.0001450
13.110  0.9387099  0.0001416
13.130  0.9387509  0.0001439
13.150  0.9387454  0.0001432
13.170  0.9388755  0.0001409
13.190  0.9390066  0.0001420
13.210  0.9388926  0.0001425
13.230  0.9390217  0.0001399
13.250  0.9389292  0.0001435
13.270  0.9389995  0.0001415
13.290  0.9389913  0.0001410
13.310  0.9389084  0.0001441
13.330  0.9388541  0.0001372
13.350  0.9388494  0.0001410
13.370  0.9386673  0.0001433
13.390  0.9385251  0.0001414
13.410  0.9384509  0.0001410
13.430  0.9384110  0.0001430
13.450  0.9382455  0.0001424
13.470  0.9382018  0.0001449
13.490  0.9380359  0.0001420
13.510  0.9380468  0.0001424
13.530  0.9379654  0.0001409
13.550  0.9377826  0.0001430
13.570  0.9378463  0.0001416
13.590  0.9377038  0.0001400
13.610  0.9377020  0.0001412
13.630  0.9377450  0.0001404
13.650  0.9376026  0.0001417
13.670  0.9376174  0.0001405
13.690  0.9375479  0.0001411
13.710  0.9375270  0.0001432
13.730  0.9376173  0.0001396
13.750  0.9376688  0.0001425
13.770  0.9376614  0.0001411
13.790  0.9376796  0.0001405
13.810  0.9376413  0.0001410
13.830  0.9377145  0.0001410
13.850  0.9377559  0.0001412
13.870  0.9379882  0.0001444
13.890  0.9379234  0.0001441
13.910  0.9380756  0.0001417
13.930  0.9381630  0.0001427
13.950  0.9381929  0.0001407
13.970  0.9383170  0.0001419
13.990  0.9384243  0.0001415
14.010  0.9384905  0.0001413
14.030  0.9384818  0.0001424
14.050  0.9386130  0.0001416
14.070  0.9386076  0.0001403
14.090  0.9385108  0.0001424
14.110  0.9385695  0.0001426
14.130  0.9386665  0.0001413
14.150  0.9385928  0.0001411
14.170  0.9386190  0.0001395
14.190  0.9384443  0.0001417
14.210  0.9384968  0.0001409
14.230  0.9385835  0.0001434
14.250  0.9384607  0.0001418
14.270  0.9385887  0.0001430
14.290  0.9383351  0.0001417
14.310  0.9383079  0.0001434
14.330  0.9382896  0.0001446
14.350  0.9382505  0.0001422
14.370  0.9383149  0.0001404
14.390  0.9381038  0.0001419
14.410  0.9380447  0.0001402
14.430  0.9379872  0.0001435
14.450  0.9380072  0.0001436
14.470  0.9379781  0.0001398
14.490  0.9379434  0.0001412
14.510  0.9378380  0.0001416
14.530  0.9379624  0.0001394
14.550  0.9378942  0.0001394
14.570  0.9378864  0.0001426
14.590  0.9378545  0.0001404
14.610  0.9380047  0.0001409
14.630  0.9379535  0.0001418
14.650  0.9379429  0.0001419
14.670  0.9378503  0.0001401
14.690  0.9379203  0.0001416
14.710  0.9379430  0.0001401
14.730  0.9378679  0.0001400
14.750  0.9380770  0.0001422
14.770  0.9380345  0.0001423
14.790  0.9380602  0.0001417
14.810  0.9380426  0.0001427
14.830  0.9380205  0.0001419
14.850  0.9380751  0.0001427
14.870  0.9381701  0.0001416
14.890  0.9382141  0.0001415
14.910  0.9382008  0.0001422
14.930  0.9383339  0.0001424
14.950  0.9383478  0.0001426
14.970  0.9383536  0.0001423
14.990  0.9383265  0.0001416
15.010  0.9384216  0.0001442
15.030  0.9383642  0.0001437
15.050  0.9384612  0.0001413
15.070  0.9383961  0.0001398
15.090  0.9383963  0.0001406
15.110  0.9384115  0.0001410
15.130  0.9383326  0.0001444
15.150  0.9383430  0.0001411
15.170  0.9382753  0.0001421
15.190  0.9382016  0.0001424
15.210  0.9382131  0.0001408
15.230  0.9382741  0.0001384
15.250  0.9382035  0.0001425
15.270  0.9382748  0.0001417
15.290  0.9381775  0.0001413
15.310  0.9382435  0.0001417
15.330  0.9382548  0.0001435
15.350  0.9381146  0.0001416
15.370  0.9381484  0.0001442
15.390  0.9379992  0.0001432
15.410  0.9380731  0.0001402
15.430  0.9380512  0.0001434
15.450  0.9380331  0.0001397
15.470  0.9379384  0.0001393
15.490  0.9378994  0.0001383
15.510  0.9379273  0.0001425
15.530  0.9381609  0.0001438
15.550  0.9380216  0.0001392
15.570  0.9380223  0.0001411
15.590  0.9380525  0.0001411
15.610  0.9380819  0.0001424
15.630  0.9379421  0.0001433
15.650  0.9380797  0.0001447
15.670  0.9380492  0.0001429
15.690  0.9379892  0.0001435
15.710  0.9380217  0.0001420
15.730  0.9381116  0.0001423
15.750  0.9382222  0.0001429
15.770  0.9381492  0.0001410
15.790  0.9381766  0.0001443
15.810  0.9382907  0.0001427
15.830  0.9382406  0.0001405
15.850  0.9382415  0.0001429
15.870  0.9383295  0.0001421
15.890  0.9382236  0.0001454
15.910  0.9382241  0.0001443
15.930  0.9382868  0.0001388
15.950  0.9382673  0.0001431
15.970  0.9383162  0.0001414
15.990  0.9382138  0.0001433
16.010  0.9383769  0.0001415
16.030  0.9382923  0.0001410
16.050  0.9383776  0.0001410
16.070  0.9382267  0.0001414
16.090  0.9382201  0.0001435
16.110  0.9382955  0.0001431
16.130  0.9381797  0.0001410
16.150  0.9382591  0.0001414
16.170  0.9381819  0.0001423
16.190  0.9381168  0.0001408
16.210  0.9381673  0.0001426
16.230  0.9381985  0.0001422
16.250  0.9381130  0.0001411
16.270  0.9380485  0.0001399
16.290  0.9381145  0.0001434
16.310  0.9380824  0.0001419
16.330  0.9380787  0.0001407
16.350  0.9381388  0.0001403
16.370  0.9380867  0.0001409
16.390  0.9381727  0.0001419
16.410  0.9380025  0.0001399
16.430  0.9380316  0.0001392
16.450  0.9380915  0.0001405
16.470  0.9379449  0.0001402
16.490  0.9380426  0.0001396
16.510  0.9380181  0.0001402
16.530  0.9380176  0.0001411
16.550  0.9381761  0.0001435
16.570  0.9381175  0.0001441
16.590  0.9380701  0.0001429
16.610  0.9381088  0.0001426
16.630  0.9380818  0.0001408
16.650  0.9381146  0.0001443
16.670  0.9382702  0.0001431
16.690  0.9382207  0.0001426
16.710  0.9381189  0.0001441
16.730  0.9381714  0.0001443
16.750  0.9382616  0.0001430
16.770  0.9381968  0.0001413
16.790  0.9382688  0.0001409
16.810  0.9382388  0.0001405
16.830  0.9381916  0.0001441
16.850  0.9383935  0.0001406
16.870  0.9382507  0.0001419
16.890  0.9383096  0.0001405
16.910  0.9382620  0.0001416
16.930  0.9382492  0.0001405
16.950  0.9382957  0.0001414
16.970  0.9383187  0.0001418
16.990  0.9382465  0.0001420
17.010  0.9383144  0.0001433
17.030  0.9382005  0.0001429
17.050  0.9382489  0.0001422
17.070  0.9381033  0.0001412
17.090  0.9381561  0.0001425
17.110  0.9381573  0.0001415
17.130  0.9381192  0.0001423
17.150  0.9380978  0.0001405
17.170  0.9379990  0.0001402
17.190  0.9380950  0.0001399
17.210  0.9380443  0.0001421
17.230  0.9380955  0.0001405
17.250  0.9381346  0.0001429
17.270  0.9381199  0.0001428
17.290  0.9379967  0.0001417
17.310  0.9381067  0.0001431
17.330  0.9380206  0.0001419
17.350  0.9380112  0.0001419
17.370  0.9379928  0.0001415
17.390  0.9381276  0.0001414
17.410  0.9381099  0.0001423
17.430  0.9382614  0.0001418
17.450  0.9381539  0.0001442
17.470  0.9382406  0.0001421
17.490  0.9381429  0.0001416
17.510  0.9381481  0.0001430
17.530  0.9381352  0.0001411
17.550  0.9382679  0.0001430
17.570  0.9381584  0.0001455
17.590  0.9382588  0.0001436
17.610  0.9381938  0.0001421
17.630  0.9382421  0.0001442
17.650  0.9382126  0.0001433
17.670  0.9381854  0.0001414
17.690  0.9382310  0.0001414
17.710  0.9381711  0.0001415
17.730  0.9382039  0.0001409
17.750  0.9381887  0.0001418
17.770  0.9382008  0.0001410
17.790  0.9382086  0.0001427
17.810  0.9382473  0.0001424
17.830  0.9381273  0.0001406
17.850  0.9381671  0.0001416
17.870  0.9382159  0.0001401
17.890  0.9381837  0.0001450
17.910  0.9381029  0.0001409
17.930  0.9381847  0.0001430
17.950  0.9382591  0.0001467
17.970  0.9381472  0.0001443
17.990  0.9381734  0.0001418
18.010  0.9381737  0.0001451
18.030  0.9381249  0.0001419
18.050  0.9381520  0.0001420
18.070  0.9382177  0.0001414
18.090  0.9381165  0.0001413
18.110  0.9380602  0.0001391
18.130  0.9380476  0.0001403
18.150  0.9380843  0.0001432
18.170  0.9381748  0.0001426
18.190  0.9380540  0.0001408
18.210  0.9381682  0.0001403
18.230  0.9380484  0.0001397
18.250  0.9380464  0.0001404
18.270  0.9381524  0.0001432
18.290  0.9382038  0.0001416
18.310  0.9380448  0.0001439
18.330  0.9380647  0.0001420
18.350  0.9380861  0.0001454
18.370  0.9381284  0.0001438
18.390  0.9381374  0.0001418
18.410  0.9382685  0.0001404
18.430  0.9381838  0.0001425
18.450  0.9381978  0.0001405
18.470  0.9381925  0.0001393
18.490  0.9382334  0.0001442
18.510  0.9381951  0.0001412
18.530  0.9382226  0.0001423
18.550  0.9381869  0.0001427
18.570  0.9382868  0.0001412
18.590  0.9381793  0.0001433
18.610  0.9381825  0.0001421
18.630  0.9381665  0.0001423
18.650  0.9382304  0.0001403
18.670  0.9382276  0.0001411
18.690  0.9381298  0.0001411
18.710  0.9382807  0.0001414
18.730  0.9381943  0.0001408
18.750  0.9381330  0.0001416
18.770  0.9382064  0.0001438
18.790  0.9381573  0.0001415
18.810  0.9380839  0.0001414
18.830  0.9381018  0.0001389
18.850  0.9381172  0.0001447
18.870  0.9381600  0.0001436
18.890  0.9381479  0.0001422
18.910  0.9382349  0.0001435
18.930  0.9381750  0.0001424
18.950  0.9382223  0.0001420
18.970  0.9381994  0.0001425
18.990  0.9381286  0.0001407
19.010  0.9382194  0.0001430
19.030  0.9381328  0.0001428
19.050  0.9382089  0.0001435
19.070  0.9381265  0.0001416
19.090  0.9381504  0.0001441
19.110  0.9381166  0.0001436
19.130  0.9380811  0.0001431
19.150  0.9381986  0.0001428
19.170  0.9381685  0.0001429
19.190  0.9380206  0.0001430
19.210  0.9380401  0.0001424
19.230  0.9381001  0.0001429
19.250  0.9381157  0.0001425
19.270  0.9380983  0.0001416
19.290  0.9381318  0.0001414
19.310  0.9381344  0.0001425
19.330  0.9381651  0.0001440
19.350  0.9381650  0.0001414
19.370  0.9381879  0.0001430
19.390  0.9381917  0.0001406
19.410  0.9381887  0.0001424
19.430  0.9381966  0.0001439
19.450  0.9380769  0.0001415
19.470  0.9381924  0.0001432
19.490  0.9381861  0.0001411
19.510  0.9381864  0.0001442
19.530  0.9382007  0.0001421
19.550  0.9382120  0.0001435
19.570  0.9381847  0.0001433
19.590  0.9382259  0.0001436
19.610  0.9381751  0.0001419
19.630  0.9381536  0.0001410
19.650  0.9382380  0.0001417
19.670  0.9382297  0.0001420
19.690  0.9381715  0.0001451
19.710  0.9381866  0.0001410
19.730  0.9381872  0.0001412
19.750  0.9382905  0.0001414
19.770  0.9382176  0.0001427
19.790  0.9382397  0.0001418
19.810  0.9383121  0.0001415
19.830  0.9381397  0.0001431
19.850  0.9381232  0.0001434
19.870  0.9381250  0.0001429
19.890  0.9381755  0.0001429
19.910  0.9381486  0.0001421
19.930  0.9380636  0.0001413
19.950  0.9380335  0.0001439
19.970  0.9380427  0.0001443
19.990  0.9381220  0.0001431
20.010  0.9381943  0.0001423
20.030  0.9380861  0.0001438
20.050  0.9381417  0.0001433
20.070  0.9381394  0.0001428
20.090  0.9381921  0.0001407
20.110  0.9381570  0.0001435
20.130  0.9382520  0.0001412
20.150  0.9382169  0.0001407
20.170  0.9382251  0.0001421
20.190  0.9381798  0.0001437
20.210  0.9381993  0.0001415
20.230  0.9382861  0.0001442
20.250  0.9381540  0.0001439
20.270  0.9380467  0.0001436
20.290  0.9380699  0.0001436
20.310  0.9381123  0.0001416
20.330  0.9381341  0.0001424
20.350  0.9380683  0.0001417
20.370  0.9380459  0.0001453
20.390  0.9380574  0.0001441
20.410  0.9381214  0.0001419
20.430  0.9380612  0.0001419
20.450  0.9380705  0.0001433
20.470  0.9381183  0.0001425
20.490  0.9381270  0.0001403
20.510  0.9382610  0.0001422
20.530  0.9382469  0.0001408
20.550  0.9381377  0.0001421
20.570  0.9381279  0.0001418
20.590  0.9382167  0.0001411
20.610  0.9381826  0.0001430
20.630  0.9382299  0.0001436
20.650  0.9382843  0.0001431
20.670  0.9381378  0.0001414
20.690  0.9381654  0.0001454
20.710  0.9381234  0.0001420
20.730  0.9380835  0.0001432
20.750  0.9382392  0.0001440
20.770  0.9382110  0.0001440
20.790  0.9381705  0.0001416
20.810  0.9382454  0.0001437
20.830  0.9382017  0.0001415
20.850  0.9381856  0.0001403
20.870  0.9382310  0.0001428
20.890  0.9380354  0.0001422
20.910  0.9380447  0.0001418
20.930  0.9380447  0.0001438
20.950  0.9381773  0.0001415
20.970  0.9382328  0.0001413
20.990  0.9381992  0.0001432
21.010  0.9381853  0.0001408
21.030  0.9383538  0.0001412
21.050  0.9382196  0.0001396
21.070  0.9382871  0.0001420
21.090  0.9381880  0.0001438
21.110  0.9381570  0.0001422
21.130  0.9382312  0.0001390
21.150  0.9381296  0.0001418
21.170  0.9382052  0.0001413
21.190  0.9381762  0.0001413
21.210  0.9381274  0.0001436
21.230  0.9381134  0.0001413
21.250  0.9380876  0.0001419
21.270  0.9382422  0.0001436
21.290  0.9381601  0.0001420
21.310  0.9381436  0.0001431
21.330  0.9381469  0.0001436
21.350  0.9380014  0.0001422
21.370  0.9381356  0.0001416
21.390  0.9381778  0.0001432
21.410  0.9381094  0.0001411
21.430  0.9380991  0.0001421
21.450  0.9381443  0.0001419
21.470  0.9381651  0.0001416
21.490  0.9380764  0.0001425
21.510  0.9381393  0.0001434
21.530  0.9381910  0.0001416
21.550  0.9380855  0.0001435
21.570  0.9381209  0.0001415
21.590  0.9381223  0.0001433
21.610  0.9381528  0.0001429
21.630  0.9382039  0.0001441
21.650  0.9381696  0.0001436
21.670  0.9381598  0.0001416
21.690  0.9380818  0.0001429
21.710  0.9383140  0.0001423
21.730  0.9381767  0.0001426
21.750  0.9382207  0.0001438
21.770  0.9381117  0.0001421
21.790  0.9382156  0.0001439
21.810  0.9381999  0.0001436
21.830  0.9381203  0.0001439
21.850  0.9381775  0.0001416
21.870  0.9381065  0.0001399
21.890  0.9382168  0.0001437
21.910  0.9381313  0.0001426
21.930  0.9382428  0.0001449
21.950  0.9381193  0.0001415
21.970  0.9382358  0.0001412
21.990  0.9382494  0.0001435
22.010  0.9382079  0.0001423
22.030  0.9382831  0.0001416
22.050  0.9383194  0.0001432
22.070  0.9382617  0.0001432
22.090  0.9381574  0.0001421
22.110  0.9380991  0.0001415
22.130  0.9382462  0.0001426
22.150  0.9381351  0.0001423
22.170  0.9381717  0.0001432
22.190  0.9380814  0.0001427
22.210  0.9380926  0.0001428
22.230  0.9381608  0.0001411
22.250  0.9380182  0.0001428
22.270  0.9381683  0.0001439
22.290  0.9381697  0.0001429
22.310  0.9382481  0.0001411
22.330  0.9381242  0.0001426
22.350  0.9381410  0.0001423
22.370  0.9381622  0.0001417
22.390  0.9381202  0.0001428
22.410  0.9382246  0.0001420
22.430  0.9380976  0.0001421
22.450  0.9382244  0.0001433
22.470  0.9381508  0.0001418
22.490  0.9381537  0.0001431
22.510  0.9381408  0.0001430
22.530  0.9382849  0.0001423
22.550  0.9382159  0.0001422
22.570  0.9381129  0.0001430
22.590  0.9380695  0.0001433
22.610  0.9380740  0.0001432
22.630  0.9381498  0.0001446
22.650  0.9381379  0.0001442
22.670  0.9382027  0.0001429
22.690  0.9380494  0.0001456
22.710  0.9381659  0.0001431
22.730  0.9380379  0.0001442
22.750  0.9381214  0.0001404
22.770  0.9381829  0.0001418
22.790  0.9381445  0.0001440
22.810  0.9380795  0.0001409
22.830  0.9382559  0.0001418
22.850  0.9381679  0.0001406
22.870  0.9381658  0.0001431
22.890  0.9381182  0.0001468
22.910  0.9381625  0.0001418
22.930  0.9383088  0.0001444
22.950  0.9382263  0.0001433
22.970  0.9382426  0.0001411
22.990  0.9382124  0.0001438
23.010  0.9381507  0.0001419
23.030  0.9383342  0.0001445
23.050  0.9382403  0.0001425
23.070  0.9381091  0.0001448
23.090  0.9382456  0.0001436
23.110  0.9381622  0.0001429
23.130  0.9381799  0.0001423
23.150  0.9381541  0.0001451
23.170  0.9381960  0.0001419
23.190  0.9380784  0.0001452
23.210  0.9381273  0.0001413
23.230  0.9382064  0.0001412
23.250  0.9383095  0.0001408
23.270  0.9383369  0.0001423
23.290  0.9382118  0.0001423
23.310  0.9381270  0.0001427
23.330  0.9381592  0.0001402
23.350  0.9381197  0.0001424
23.370  0.9381386  0.0001427
23.390  0.9380931  0.0001438
23.410  0.9382108  0.0001450
23.430  0.9380667  0.0001445
23.450  0.9381671  0.0001438
23.470  0.9381639  0.0001428
23.490  0.9381857  0.0001426
23.510  0.9382013  0.0001419
23.530  0.9382383  0.0001427
23.550  0.9381701  0.0001417
23.570  0.9381363  0.0001426
23.590  0.9381039  0.0001425
23.610  0.9381604  0.0001430
23.630  0.9380384  0.0001418
23.650  0.9380711  0.0001416
23.670  0.9380879  0.0001397
23.690  0.9381240  0.0001432
23.710  0.9381141  0.0001407
23.730  0.9381286  0.0001455
23.750  0.9381412  0.0001427
23.770  0.9382177  0.0001415
23.790  0.9381528  0.0001418
23.810  0.9381589  0.0001437
23.830  0.9381651  0.0001420
23.850  0.9381895  0.0001424
23.870  0.9383031  0.0001433
23.890  0.9381333  0.0001451
23.910  0.9381338  0.0001420
23.930  0.9382455  0.0001426
23.950  0.9382629  0.0001410
23.970  0.9381764  0.0001424
23.990  0.9382096  0.0001423
24.010  0.9382164  0.0001432
24.030  0.9382106  0.0001418
24.050  0.9382030  0.0001419
24.070  0.9381861  0.0001428
24.090  0.9381798  0.0001442
24.110  0.9381079  0.0001421
24.130  0.9381401  0.0001432
24.150  0.9381841  0.0001419
24.170  0.9381469  0.0001402
24.190  0.9381475  0.0001417
24.210  0.9380838  0.0001434
24.230  0.9381997  0.0001407
24.250  0.9381825  0.0001459
24.270  0.9381753  0.0001419
24.290  0.9382493  0.0001418
24.310  0.9381414  0.0001432
24.330  0.9382061  0.0001412
24.350  0.9381505  0.0001441
24.370  0.9380437  0.0001402
24.390  0.9382056  0.0001421
24.410  0.9381054  0.0001430
24.430  0.9381764  0.0001409
24.450  0.9380929  0.0001419
24.470  0.9380631  0.0001404
24.490  0.9380864  0.0001418
24.510  0.9380980  0.0001413
24.530  0.9381523  0.0001422
24.550  0.9382195  0.0001430
24.570  0.9382404  0.0001419
24.590  0.9380929  0.0001426
24.610  0.9381529  0.0001411
24.630  0.9381279  0.0001450
24.650  0.9381419  0.0001429
24.670  0.9381696  0.0001426
24.690  0.9382525  0.0001441
24.710  0.9382122  0.0001455
24.730  0.9382925  0.0001437
24.750  0.9382765  0.0001430
24.770  0.9382923  0.0001423
24.790  0.9382489  0.0001435
24.810  0.9382144  0.0001468
24.830  0.9381828  0.0001429
24.850  0.9381135  0.0001418
24.870  0.9381572  0.0001450
24.890  0.9381297  0.0001426
24.910  0.9381633  0.0001418
24.930  0.9380800  0.0001419
24.950  0.9381007  0.0001426
24.970  0.9381592  0.0001432
24.990  0.9381818  0.0001431
25.010  0.9381125  0.0001425
25.030  0.9381479  0.0001412
25.050  0.9382013  0.0001440
25.070  0.9380883  0.0001399
25.090  0.9381212  0.0001428
25.110  0.9382527  0.0001441
25.130  0.9382471  0.0001426
25.150  0.9382309  0.0001455
25.170  0.9380761  0.0001422
25.190  0.9381775  0.0001417
25.210  0.9381213  0.0001403
25.230  0.9381803  0.0001419
25.250  0.9382608  0.0001435
25.270  0.9381468  0.0001420
25.290  0.9380764  0.0001433
25.310  0.9382316  0.0001421
25.330  0.9380395  0.0001419
25.350  0.9381154  0.0001409
25.370  0.9381233  0.0001406
25.390  0.9381227  0.0001410
25.410  0.9381020  0.0001436
25.430  0.9381115  0.0001423
25.450  0.9381715  0.0001434
25.470  0.9381609  0.0001422
25.490  0.9381796  0.0001413
25.510  0.9381517  0.0001407
25.530  0.9381625  0.0001412
25.550  0.9382595  0.0001429
25.570  0.9380737  0.0001406
25.590  0.9380978  0.0001426
25.610  0.9381482  0.0001430
25.630  0.9381671  0.0001444
25.650  0.9382265  0.0001452
25.670  0.9380823  0.0001467
25.690  0.9381355  0.0001429
25.710  0.9381092  0.0001410
25.730  0.9382589  0.0001423
25.750  0.9381931  0.0001443
25.770  0.9381998  0.0001414
25.790  0.9381070  0.0001419
25.810  0.9381515  0.0001454
25.830  0.9382197  0.0001444
25.850  0.9381740  0.0001438
25.870  0.9381517  0.0001446
25.890  0.9381970  0.0001428
25.910  0.9382422  0.0001464
25.930  0.9382292  0.0001422
25.950  0.9382649  0.0001459
25.970  0.9382140  0.0001441
25.990  0.9382094  0.0001435
26.010  0.9382225  0.0001450
26.030  0.9381939  0.0001436
26.050  0.9382017  0.0001421
26.070  0.9380896  0.0001449
26.090  0.9380892  0.0001441
26.110  0.9381043  0.0001438
26.130  0.9380815  0.0001434
26.150  0.9381079  0.0001436
26.170  0.9381013  0.0001436
26.190  0.9380829  0.0001427
26.210  0.9380998  0.0001432
26.230  0.9381955  0.0001412
26.250  0.9382089  0.0001425
26.270  0.9380232  0.0001407
26.290  0.9380449  0.0001425
26.310  0.9381185  0.0001410
26.330  0.9380838  0.0001418
26.350  0.9380399  0.0001422
26.370  0.9381755  0.0001437
26.390  0.9381692  0.0001409
26.410  0.9382139  0.0001448
26.430  0.9381435  0.0001440
26.450  0.9382274  0.0001438
26.470  0.9382136  0.0001448
26.490  0.9382480  0.0001440
26.510  0.9382185  0.0001422
26.530  0.9381696  0.0001413
26.550  0.9381918  0.0001416
26.570  0.9381547  0.0001424
26.590  0.9381872  0.0001410
26.610  0.9382163  0.0001416
26.630  0.9382031  0.0001433
26.650  0.9382265  0.0001431
26.670  0.9382252  0.0001424
26.690  0.9382988  0.0001437
26.710  0.9380036  0.0001434
26.730  0.9382231  0.0001427
26.750  0.9381781  0.0001423
26.770  0.9382365  0.0001435
26.790  0.9381113  0.0001414
26.810  0.9381201  0.0001430
26.830  0.9381643  0.0001423
26.850  0.9381937  0.0001436
26.870  0.9382254  0.0001419
26.890  0.9382041  0.0001436
26.910  0.9381737  0.0001423
26.930  0.9382242  0.0001421
26.950  0.9381722  0.0001425
26.970  0.9382276  0.0001422
26.990  0.9380672  0.0001454
27.010  0.9382024  0.0001446
27.030  0.9381195  0.0001434
27.050  0.9381603  0.0001427
27.070  0.9381382  0.0001435
27.090  0.9381880  0.0001436
27.110  0.9381319  0.0001456
27.130  0.9380651  0.0001406
27.150  0.9381015  0.0001433
27.170  0.9380894  0.0001443
27.190  0.9381462  0.0001445
27.210  0.9381808  0.0001442
27.230  0.9381829  0.0001438
27.250  0.9381424  0.0001415
27.270  0.9382184  0.0001434
27.290  0.9381448  0.0001438
27.310  0.9382396  0.0001452
27.330  0.9381732  0.0001406
27.350  0.9381259  0.0001428
27.370  0.9381028  0.0001440
27.390  0.9381752  0.0001421
27.410  0.9382564  0.0001448
27.430  0.9382929  0.0001426
27.450  0.9382405  0.0001425
27.470  0.9381446  0.0001422
27.490  0.9382101  0.0001437
27.510  0.9380987  0.0001412
27.530  0.9381240  0.0001449
27.550  0.9381405  0.0001414
27.570  0.9381829  0.0001433
27.590  0.9380280  0.0001410
27.610  0.9380979  0.0001389
27.630  0.9381325  0.0001426
27.650  0.9381816  0.0001395
27.670  0.9382306  0.0001416
27.690  0.9381206  0.0001431
27.710  0.9381522  0.0001443
27.730  0.9381542  0.0001423
27.750  0.9382994  0.0001440
27.770  0.9381709  0.0001412
27.790  0.9382565  0.0001408
27.810  0.9381626  0.0001420
27.830  0.9382453  0.0001416
27.850  0.9380884  0.0001441
27.870  0.9382236  0.0001427
27.890  0.9382298  0.0001413
27.910  0.9380278  0.0001422
27.930  0.9383185  0.0001436
27.950  0.9381841  0.0001415
27.970  0.9382117  0.0001410
27.990  0.9382218  0.0001419
28.010  0.9381615  0.0001431
28.030  0.9381706  0.0001388
28.050  0.9381219  0.0001436
28.070  0.9381436  0.0001415
28.090  0.9382461  0.0001423
28.110  0.9382023  0.0001415
28.130  0.9382725  0.0001446
28.150  0.9381345  0.0001406
28.170  0.9381552  0.0001409
28.190  0.9381652  0.0001416
28.210  0.9381103  0.0001428
28.230  0.9381156  0.0001439
28.250  0.9380562  0.0001428
28.270  0.9381274  0.0001443
28.290  0.9381468  0.0001466
28.310  0.9381538  0.0001422
28.330  0.9380918  0.0001451
28.350  0.9380521  0.0001420
28.370  0.9380905  0.0001430
28.390  0.9380881  0.0001423
28.410  0.9380477  0.0001440
28.430  0.9381651  0.0001436
28.450  0.9381250  0.0001437
28.470  0.9381713  0.0001433
28.490  0.9381915  0.0001430
28.510  0.9381490  0.0001429
28.530  0.9381988  0.0001435
28.550  0.9382117  0.0001410
28.570  0.9381573  0.0001418
28.590  0.9381795  0.0001431
28.610  0.9381739  0.0001426
28.630  0.9381061  0.0001417
28.650  0.9382191  0.0001414
28.670  0.9383027  0.0001434
28.690  0.9382427  0.0001418
28.710  0.9381388  0.0001426
28.730  0.9383324  0.0001439
28.750  0.9382292  0.0001462
28.770  0.9381588  0.0001434
28.790  0.9382542  0.0001450
28.810  0.9382471  0.0001410
28.830  0.9382091  0.0001430
28.850  0.9381636  0.0001414
28.870  0.9382621  0.0001449
28.890  0.9382596  0.0001419
28.910  0.9382678  0.0001433
28.930  0.9381248  0.0001416
28.950  0.9381300  0.0001405
28.970  0.9381303  0.0001411
28.990  0.9381165  0.0001408
29.010  0.9381939  0.0001416
29.030  0.9380961  0.0001449
29.050  0.9381425  0.0001418
29.070  0.9380794  0.0001419
29.090  0.9381946  0.0001411
29.110  0.9381225  0.0001443
29.130  0.9381647  0.0001420
29.150  0.9380008  0.0001415
29.170  0.9381622  0.0001451
29.190  0.9380661  0.0001418
29.210  0.9380529  0.0001451
29.230  0.9380214  0.0001456
29.250  0.9381313  0.0001463
29.270  0.9381926  0.0001457
29.290  0.9381557  0.0001412
29.310  0.9381162  0.0001421
29.330  0.9381601  0.0001428
29.350  0.9381754  0.0001438
29.370  0.9380990  0.0001406
29.390  0.9380978  0.0001434
29.410  0.9381986  0.0001417
29.430  0.9383136  0.0001414
29.450  0.9382096  0.0001391
29.470  0.9382167  0.0001388
29.490  0.9381481  0.0001413
29.510  0.9382903  0.0001381
29.530  0.9382346  0.0001388
29.550  0.9382335  0.0001428
29.570  0.9380418  0.0001416
29.590  0.9381304  0.0001437
29.610  0.9380760  0.0001445
29.630  0.9381554  0.0001444
29.650  0.9381167  0.0001434
29.670  0.9382708  0.0001440
29.690  0.9382422  0.0001442
29.710  0.9382807  0.0001417
29.730  0.9382598  0.0001449
29.750  0.9382039  0.0001438
29.770  0.9383533  0.0001434
29.790  0.9382852  0.0001444
29.810  0.9383367  0.0001423
29.830  0.9382232  0.0001417
29.850  0.9382430  0.0001385
29.870  0.9381573  0.0001403
29.890  0.9381177  0.0001409
29.910  0.9381463  0.0001393
29.930  0.9381791  0.0001411
29.950  0.9381063  0.0001426
29.970  0.9380427  0.0001406
29.990  0.9380587  0.0001404
30.010  0.9380251  0.0001413
30.030  0.9380078  0.0001428
30.050  0.9381288  0.0001454
30.070  0.9380285  0.0001470
30.090  0.9380692  0.0001458
30.110  0.9381106  0.0001478
30.130  0.9380834  0.0001450
30.150  0.9381339  0.0001464
30.170  0.9381583  0.0001459
30.190  0.9380182  0.0001442
30.210  0.9382398  0.0001444
30.230  0.9382555  0.0001415
30.250  0.9382097  0.0001398
30.270  0.9382139  0.0001419
30.290  0.9382092  0.0001406
30.310  0.9381514  0.0001399
30.330  0.9381042  0.0001387
30.350  0.9381474  0.0001390
30.370  0.9379865  0.0001395
30.390  0.9380701  0.0001411
30.410  0.9380643  0.0001412
30.430  0.9382087  0.0001425
30.450  0.9383301  0.0001417
30.470  0.9381825  0.0001432
30.490  0.9382722  0.0001462
30.510  0.9382465  0.0001456
30.530  0.9382456  0.0001471
30.550  0.9382172  0.0001450
30.570  0.9381145  0.0001474
30.590  0.9382725  0.0001454
30.610  0.9382842  0.0001431
30.630  0.9382315  0.0001471
30.650  0.9382607  0.0001445
30.670  0.9382416  0.0001423
30.690  0.9382204  0.0001402
30.710  0.9383187  0.0001376
30.730  0.9381338  0.0001387
30.750  0.9381710  0.0001367
30.770  0.9381910  0.0001376
30.790  0.9381084  0.0001387
30.810  0.9383313  0.0001361
30.830  0.9381004  0.0001379
30.850  0.9381851  0.0001401
30.870  0.9381816  0.0001413
30.890  0.9381346  0.0001444
30.910  0.9381930  0.0001472
30.930  0.9380044  0.0001474
30.950  0.9380825  0.0001489
30.970  0.9379693  0.0001481
30.990  0.9380180  0.0001499
31.010  0.9380386  0.0001489
31.030  0.9379665  0.0001471
31.050  0.9381289  0.0001479
31.070  0.9380943  0.0001445
31.090  0.9381069  0.0001427
31.110  0.9380595  0.0001419
31.130  0.9381809  0.0001415
31.150  0.9381422  0.0001403
31.170  0.9382279  0.0001402
31.190  0.9380623  0.0001369
31.210  0.9382012  0.0001387
31.230  0.9382752  0.0001382
31.250  0.9382040  0.0001354
31.270  0.9382671  0.0001347
31.290  0.9382148  0.0001373
31.310  0.9381804  0.0001406
31.330  0.9381639  0.0001426
31.350  0.9381297  0.0001452
31.370  0.9381535  0.0001465
31.390  0.9382384  0.0001489
31.410  0.9382273  0.0001498
31.430  0.9381146  0.0001514
31.450  0.9381507  0.0001535
31.470  0.9382397  0.0001529
31.490  0.9381660  0.0001546
31.510  0.9382958  0.0001496
31.530  0.9382454  0.0001485
31.550  0.9383205  0.0001435
31.570  0.9381555  0.0001431
31.590  0.9381915  0.0001390
31.610  0.9381494  0.0001357
31.630  0.9381184  0.0001316
31.650  0.9381823  0.0001357
31.670  0.9381766  0.0001321
31.690  0.9381182  0.0001330
31.710  0.9381141  0.0001323
31.730  0.9381843  0.0001353
31.750  0.9382797  0.0001400
31.770  0.9381460  0.0001411
31.790  0.9381314  0.0001456
31.810  0.9382249  0.0001497
31.830  0.9381503  0.0001497
31.850  0.9380910  0.0001553
31.870  0.9381028  0.0001539
31.890  0.9379981  0.0001545
31.910  0.9380766  0.0001556
31.930  0.9380366  0.0001516
31.950  0.9380679  0.0001508
31.970  0.9381443  0.0001511
31.990  0.9381072  0.0001497
32.010  0.9380523  0.0001423
32.030  0.9380402  0.0001380
32.050  0.9380759  0.0001359
32.070  0.9381220  0.0001342
32.090  0.9381229  0.0001296
32.110  0.9381912  0.0001265
32.130  0.9381410  0.0001282
32.150  0.9382222  0.0001264
32.170  0.9382389  0.0001266
32.190  0.9382144  0.0001293
32.210  0.9382691  0.0001348
32.230  0.9381904  0.0001392
32.250  0.9381885  0.0001446
32.270  0.9381851  0.0001530
32.290  0.9382052  0.0001570
32.310  0.9382203  0.0001584
32.330  0.9381993  0.0001626
32.350  0.9381225  0.0001590
32.370  0.9382334  0.0001572
32.390  0.9382896  0.0001542
32.410  0.9382082  0.0001529
32.430  0.9383174  0.0001468
32.450  0.9381451  0.0001449
32.470  0.9382364  0.0001369
32.490  0.9382202  0.0001349
32.510  0.9382242  0.0001314
32.530  0.9382084  0.0001298
32.550  0.9382638  0.0001267
32.570  0.9382609  0.0001242
32.590  0.9381713  0.0001237
32.610  0.9381302  0.0001257
32.630  0.9381553  0.0001244
32.650  0.9380421  0.0001253
32.670  0.9380440  0.0001339
32.690  0.9379679  0.0001380
32.710  0.9381752  0.0001427
32.730  0.9381049  0.0001498
32.750  0.9381232  0.0001572
32.770  0.9380766  0.0001483
