% Density Profile of Hard Spheres at a Hard Flat Wall: rho(z), rho(z < 0.5) = 0
% Bulk density: rho (95% CI) = 0.30466521(0.00000061)
%
% rho_i is the average density in the interval [z_i-0.01, z_i+0.01]
%
%  z_i    rho_i     95% CI 
 0.510  0.5972208  0.0000181
 0.530  0.5791950  0.0000172
 0.550  0.5618180  0.0000164
 0.570  0.5450907  0.0000157
 0.590  0.5290017  0.0000147
 0.610  0.5135312  0.0000142
 0.630  0.4986669  0.0000136
 0.650  0.4844148  0.0000132
 0.670  0.4707404  0.0000126
 0.690  0.4576453  0.0000121
 0.710  0.4451040  0.0000117
 0.730  0.4331074  0.0000115
 0.750  0.4216451  0.0000109
 0.770  0.4107057  0.0000107
 0.790  0.4002876  0.0000104
 0.810  0.3903413  0.0000101
 0.830  0.3808953  0.0000099
 0.850  0.3718978  0.0000095
 0.870  0.3633787  0.0000095
 0.890  0.3552950  0.0000092
 0.910  0.3476528  0.0000089
 0.930  0.3404265  0.0000090
 0.950  0.3336262  0.0000087
 0.970  0.3272296  0.0000086
 0.990  0.3212309  0.0000085
 1.010  0.3156155  0.0000084
 1.030  0.3103807  0.0000080
 1.050  0.3055219  0.0000081
 1.070  0.3010246  0.0000080
 1.090  0.2969047  0.0000079
 1.110  0.2931301  0.0000079
 1.130  0.2897126  0.0000079
 1.150  0.2866452  0.0000079
 1.170  0.2839219  0.0000078
 1.190  0.2815505  0.0000076
 1.210  0.2795174  0.0000078
 1.230  0.2778338  0.0000077
 1.250  0.2764886  0.0000076
 1.270  0.2755013  0.0000076
 1.290  0.2748549  0.0000078
 1.310  0.2745634  0.0000076
 1.330  0.2746328  0.0000075
 1.350  0.2750638  0.0000076
 1.370  0.2758602  0.0000077
 1.390  0.2770293  0.0000078
 1.410  0.2785829  0.0000078
 1.430  0.2805219  0.0000079
 1.450  0.2828266  0.0000080
 1.470  0.2855104  0.0000079
 1.490  0.2885778  0.0000082
 1.510  0.2918999  0.0000080
 1.530  0.2949856  0.0000084
 1.550  0.2977537  0.0000083
 1.570  0.3002193  0.0000083
 1.590  0.3023948  0.0000086
 1.610  0.3043050  0.0000086
 1.630  0.3059508  0.0000085
 1.650  0.3073660  0.0000086
 1.670  0.3085772  0.0000088
 1.690  0.3095738  0.0000086
 1.710  0.3103952  0.0000088
 1.730  0.3110450  0.0000087
 1.750  0.3115423  0.0000087
 1.770  0.3118923  0.0000086
 1.790  0.3121186  0.0000089
 1.810  0.3122193  0.0000086
 1.830  0.3122308  0.0000086
 1.850  0.3121433  0.0000086
 1.870  0.3119760  0.0000086
 1.890  0.3117429  0.0000086
 1.910  0.3114441  0.0000085
 1.930  0.3110901  0.0000086
 1.950  0.3106895  0.0000085
 1.970  0.3102668  0.0000085
 1.990  0.3098115  0.0000086
 2.010  0.3093372  0.0000087
 2.030  0.3088454  0.0000085
 2.050  0.3083524  0.0000085
 2.070  0.3078618  0.0000085
 2.090  0.3073624  0.0000084
 2.110  0.3068837  0.0000083
 2.130  0.3064118  0.0000084
 2.150  0.3059530  0.0000081
 2.170  0.3055305  0.0000084
 2.190  0.3051255  0.0000083
 2.210  0.3047497  0.0000083
 2.230  0.3043953  0.0000083
 2.250  0.3040744  0.0000084
 2.270  0.3037912  0.0000082
 2.290  0.3035452  0.0000082
 2.310  0.3033273  0.0000081
 2.330  0.3031523  0.0000082
 2.350  0.3030156  0.0000081
 2.370  0.3029102  0.0000082
 2.390  0.3028397  0.0000081
 2.410  0.3027980  0.0000082
 2.430  0.3027837  0.0000082
 2.450  0.3028094  0.0000081
 2.470  0.3028583  0.0000082
 2.490  0.3029264  0.0000082
 2.510  0.3030181  0.0000083
 2.530  0.3031212  0.0000082
 2.550  0.3032463  0.0000083
 2.570  0.3033686  0.0000082
 2.590  0.3034992  0.0000085
 2.610  0.3036407  0.0000083
 2.630  0.3037618  0.0000084
 2.650  0.3039132  0.0000083
 2.670  0.3040408  0.0000083
 2.690  0.3041642  0.0000084
 2.710  0.3042770  0.0000084
 2.730  0.3043948  0.0000084
 2.750  0.3045086  0.0000082
 2.770  0.3046000  0.0000082
 2.790  0.3046878  0.0000084
 2.810  0.3047672  0.0000084
 2.830  0.3048348  0.0000083
 2.850  0.3048967  0.0000083
 2.870  0.3049497  0.0000082
 2.890  0.3049951  0.0000082
 2.910  0.3050347  0.0000083
 2.930  0.3050499  0.0000082
 2.950  0.3050811  0.0000084
 2.970  0.3050968  0.0000082
 2.990  0.3051001  0.0000084
 3.010  0.3050982  0.0000083
 3.030  0.3050985  0.0000083
 3.050  0.3050813  0.0000085
 3.070  0.3050602  0.0000085
 3.090  0.3050433  0.0000083
 3.110  0.3050268  0.0000082
 3.130  0.3049968  0.0000084
 3.150  0.3049709  0.0000082
 3.170  0.3049425  0.0000084
 3.190  0.3049064  0.0000084
 3.210  0.3048776  0.0000082
 3.230  0.3048547  0.0000082
 3.250  0.3048214  0.0000084
 3.270  0.3047871  0.0000083
 3.290  0.3047635  0.0000083
 3.310  0.3047370  0.0000083
 3.330  0.3047079  0.0000083
 3.350  0.3046853  0.0000082
 3.370  0.3046670  0.0000082
 3.390  0.3046442  0.0000083
 3.410  0.3046324  0.0000083
 3.430  0.3046079  0.0000083
 3.450  0.3045928  0.0000082
 3.470  0.3045866  0.0000082
 3.490  0.3045737  0.0000082
 3.510  0.3045659  0.0000083
 3.530  0.3045686  0.0000082
 3.550  0.3045569  0.0000083
 3.570  0.3045589  0.0000081
 3.590  0.3045599  0.0000083
 3.610  0.3045629  0.0000084
 3.630  0.3045612  0.0000082
 3.650  0.3045740  0.0000084
 3.670  0.3045753  0.0000084
 3.690  0.3045745  0.0000082
 3.710  0.3045888  0.0000082
 3.730  0.3045871  0.0000083
 3.750  0.3045974  0.0000083
 3.770  0.3046043  0.0000083
 3.790  0.3046135  0.0000082
 3.810  0.3046233  0.0000083
 3.830  0.3046256  0.0000082
 3.850  0.3046321  0.0000083
 3.870  0.3046449  0.0000082
 3.890  0.3046457  0.0000082
 3.910  0.3046581  0.0000082
 3.930  0.3046646  0.0000083
 3.950  0.3046640  0.0000083
 3.970  0.3046734  0.0000082
 3.990  0.3046747  0.0000083
 4.010  0.3046803  0.0000084
 4.030  0.3046847  0.0000082
 4.050  0.3046853  0.0000082
 4.070  0.3046897  0.0000083
 4.090  0.3046905  0.0000083
 4.110  0.3046867  0.0000083
 4.130  0.3046899  0.0000081
 4.150  0.3046845  0.0000082
 4.170  0.3046944  0.0000082
 4.190  0.3046877  0.0000082
 4.210  0.3046846  0.0000083
 4.230  0.3046883  0.0000082
 4.250  0.3046957  0.0000082
 4.270  0.3046884  0.0000083
 4.290  0.3046845  0.0000083
 4.310  0.3046859  0.0000082
 4.330  0.3046802  0.0000082
 4.350  0.3046785  0.0000083
 4.370  0.3046801  0.0000081
 4.390  0.3046858  0.0000082
 4.410  0.3046760  0.0000083
 4.430  0.3046683  0.0000082
 4.450  0.3046702  0.0000083
 4.470  0.3046664  0.0000082
 4.490  0.3046652  0.0000082
 4.510  0.3046587  0.0000082
 4.530  0.3046632  0.0000082
 4.550  0.3046641  0.0000084
 4.570  0.3046600  0.0000083
 4.590  0.3046608  0.0000082
 4.610  0.3046638  0.0000082
 4.630  0.3046592  0.0000083
 4.650  0.3046609  0.0000083
 4.670  0.3046594  0.0000082
 4.690  0.3046586  0.0000082
 4.710  0.3046581  0.0000083
 4.730  0.3046613  0.0000083
 4.750  0.3046551  0.0000082
 4.770  0.3046577  0.0000081
 4.790  0.3046531  0.0000081
 4.810  0.3046533  0.0000081
 4.830  0.3046547  0.0000083
 4.850  0.3046481  0.0000082
 4.870  0.3046574  0.0000083
 4.890  0.3046537  0.0000083
 4.910  0.3046608  0.0000081
 4.930  0.3046604  0.0000083
 4.950  0.3046597  0.0000081
 4.970  0.3046563  0.0000082
 4.990  0.3046587  0.0000082
 5.010  0.3046615  0.0000081
 5.030  0.3046668  0.0000080
 5.050  0.3046638  0.0000082
 5.070  0.3046627  0.0000081
 5.090  0.3046645  0.0000082
 5.110  0.3046648  0.0000080
 5.130  0.3046618  0.0000081
 5.150  0.3046596  0.0000082
 5.170  0.3046682  0.0000081
 5.190  0.3046713  0.0000080
 5.210  0.3046626  0.0000082
 5.230  0.3046653  0.0000081
 5.250  0.3046665  0.0000083
 5.270  0.3046655  0.0000081
 5.290  0.3046647  0.0000083
 5.310  0.3046626  0.0000081
 5.330  0.3046687  0.0000083
 5.350  0.3046618  0.0000080
 5.370  0.3046684  0.0000082
 5.390  0.3046645  0.0000081
 5.410  0.3046667  0.0000081
 5.430  0.3046693  0.0000082
 5.450  0.3046655  0.0000081
 5.470  0.3046678  0.0000081
 5.490  0.3046636  0.0000081
 5.510  0.3046630  0.0000082
 5.530  0.3046652  0.0000082
 5.550  0.3046658  0.0000081
 5.570  0.3046653  0.0000082
 5.590  0.3046643  0.0000081
 5.610  0.3046607  0.0000082
 5.630  0.3046673  0.0000081
 5.650  0.3046572  0.0000081
 5.670  0.3046570  0.0000081
 5.690  0.3046660  0.0000080
 5.710  0.3046645  0.0000083
 5.730  0.3046655  0.0000082
 5.750  0.3046646  0.0000080
 5.770  0.3046648  0.0000080
 5.790  0.3046587  0.0000081
 5.810  0.3046621  0.0000081
 5.830  0.3046614  0.0000080
 5.850  0.3046661  0.0000080
 5.870  0.3046644  0.0000082
 5.890  0.3046692  0.0000083
 5.910  0.3046626  0.0000081
 5.930  0.3046620  0.0000081
 5.950  0.3046725  0.0000082
 5.970  0.3046729  0.0000081
 5.990  0.3046651  0.0000082
 6.010  0.3046643  0.0000081
 6.030  0.3046619  0.0000081
 6.050  0.3046643  0.0000081
 6.070  0.3046686  0.0000082
 6.090  0.3046645  0.0000082
 6.110  0.3046631  0.0000081
 6.130  0.3046674  0.0000081
 6.150  0.3046612  0.0000082
 6.170  0.3046639  0.0000080
 6.190  0.3046654  0.0000082
 6.210  0.3046601  0.0000081
 6.230  0.3046641  0.0000082
 6.250  0.3046595  0.0000081
 6.270  0.3046643  0.0000080
 6.290  0.3046708  0.0000081
 6.310  0.3046657  0.0000081
 6.330  0.3046643  0.0000083
 6.350  0.3046638  0.0000080
 6.370  0.3046683  0.0000080
 6.390  0.3046551  0.0000079
 6.410  0.3046595  0.0000080
 6.430  0.3046643  0.0000081
 6.450  0.3046681  0.0000081
 6.470  0.3046616  0.0000080
 6.490  0.3046617  0.0000079
 6.510  0.3046652  0.0000081
 6.530  0.3046625  0.0000080
 6.550  0.3046665  0.0000082
 6.570  0.3046557  0.0000081
 6.590  0.3046616  0.0000079
 6.610  0.3046656  0.0000082
 6.630  0.3046620  0.0000080
 6.650  0.3046567  0.0000082
 6.670  0.3046547  0.0000082
 6.690  0.3046552  0.0000081
 6.710  0.3046665  0.0000081
 6.730  0.3046634  0.0000080
 6.750  0.3046666  0.0000082
 6.770  0.3046739  0.0000083
 6.790  0.3046609  0.0000082
 6.810  0.3046617  0.0000081
 6.830  0.3046652  0.0000081
 6.850  0.3046701  0.0000081
 6.870  0.3046664  0.0000081
 6.890  0.3046701  0.0000082
 6.910  0.3046700  0.0000082
 6.930  0.3046676  0.0000082
 6.950  0.3046632  0.0000081
 6.970  0.3046610  0.0000082
 6.990  0.3046681  0.0000079
 7.010  0.3046653  0.0000081
 7.030  0.3046625  0.0000082
 7.050  0.3046654  0.0000082
 7.070  0.3046668  0.0000081
 7.090  0.3046661  0.0000081
 7.110  0.3046682  0.0000081
 7.130  0.3046706  0.0000080
 7.150  0.3046718  0.0000079
 7.170  0.3046735  0.0000080
 7.190  0.3046701  0.0000079
 7.210  0.3046709  0.0000078
 7.230  0.3046669  0.0000080
 7.250  0.3046712  0.0000081
 7.270  0.3046655  0.0000081
 7.290  0.3046686  0.0000080
 7.310  0.3046663  0.0000080
 7.330  0.3046659  0.0000080
 7.350  0.3046666  0.0000081
 7.370  0.3046666  0.0000082
 7.390  0.3046588  0.0000081
 7.410  0.3046696  0.0000080
 7.430  0.3046665  0.0000081
 7.450  0.3046646  0.0000080
 7.470  0.3046679  0.0000080
 7.490  0.3046632  0.0000080
 7.510  0.3046661  0.0000083
 7.530  0.3046576  0.0000080
 7.550  0.3046649  0.0000081
 7.570  0.3046605  0.0000081
 7.590  0.3046685  0.0000081
 7.610  0.3046584  0.0000081
 7.630  0.3046620  0.0000081
 7.650  0.3046565  0.0000080
 7.670  0.3046572  0.0000080
 7.690  0.3046610  0.0000080
 7.710  0.3046581  0.0000082
 7.730  0.3046580  0.0000081
 7.750  0.3046646  0.0000080
 7.770  0.3046607  0.0000080
 7.790  0.3046625  0.0000080
 7.810  0.3046642  0.0000080
 7.830  0.3046590  0.0000081
 7.850  0.3046632  0.0000081
 7.870  0.3046662  0.0000080
 7.890  0.3046654  0.0000081
 7.910  0.3046656  0.0000080
 7.930  0.3046651  0.0000078
 7.950  0.3046656  0.0000081
 7.970  0.3046658  0.0000080
 7.990  0.3046642  0.0000079
 8.010  0.3046684  0.0000079
 8.030  0.3046694  0.0000080
 8.050  0.3046747  0.0000080
 8.070  0.3046715  0.0000080
 8.090  0.3046707  0.0000080
 8.110  0.3046656  0.0000079
 8.130  0.3046694  0.0000080
 8.150  0.3046685  0.0000080
 8.170  0.3046683  0.0000081
 8.190  0.3046634  0.0000080
 8.210  0.3046663  0.0000080
 8.230  0.3046668  0.0000080
 8.250  0.3046689  0.0000082
 8.270  0.3046655  0.0000079
 8.290  0.3046654  0.0000079
 8.310  0.3046683  0.0000079
 8.330  0.3046580  0.0000079
 8.350  0.3046688  0.0000079
 8.370  0.3046613  0.0000081
 8.390  0.3046606  0.0000081
 8.410  0.3046623  0.0000081
 8.430  0.3046623  0.0000079
 8.450  0.3046661  0.0000080
 8.470  0.3046626  0.0000080
 8.490  0.3046723  0.0000079
 8.510  0.3046635  0.0000080
 8.530  0.3046660  0.0000080
 8.550  0.3046639  0.0000079
 8.570  0.3046612  0.0000080
 8.590  0.3046626  0.0000080
 8.610  0.3046623  0.0000079
 8.630  0.3046642  0.0000080
 8.650  0.3046675  0.0000079
 8.670  0.3046631  0.0000080
 8.690  0.3046649  0.0000079
 8.710  0.3046551  0.0000079
 8.730  0.3046613  0.0000080
 8.750  0.3046589  0.0000080
 8.770  0.3046601  0.0000081
 8.790  0.3046596  0.0000080
 8.810  0.3046644  0.0000081
 8.830  0.3046706  0.0000081
 8.850  0.3046688  0.0000082
 8.870  0.3046628  0.0000080
 8.890  0.3046621  0.0000080
 8.910  0.3046657  0.0000079
 8.930  0.3046686  0.0000079
 8.950  0.3046642  0.0000080
 8.970  0.3046642  0.0000082
 8.990  0.3046630  0.0000079
 9.010  0.3046630  0.0000080
 9.030  0.3046614  0.0000081
 9.050  0.3046680  0.0000081
 9.070  0.3046708  0.0000081
 9.090  0.3046714  0.0000080
 9.110  0.3046694  0.0000081
 9.130  0.3046675  0.0000079
 9.150  0.3046653  0.0000079
 9.170  0.3046712  0.0000079
 9.190  0.3046655  0.0000080
 9.210  0.3046637  0.0000080
 9.230  0.3046706  0.0000080
 9.250  0.3046634  0.0000080
 9.270  0.3046686  0.0000079
 9.290  0.3046665  0.0000080
 9.310  0.3046723  0.0000080
 9.330  0.3046733  0.0000080
 9.350  0.3046700  0.0000080
 9.370  0.3046623  0.0000080
 9.390  0.3046681  0.0000082
 9.410  0.3046622  0.0000080
 9.430  0.3046619  0.0000079
 9.450  0.3046598  0.0000078
 9.470  0.3046637  0.0000081
 9.490  0.3046677  0.0000081
 9.510  0.3046612  0.0000081
 9.530  0.3046668  0.0000079
 9.550  0.3046651  0.0000081
 9.570  0.3046619  0.0000080
 9.590  0.3046662  0.0000080
 9.610  0.3046640  0.0000079
 9.630  0.3046632  0.0000081
 9.650  0.3046607  0.0000080
 9.670  0.3046648  0.0000079
 9.690  0.3046664  0.0000079
 9.710  0.3046662  0.0000080
 9.730  0.3046686  0.0000080
 9.750  0.3046646  0.0000080
 9.770  0.3046668  0.0000080
 9.790  0.3046635  0.0000079
 9.810  0.3046566  0.0000079
 9.830  0.3046681  0.0000079
 9.850  0.3046626  0.0000080
 9.870  0.3046672  0.0000079
 9.890  0.3046703  0.0000080
 9.910  0.3046644  0.0000079
 9.930  0.3046602  0.0000079
 9.950  0.3046662  0.0000080
 9.970  0.3046669  0.0000078
 9.990  0.3046646  0.0000080
10.010  0.3046612  0.0000078
10.030  0.3046677  0.0000079
10.050  0.3046627  0.0000081
10.070  0.3046639  0.0000080
10.090  0.3046617  0.0000079
10.110  0.3046599  0.0000079
10.130  0.3046648  0.0000081
10.150  0.3046582  0.0000080
10.170  0.3046594  0.0000078
10.190  0.3046680  0.0000080
10.210  0.3046700  0.0000079
10.230  0.3046600  0.0000079
10.250  0.3046613  0.0000079
10.270  0.3046596  0.0000079
10.290  0.3046666  0.0000080
10.310  0.3046694  0.0000079
10.330  0.3046659  0.0000079
10.350  0.3046621  0.0000079
10.370  0.3046664  0.0000080
10.390  0.3046647  0.0000078
10.410  0.3046620  0.0000080
10.430  0.3046594  0.0000079
10.450  0.3046645  0.0000079
10.470  0.3046701  0.0000079
10.490  0.3046651  0.0000081
10.510  0.3046622  0.0000079
10.530  0.3046645  0.0000079
10.550  0.3046579  0.0000078
10.570  0.3046648  0.0000079
10.590  0.3046647  0.0000079
10.610  0.3046684  0.0000078
10.630  0.3046719  0.0000078
10.650  0.3046656  0.0000079
10.670  0.3046689  0.0000079
10.690  0.3046590  0.0000079
10.710  0.3046634  0.0000079
10.730  0.3046634  0.0000079
10.750  0.3046645  0.0000079
10.770  0.3046681  0.0000079
10.790  0.3046627  0.0000079
10.810  0.3046608  0.0000079
10.830  0.3046703  0.0000080
10.850  0.3046635  0.0000078
10.870  0.3046689  0.0000079
10.890  0.3046706  0.0000079
10.910  0.3046608  0.0000080
10.930  0.3046625  0.0000078
10.950  0.3046634  0.0000078
10.970  0.3046710  0.0000079
10.990  0.3046660  0.0000079
11.010  0.3046660  0.0000079
11.030  0.3046656  0.0000080
11.050  0.3046666  0.0000080
11.070  0.3046745  0.0000079
11.090  0.3046661  0.0000079
11.110  0.3046646  0.0000079
11.130  0.3046660  0.0000080
11.150  0.3046650  0.0000080
11.170  0.3046706  0.0000081
11.190  0.3046653  0.0000078
11.210  0.3046650  0.0000080
11.230  0.3046642  0.0000079
11.250  0.3046657  0.0000080
11.270  0.3046675  0.0000078
11.290  0.3046690  0.0000080
11.310  0.3046679  0.0000080
11.330  0.3046614  0.0000079
11.350  0.3046597  0.0000078
11.370  0.3046618  0.0000079
11.390  0.3046618  0.0000078
11.410  0.3046632  0.0000080
11.430  0.3046656  0.0000077
11.450  0.3046587  0.0000079
11.470  0.3046645  0.0000079
11.490  0.3046652  0.0000078
11.510  0.3046592  0.0000080
11.530  0.3046589  0.0000080
11.550  0.3046638  0.0000079
11.570  0.3046645  0.0000080
11.590  0.3046680  0.0000079
11.610  0.3046613  0.0000080
11.630  0.3046607  0.0000078
11.650  0.3046605  0.0000079
11.670  0.3046564  0.0000078
11.690  0.3046645  0.0000078
11.710  0.3046572  0.0000079
11.730  0.3046630  0.0000079
11.750  0.3046701  0.0000079
11.770  0.3046693  0.0000077
11.790  0.3046603  0.0000079
11.810  0.3046601  0.0000079
11.830  0.3046652  0.0000077
11.850  0.3046659  0.0000079
11.870  0.3046671  0.0000079
11.890  0.3046617  0.0000080
11.910  0.3046594  0.0000080
11.930  0.3046667  0.0000080
11.950  0.3046645  0.0000077
11.970  0.3046658  0.0000080
11.990  0.3046673  0.0000078
12.010  0.3046608  0.0000079
12.030  0.3046616  0.0000080
12.050  0.3046677  0.0000078
12.070  0.3046673  0.0000079
12.090  0.3046676  0.0000079
12.110  0.3046746  0.0000079
12.130  0.3046643  0.0000079
12.150  0.3046665  0.0000078
12.170  0.3046637  0.0000079
12.190  0.3046668  0.0000079
12.210  0.3046594  0.0000081
12.230  0.3046658  0.0000078
12.250  0.3046649  0.0000078
12.270  0.3046622  0.0000078
12.290  0.3046654  0.0000080
12.310  0.3046633  0.0000079
12.330  0.3046682  0.0000078
12.350  0.3046666  0.0000078
12.370  0.3046643  0.0000079
12.390  0.3046705  0.0000079
12.410  0.3046575  0.0000078
12.430  0.3046752  0.0000079
12.450  0.3046716  0.0000079
12.470  0.3046701  0.0000079
12.490  0.3046671  0.0000077
12.510  0.3046679  0.0000077
12.530  0.3046670  0.0000078
12.550  0.3046611  0.0000079
12.570  0.3046700  0.0000078
12.590  0.3046686  0.0000079
12.610  0.3046583  0.0000079
12.630  0.3046685  0.0000079
12.650  0.3046639  0.0000079
12.670  0.3046608  0.0000078
12.690  0.3046582  0.0000078
12.710  0.3046614  0.0000079
12.730  0.3046592  0.0000078
12.750  0.3046597  0.0000078
12.770  0.3046675  0.0000079
12.790  0.3046771  0.0000079
12.810  0.3046668  0.0000079
12.830  0.3046584  0.0000078
12.850  0.3046634  0.0000081
12.870  0.3046629  0.0000078
12.890  0.3046708  0.0000078
12.910  0.3046719  0.0000079
12.930  0.3046580  0.0000079
12.950  0.3046626  0.0000079
12.970  0.3046573  0.0000078
12.990  0.3046642  0.0000079
13.010  0.3046620  0.0000080
13.030  0.3046615  0.0000077
13.050  0.3046709  0.0000078
13.070  0.3046724  0.0000078
13.090  0.3046635  0.0000078
13.110  0.3046657  0.0000079
13.130  0.3046601  0.0000080
13.150  0.3046597  0.0000076
13.170  0.3046655  0.0000080
13.190  0.3046621  0.0000079
13.210  0.3046635  0.0000078
13.230  0.3046597  0.0000080
13.250  0.3046613  0.0000078
13.270  0.3046563  0.0000079
13.290  0.3046605  0.0000077
13.310  0.3046666  0.0000079
13.330  0.3046637  0.0000079
13.350  0.3046646  0.0000079
13.370  0.3046624  0.0000079
13.390  0.3046685  0.0000078
13.410  0.3046649  0.0000079
13.430  0.3046659  0.0000079
13.450  0.3046587  0.0000079
13.470  0.3046587  0.0000079
13.490  0.3046584  0.0000078
13.510  0.3046602  0.0000078
13.530  0.3046658  0.0000078
13.550  0.3046614  0.0000077
13.570  0.3046619  0.0000079
13.590  0.3046665  0.0000079
13.610  0.3046641  0.0000079
13.630  0.3046675  0.0000079
13.650  0.3046670  0.0000077
13.670  0.3046601  0.0000079
13.690  0.3046705  0.0000078
13.710  0.3046703  0.0000078
13.730  0.3046691  0.0000080
13.750  0.3046659  0.0000079
13.770  0.3046669  0.0000077
13.790  0.3046694  0.0000078
13.810  0.3046689  0.0000078
13.830  0.3046666  0.0000077
13.850  0.3046626  0.0000077
13.870  0.3046648  0.0000079
13.890  0.3046611  0.0000078
13.910  0.3046642  0.0000078
13.930  0.3046566  0.0000077
13.950  0.3046646  0.0000078
13.970  0.3046557  0.0000078
13.990  0.3046635  0.0000079
14.010  0.3046680  0.0000080
14.030  0.3046627  0.0000078
14.050  0.3046565  0.0000077
14.070  0.3046643  0.0000078
14.090  0.3046674  0.0000077
14.110  0.3046675  0.0000079
14.130  0.3046625  0.0000078
14.150  0.3046750  0.0000078
14.170  0.3046650  0.0000078
14.190  0.3046704  0.0000079
14.210  0.3046679  0.0000077
14.230  0.3046673  0.0000078
14.250  0.3046661  0.0000079
14.270  0.3046698  0.0000077
14.290  0.3046709  0.0000077
14.310  0.3046691  0.0000079
14.330  0.3046663  0.0000079
14.350  0.3046640  0.0000077
14.370  0.3046633  0.0000077
14.390  0.3046587  0.0000078
14.410  0.3046637  0.0000080
14.430  0.3046617  0.0000079
14.450  0.3046603  0.0000079
14.470  0.3046608  0.0000078
14.490  0.3046603  0.0000079
14.510  0.3046642  0.0000078
14.530  0.3046636  0.0000080
14.550  0.3046617  0.0000079
14.570  0.3046671  0.0000080
14.590  0.3046667  0.0000078
14.610  0.3046633  0.0000078
14.630  0.3046655  0.0000077
14.650  0.3046670  0.0000077
14.670  0.3046651  0.0000078
14.690  0.3046708  0.0000080
14.710  0.3046664  0.0000077
14.730  0.3046667  0.0000078
14.750  0.3046613  0.0000078
14.770  0.3046673  0.0000079
14.790  0.3046668  0.0000078
14.810  0.3046619  0.0000078
14.830  0.3046656  0.0000079
14.850  0.3046660  0.0000079
14.870  0.3046640  0.0000078
14.890  0.3046665  0.0000079
14.910  0.3046618  0.0000078
14.930  0.3046683  0.0000079
14.950  0.3046663  0.0000080
14.970  0.3046648  0.0000078
14.990  0.3046599  0.0000078
15.010  0.3046680  0.0000078
15.030  0.3046618  0.0000078
15.050  0.3046633  0.0000078
15.070  0.3046648  0.0000078
15.090  0.3046583  0.0000078
15.110  0.3046649  0.0000079
15.130  0.3046583  0.0000078
15.150  0.3046661  0.0000078
15.170  0.3046651  0.0000077
15.190  0.3046641  0.0000077
15.210  0.3046729  0.0000078
15.230  0.3046663  0.0000078
15.250  0.3046646  0.0000079
15.270  0.3046689  0.0000077
15.290  0.3046710  0.0000079
15.310  0.3046606  0.0000078
15.330  0.3046724  0.0000078
15.350  0.3046600  0.0000079
15.370  0.3046689  0.0000076
15.390  0.3046678  0.0000078
15.410  0.3046626  0.0000079
15.430  0.3046649  0.0000079
15.450  0.3046722  0.0000080
15.470  0.3046675  0.0000078
15.490  0.3046693  0.0000076
15.510  0.3046674  0.0000077
15.530  0.3046648  0.0000076
15.550  0.3046653  0.0000078
15.570  0.3046623  0.0000078
15.590  0.3046606  0.0000077
15.610  0.3046683  0.0000079
15.630  0.3046688  0.0000079
15.650  0.3046696  0.0000078
15.670  0.3046688  0.0000077
15.690  0.3046679  0.0000078
15.710  0.3046670  0.0000078
15.730  0.3046637  0.0000079
15.750  0.3046609  0.0000078
15.770  0.3046673  0.0000078
15.790  0.3046638  0.0000078
15.810  0.3046634  0.0000077
15.830  0.3046677  0.0000078
15.850  0.3046610  0.0000077
15.870  0.3046703  0.0000078
15.890  0.3046670  0.0000079
15.910  0.3046654  0.0000078
15.930  0.3046667  0.0000078
15.950  0.3046651  0.0000078
15.970  0.3046691  0.0000076
15.990  0.3046687  0.0000078
16.010  0.3046656  0.0000079
16.030  0.3046636  0.0000077
16.050  0.3046607  0.0000077
16.070  0.3046640  0.0000078
16.090  0.3046641  0.0000079
16.110  0.3046641  0.0000078
16.130  0.3046695  0.0000078
16.150  0.3046724  0.0000077
16.170  0.3046648  0.0000077
16.190  0.3046584  0.0000078
16.210  0.3046693  0.0000079
16.230  0.3046673  0.0000077
16.250  0.3046628  0.0000078
16.270  0.3046674  0.0000078
16.290  0.3046737  0.0000078
16.310  0.3046641  0.0000078
16.330  0.3046616  0.0000078
16.350  0.3046615  0.0000080
16.370  0.3046632  0.0000078
16.390  0.3046727  0.0000078
16.410  0.3046602  0.0000079
16.430  0.3046657  0.0000079
16.450  0.3046660  0.0000078
16.470  0.3046663  0.0000078
16.490  0.3046683  0.0000079
16.510  0.3046678  0.0000079
16.530  0.3046686  0.0000079
16.550  0.3046738  0.0000077
16.570  0.3046695  0.0000079
16.590  0.3046687  0.0000078
16.610  0.3046737  0.0000078
16.630  0.3046724  0.0000078
16.650  0.3046740  0.0000078
16.670  0.3046803  0.0000078
16.690  0.3046666  0.0000079
16.710  0.3046729  0.0000078
16.730  0.3046678  0.0000079
16.750  0.3046769  0.0000078
16.770  0.3046697  0.0000080
16.790  0.3046666  0.0000078
16.810  0.3046651  0.0000078
16.830  0.3046664  0.0000079
16.850  0.3046691  0.0000078
16.870  0.3046673  0.0000078
16.890  0.3046694  0.0000077
16.910  0.3046669  0.0000079
16.930  0.3046644  0.0000078
16.950  0.3046633  0.0000078
16.970  0.3046636  0.0000078
16.990  0.3046661  0.0000079
17.010  0.3046669  0.0000077
17.030  0.3046604  0.0000078
17.050  0.3046635  0.0000078
17.070  0.3046596  0.0000078
17.090  0.3046599  0.0000077
17.110  0.3046615  0.0000078
17.130  0.3046599  0.0000078
17.150  0.3046571  0.0000078
17.170  0.3046621  0.0000078
17.190  0.3046590  0.0000079
17.210  0.3046607  0.0000079
17.230  0.3046582  0.0000078
17.250  0.3046612  0.0000077
17.270  0.3046576  0.0000079
17.290  0.3046678  0.0000079
17.310  0.3046636  0.0000079
17.330  0.3046664  0.0000080
17.350  0.3046615  0.0000078
17.370  0.3046606  0.0000079
17.390  0.3046687  0.0000077
17.410  0.3046570  0.0000079
17.430  0.3046628  0.0000077
17.450  0.3046637  0.0000077
17.470  0.3046587  0.0000078
17.490  0.3046646  0.0000080
17.510  0.3046697  0.0000079
17.530  0.3046565  0.0000078
17.550  0.3046645  0.0000079
17.570  0.3046645  0.0000078
17.590  0.3046630  0.0000078
17.610  0.3046682  0.0000080
17.630  0.3046655  0.0000079
17.650  0.3046699  0.0000079
17.670  0.3046676  0.0000078
17.690  0.3046598  0.0000078
17.710  0.3046714  0.0000081
17.730  0.3046681  0.0000078
17.750  0.3046712  0.0000078
17.770  0.3046671  0.0000080
17.790  0.3046600  0.0000077
17.810  0.3046655  0.0000078
17.830  0.3046638  0.0000077
17.850  0.3046662  0.0000077
17.870  0.3046648  0.0000079
17.890  0.3046677  0.0000078
17.910  0.3046698  0.0000078
17.930  0.3046619  0.0000079
17.950  0.3046632  0.0000079
17.970  0.3046675  0.0000078
17.990  0.3046618  0.0000077
18.010  0.3046679  0.0000079
18.030  0.3046686  0.0000078
18.050  0.3046681  0.0000080
18.070  0.3046681  0.0000079
18.090  0.3046691  0.0000079
18.110  0.3046681  0.0000079
18.130  0.3046686  0.0000078
18.150  0.3046651  0.0000079
18.170  0.3046680  0.0000077
18.190  0.3046708  0.0000077
18.210  0.3046679  0.0000077
18.230  0.3046649  0.0000077
18.250  0.3046638  0.0000078
18.270  0.3046623  0.0000079
18.290  0.3046691  0.0000077
18.310  0.3046653  0.0000079
18.330  0.3046575  0.0000080
18.350  0.3046619  0.0000079
18.370  0.3046648  0.0000078
18.390  0.3046639  0.0000078
18.410  0.3046641  0.0000079
18.430  0.3046669  0.0000079
18.450  0.3046707  0.0000078
18.470  0.3046639  0.0000077
18.490  0.3046663  0.0000078
18.510  0.3046665  0.0000077
18.530  0.3046621  0.0000078
18.550  0.3046686  0.0000077
18.570  0.3046591  0.0000076
18.590  0.3046704  0.0000079
18.610  0.3046643  0.0000077
18.630  0.3046661  0.0000079
18.650  0.3046598  0.0000078
18.670  0.3046669  0.0000077
18.690  0.3046708  0.0000080
18.710  0.3046647  0.0000078
18.730  0.3046685  0.0000078
18.750  0.3046731  0.0000079
18.770  0.3046715  0.0000079
18.790  0.3046625  0.0000079
18.810  0.3046659  0.0000080
18.830  0.3046648  0.0000078
18.850  0.3046724  0.0000078
18.870  0.3046684  0.0000079
18.890  0.3046733  0.0000078
18.910  0.3046619  0.0000079
18.930  0.3046704  0.0000078
18.950  0.3046693  0.0000078
18.970  0.3046627  0.0000079
18.990  0.3046689  0.0000077
19.010  0.3046619  0.0000079
19.030  0.3046629  0.0000078
19.050  0.3046682  0.0000080
19.070  0.3046640  0.0000078
19.090  0.3046656  0.0000078
19.110  0.3046752  0.0000079
19.130  0.3046651  0.0000077
19.150  0.3046676  0.0000078
19.170  0.3046629  0.0000079
19.190  0.3046665  0.0000078
19.210  0.3046710  0.0000079
19.230  0.3046674  0.0000077
19.250  0.3046667  0.0000078
19.270  0.3046672  0.0000079
19.290  0.3046660  0.0000079
19.310  0.3046683  0.0000077
19.330  0.3046672  0.0000078
19.350  0.3046665  0.0000078
19.370  0.3046668  0.0000078
19.390  0.3046604  0.0000079
19.410  0.3046609  0.0000078
19.430  0.3046610  0.0000080
19.450  0.3046651  0.0000079
19.470  0.3046673  0.0000080
19.490  0.3046681  0.0000078
19.510  0.3046657  0.0000078
19.530  0.3046636  0.0000079
19.550  0.3046682  0.0000077
19.570  0.3046640  0.0000079
19.590  0.3046633  0.0000079
19.610  0.3046659  0.0000079
19.630  0.3046697  0.0000078
19.650  0.3046684  0.0000077
19.670  0.3046661  0.0000079
19.690  0.3046664  0.0000080
19.710  0.3046727  0.0000077
19.730  0.3046603  0.0000078
19.750  0.3046662  0.0000078
19.770  0.3046659  0.0000078
19.790  0.3046682  0.0000078
19.810  0.3046632  0.0000079
19.830  0.3046631  0.0000079
19.850  0.3046688  0.0000078
19.870  0.3046659  0.0000077
19.890  0.3046629  0.0000078
19.910  0.3046693  0.0000079
19.930  0.3046696  0.0000077
19.950  0.3046724  0.0000077
19.970  0.3046685  0.0000079
19.990  0.3046651  0.0000080
20.010  0.3046714  0.0000078
20.030  0.3046685  0.0000080
20.050  0.3046771  0.0000080
20.070  0.3046710  0.0000079
20.090  0.3046708  0.0000077
20.110  0.3046701  0.0000079
20.130  0.3046703  0.0000079
20.150  0.3046734  0.0000080
20.170  0.3046649  0.0000078
20.190  0.3046709  0.0000079
20.210  0.3046718  0.0000078
20.230  0.3046717  0.0000078
20.250  0.3046695  0.0000079
20.270  0.3046715  0.0000080
20.290  0.3046682  0.0000078
20.310  0.3046687  0.0000079
20.330  0.3046641  0.0000079
20.350  0.3046664  0.0000079
20.370  0.3046653  0.0000078
20.390  0.3046646  0.0000080
20.410  0.3046642  0.0000078
20.430  0.3046674  0.0000077
20.450  0.3046679  0.0000078
20.470  0.3046639  0.0000079
20.490  0.3046673  0.0000078
20.510  0.3046678  0.0000079
20.530  0.3046627  0.0000080
20.550  0.3046713  0.0000078
20.570  0.3046640  0.0000080
20.590  0.3046632  0.0000079
20.610  0.3046650  0.0000079
20.630  0.3046662  0.0000078
20.650  0.3046641  0.0000079
20.670  0.3046641  0.0000079
20.690  0.3046702  0.0000079
20.710  0.3046662  0.0000078
20.730  0.3046686  0.0000077
20.750  0.3046638  0.0000079
20.770  0.3046693  0.0000079
20.790  0.3046681  0.0000080
20.810  0.3046638  0.0000078
20.830  0.3046608  0.0000080
20.850  0.3046633  0.0000080
20.870  0.3046651  0.0000079
20.890  0.3046665  0.0000078
20.910  0.3046562  0.0000078
20.930  0.3046612  0.0000076
20.950  0.3046634  0.0000079
20.970  0.3046629  0.0000079
20.990  0.3046637  0.0000078
21.010  0.3046578  0.0000079
21.030  0.3046618  0.0000078
21.050  0.3046620  0.0000078
21.070  0.3046650  0.0000079
21.090  0.3046628  0.0000079
21.110  0.3046590  0.0000080
21.130  0.3046660  0.0000079
21.150  0.3046596  0.0000080
21.170  0.3046653  0.0000079
21.190  0.3046672  0.0000080
21.210  0.3046569  0.0000080
21.230  0.3046732  0.0000079
21.250  0.3046606  0.0000079
21.270  0.3046679  0.0000079
21.290  0.3046655  0.0000078
21.310  0.3046702  0.0000079
21.330  0.3046663  0.0000078
21.350  0.3046722  0.0000080
21.370  0.3046704  0.0000079
21.390  0.3046681  0.0000078
21.410  0.3046682  0.0000079
21.430  0.3046679  0.0000079
21.450  0.3046648  0.0000078
21.470  0.3046653  0.0000080
21.490  0.3046647  0.0000078
21.510  0.3046672  0.0000079
21.530  0.3046642  0.0000079
21.550  0.3046690  0.0000079
21.570  0.3046698  0.0000078
21.590  0.3046619  0.0000079
21.610  0.3046673  0.0000079
21.630  0.3046669  0.0000079
21.650  0.3046605  0.0000078
21.670  0.3046695  0.0000079
21.690  0.3046658  0.0000079
21.710  0.3046683  0.0000079
21.730  0.3046664  0.0000080
21.750  0.3046617  0.0000079
21.770  0.3046618  0.0000078
21.790  0.3046652  0.0000080
21.810  0.3046664  0.0000079
21.830  0.3046639  0.0000081
21.850  0.3046614  0.0000078
21.870  0.3046655  0.0000078
21.890  0.3046678  0.0000080
21.910  0.3046690  0.0000078
21.930  0.3046639  0.0000078
21.950  0.3046734  0.0000079
21.970  0.3046657  0.0000079
21.990  0.3046695  0.0000080
22.010  0.3046700  0.0000078
22.030  0.3046704  0.0000080
22.050  0.3046583  0.0000079
22.070  0.3046646  0.0000079
22.090  0.3046690  0.0000079
22.110  0.3046615  0.0000081
22.130  0.3046673  0.0000079
22.150  0.3046683  0.0000079
22.170  0.3046619  0.0000081
22.190  0.3046670  0.0000080
22.210  0.3046616  0.0000078
22.230  0.3046704  0.0000079
22.250  0.3046651  0.0000081
22.270  0.3046620  0.0000078
22.290  0.3046630  0.0000078
22.310  0.3046717  0.0000080
22.330  0.3046697  0.0000079
22.350  0.3046628  0.0000080
22.370  0.3046692  0.0000079
22.390  0.3046657  0.0000080
22.410  0.3046670  0.0000079
22.430  0.3046628  0.0000080
22.450  0.3046710  0.0000079
22.470  0.3046712  0.0000079
22.490  0.3046667  0.0000079
22.510  0.3046708  0.0000080
22.530  0.3046610  0.0000079
22.550  0.3046585  0.0000080
22.570  0.3046694  0.0000080
22.590  0.3046676  0.0000078
22.610  0.3046621  0.0000079
22.630  0.3046603  0.0000080
22.650  0.3046636  0.0000079
22.670  0.3046653  0.0000079
22.690  0.3046645  0.0000078
22.710  0.3046614  0.0000078
22.730  0.3046596  0.0000079
22.750  0.3046617  0.0000079
22.770  0.3046645  0.0000078
22.790  0.3046628  0.0000080
22.810  0.3046640  0.0000079
22.830  0.3046556  0.0000080
22.850  0.3046601  0.0000079
22.870  0.3046583  0.0000079
22.890  0.3046649  0.0000079
22.910  0.3046635  0.0000079
22.930  0.3046595  0.0000079
22.950  0.3046686  0.0000080
22.970  0.3046627  0.0000079
22.990  0.3046647  0.0000079
23.010  0.3046688  0.0000078
23.030  0.3046647  0.0000079
23.050  0.3046696  0.0000079
23.070  0.3046692  0.0000079
23.090  0.3046713  0.0000080
23.110  0.3046669  0.0000080
23.130  0.3046689  0.0000078
23.150  0.3046696  0.0000079
23.170  0.3046592  0.0000079
23.190  0.3046599  0.0000080
23.210  0.3046661  0.0000080
23.230  0.3046678  0.0000080
23.250  0.3046743  0.0000078
23.270  0.3046639  0.0000079
23.290  0.3046650  0.0000080
23.310  0.3046639  0.0000080
23.330  0.3046654  0.0000078
23.350  0.3046612  0.0000078
23.370  0.3046633  0.0000080
23.390  0.3046701  0.0000079
23.410  0.3046665  0.0000081
23.430  0.3046684  0.0000079
23.450  0.3046645  0.0000079
23.470  0.3046689  0.0000079
23.490  0.3046621  0.0000080
23.510  0.3046672  0.0000080
23.530  0.3046620  0.0000080
23.550  0.3046689  0.0000079
23.570  0.3046633  0.0000079
23.590  0.3046659  0.0000078
23.610  0.3046691  0.0000079
23.630  0.3046571  0.0000080
23.650  0.3046632  0.0000078
23.670  0.3046687  0.0000080
23.690  0.3046725  0.0000079
23.710  0.3046688  0.0000078
23.730  0.3046720  0.0000079
23.750  0.3046577  0.0000080
23.770  0.3046627  0.0000080
23.790  0.3046652  0.0000081
23.810  0.3046636  0.0000079
23.830  0.3046594  0.0000079
23.850  0.3046654  0.0000081
23.870  0.3046619  0.0000079
23.890  0.3046639  0.0000078
23.910  0.3046584  0.0000078
23.930  0.3046678  0.0000081
23.950  0.3046622  0.0000080
23.970  0.3046630  0.0000079
23.990  0.3046649  0.0000080
24.010  0.3046666  0.0000079
24.030  0.3046675  0.0000080
24.050  0.3046665  0.0000080
24.070  0.3046616  0.0000079
24.090  0.3046658  0.0000081
24.110  0.3046718  0.0000080
24.130  0.3046666  0.0000081
24.150  0.3046639  0.0000079
24.170  0.3046702  0.0000081
24.190  0.3046690  0.0000080
24.210  0.3046713  0.0000079
24.230  0.3046617  0.0000080
24.250  0.3046653  0.0000080
24.270  0.3046706  0.0000081
24.290  0.3046687  0.0000079
24.310  0.3046717  0.0000081
24.330  0.3046664  0.0000079
24.350  0.3046687  0.0000080
24.370  0.3046666  0.0000080
24.390  0.3046617  0.0000080
24.410  0.3046661  0.0000080
24.430  0.3046663  0.0000081
24.450  0.3046620  0.0000081
24.470  0.3046713  0.0000080
24.490  0.3046677  0.0000080
24.510  0.3046718  0.0000080
24.530  0.3046673  0.0000081
24.550  0.3046653  0.0000079
24.570  0.3046615  0.0000080
24.590  0.3046642  0.0000078
24.610  0.3046680  0.0000080
24.630  0.3046608  0.0000080
24.650  0.3046633  0.0000078
24.670  0.3046645  0.0000079
24.690  0.3046647  0.0000080
24.710  0.3046613  0.0000080
24.730  0.3046660  0.0000080
24.750  0.3046654  0.0000080
24.770  0.3046652  0.0000080
24.790  0.3046630  0.0000080
24.810  0.3046694  0.0000081
24.830  0.3046645  0.0000081
24.850  0.3046623  0.0000081
24.870  0.3046666  0.0000080
24.890  0.3046672  0.0000081
24.910  0.3046610  0.0000081
24.930  0.3046655  0.0000079
24.950  0.3046600  0.0000081
24.970  0.3046629  0.0000081
24.990  0.3046661  0.0000079
25.010  0.3046648  0.0000079
25.030  0.3046635  0.0000081
25.050  0.3046718  0.0000080
25.070  0.3046683  0.0000079
25.090  0.3046652  0.0000079
25.110  0.3046622  0.0000079
25.130  0.3046614  0.0000080
25.150  0.3046652  0.0000080
25.170  0.3046722  0.0000081
25.190  0.3046589  0.0000080
25.210  0.3046640  0.0000080
25.230  0.3046622  0.0000080
25.250  0.3046625  0.0000080
25.270  0.3046675  0.0000081
25.290  0.3046619  0.0000079
25.310  0.3046645  0.0000081
25.330  0.3046643  0.0000081
25.350  0.3046650  0.0000080
25.370  0.3046622  0.0000081
25.390  0.3046614  0.0000081
25.410  0.3046677  0.0000081
25.430  0.3046661  0.0000079
25.450  0.3046671  0.0000080
25.470  0.3046740  0.0000080
25.490  0.3046686  0.0000080
25.510  0.3046658  0.0000081
25.530  0.3046670  0.0000082
25.550  0.3046626  0.0000081
25.570  0.3046635  0.0000080
25.590  0.3046677  0.0000081
25.610  0.3046650  0.0000080
25.630  0.3046656  0.0000079
25.650  0.3046677  0.0000080
25.670  0.3046636  0.0000080
25.690  0.3046675  0.0000081
25.710  0.3046662  0.0000081
25.730  0.3046630  0.0000081
25.750  0.3046708  0.0000081
25.770  0.3046605  0.0000081
25.790  0.3046629  0.0000080
25.810  0.3046668  0.0000081
25.830  0.3046630  0.0000081
25.850  0.3046690  0.0000081
25.870  0.3046612  0.0000082
25.890  0.3046650  0.0000081
25.910  0.3046632  0.0000081
25.930  0.3046654  0.0000080
25.950  0.3046648  0.0000081
25.970  0.3046685  0.0000079
25.990  0.3046615  0.0000080
26.010  0.3046644  0.0000082
26.030  0.3046712  0.0000081
26.050  0.3046609  0.0000081
26.070  0.3046652  0.0000080
26.090  0.3046680  0.0000081
26.110  0.3046669  0.0000079
26.130  0.3046739  0.0000080
26.150  0.3046740  0.0000081
26.170  0.3046694  0.0000080
26.190  0.3046582  0.0000081
26.210  0.3046669  0.0000080
26.230  0.3046617  0.0000081
26.250  0.3046696  0.0000081
26.270  0.3046702  0.0000080
26.290  0.3046639  0.0000080
26.310  0.3046619  0.0000081
26.330  0.3046663  0.0000080
26.350  0.3046594  0.0000080
26.370  0.3046686  0.0000080
26.390  0.3046667  0.0000081
26.410  0.3046686  0.0000082
26.430  0.3046633  0.0000079
26.450  0.3046561  0.0000080
26.470  0.3046609  0.0000080
26.490  0.3046609  0.0000080
26.510  0.3046644  0.0000080
26.530  0.3046654  0.0000081
26.550  0.3046654  0.0000081
26.570  0.3046669  0.0000081
26.590  0.3046667  0.0000081
26.610  0.3046674  0.0000080
26.630  0.3046613  0.0000080
26.650  0.3046718  0.0000080
26.670  0.3046705  0.0000080
26.690  0.3046620  0.0000080
26.710  0.3046624  0.0000079
26.730  0.3046637  0.0000080
26.750  0.3046668  0.0000080
26.770  0.3046658  0.0000081
26.790  0.3046671  0.0000079
26.810  0.3046536  0.0000082
26.830  0.3046643  0.0000080
26.850  0.3046607  0.0000081
26.870  0.3046702  0.0000082
26.890  0.3046707  0.0000081
26.910  0.3046654  0.0000079
26.930  0.3046697  0.0000082
26.950  0.3046652  0.0000081
26.970  0.3046628  0.0000082
26.990  0.3046609  0.0000082
27.010  0.3046588  0.0000082
27.030  0.3046696  0.0000081
27.050  0.3046671  0.0000083
27.070  0.3046619  0.0000082
27.090  0.3046719  0.0000082
27.110  0.3046639  0.0000082
27.130  0.3046741  0.0000080
27.150  0.3046717  0.0000081
27.170  0.3046718  0.0000082
27.190  0.3046673  0.0000082
27.210  0.3046659  0.0000082
27.230  0.3046620  0.0000081
27.250  0.3046693  0.0000084
27.270  0.3046787  0.0000082
27.290  0.3046637  0.0000081
27.310  0.3046657  0.0000082
27.330  0.3046646  0.0000082
27.350  0.3046609  0.0000081
27.370  0.3046663  0.0000082
27.390  0.3046693  0.0000081
27.410  0.3046698  0.0000083
27.430  0.3046636  0.0000082
27.450  0.3046668  0.0000083
27.470  0.3046666  0.0000082
27.490  0.3046656  0.0000081
27.510  0.3046618  0.0000081
27.530  0.3046665  0.0000082
27.550  0.3046636  0.0000081
27.570  0.3046656  0.0000083
27.590  0.3046669  0.0000081
27.610  0.3046649  0.0000081
27.630  0.3046654  0.0000081
27.650  0.3046622  0.0000081
27.670  0.3046663  0.0000081
27.690  0.3046709  0.0000082
27.710  0.3046660  0.0000081
27.730  0.3046571  0.0000082
27.750  0.3046604  0.0000083
27.770  0.3046570  0.0000081
27.790  0.3046669  0.0000082
27.810  0.3046663  0.0000081
27.830  0.3046689  0.0000082
27.850  0.3046698  0.0000081
27.870  0.3046644  0.0000081
27.890  0.3046675  0.0000080
27.910  0.3046674  0.0000082
27.930  0.3046663  0.0000083
27.950  0.3046582  0.0000080
27.970  0.3046608  0.0000082
27.990  0.3046584  0.0000081
28.010  0.3046606  0.0000081
28.030  0.3046629  0.0000083
28.050  0.3046641  0.0000082
28.070  0.3046636  0.0000082
28.090  0.3046654  0.0000082
28.110  0.3046633  0.0000082
28.130  0.3046661  0.0000083
28.150  0.3046659  0.0000081
28.170  0.3046684  0.0000082
28.190  0.3046655  0.0000080
28.210  0.3046667  0.0000081
28.230  0.3046682  0.0000082
28.250  0.3046671  0.0000083
28.270  0.3046669  0.0000082
28.290  0.3046727  0.0000081
28.310  0.3046637  0.0000082
28.330  0.3046724  0.0000082
28.350  0.3046670  0.0000083
28.370  0.3046635  0.0000080
28.390  0.3046663  0.0000083
28.410  0.3046596  0.0000084
28.430  0.3046597  0.0000083
28.450  0.3046659  0.0000084
28.470  0.3046537  0.0000084
28.490  0.3046617  0.0000083
28.510  0.3046682  0.0000082
28.530  0.3046630  0.0000082
28.550  0.3046660  0.0000082
28.570  0.3046599  0.0000082
28.590  0.3046643  0.0000082
28.610  0.3046613  0.0000082
28.630  0.3046722  0.0000082
28.650  0.3046665  0.0000083
28.670  0.3046616  0.0000082
28.690  0.3046594  0.0000082
28.710  0.3046629  0.0000082
28.730  0.3046596  0.0000081
28.750  0.3046645  0.0000083
28.770  0.3046641  0.0000083
28.790  0.3046637  0.0000083
28.810  0.3046608  0.0000082
28.830  0.3046609  0.0000082
28.850  0.3046607  0.0000082
28.870  0.3046688  0.0000082
28.890  0.3046576  0.0000081
28.910  0.3046722  0.0000083
28.930  0.3046655  0.0000082
28.950  0.3046670  0.0000081
28.970  0.3046651  0.0000082
28.990  0.3046587  0.0000083
29.010  0.3046639  0.0000082
29.030  0.3046631  0.0000082
29.050  0.3046632  0.0000083
29.070  0.3046607  0.0000083
29.090  0.3046627  0.0000082
29.110  0.3046605  0.0000083
29.130  0.3046668  0.0000083
29.150  0.3046708  0.0000082
29.170  0.3046624  0.0000083
29.190  0.3046633  0.0000083
29.210  0.3046655  0.0000082
29.230  0.3046733  0.0000084
29.250  0.3046660  0.0000082
29.270  0.3046632  0.0000082
29.290  0.3046689  0.0000083
29.310  0.3046648  0.0000081
29.330  0.3046668  0.0000083
29.350  0.3046625  0.0000082
29.370  0.3046706  0.0000082
29.390  0.3046659  0.0000083
29.410  0.3046699  0.0000082
29.430  0.3046679  0.0000082
29.450  0.3046655  0.0000082
29.470  0.3046703  0.0000083
29.490  0.3046638  0.0000083
29.510  0.3046647  0.0000082
29.530  0.3046653  0.0000083
29.550  0.3046630  0.0000082
29.570  0.3046673  0.0000083
29.590  0.3046595  0.0000083
29.610  0.3046638  0.0000082
29.630  0.3046566  0.0000082
29.650  0.3046665  0.0000083
29.670  0.3046625  0.0000082
29.690  0.3046597  0.0000083
29.710  0.3046596  0.0000083
29.730  0.3046653  0.0000083
29.750  0.3046609  0.0000081
29.770  0.3046589  0.0000083
29.790  0.3046608  0.0000084
29.810  0.3046586  0.0000084
29.830  0.3046623  0.0000083
29.850  0.3046587  0.0000083
29.870  0.3046616  0.0000084
29.890  0.3046606  0.0000082
29.910  0.3046630  0.0000083
29.930  0.3046601  0.0000083
29.950  0.3046636  0.0000083
29.970  0.3046657  0.0000082
29.990  0.3046660  0.0000083
30.010  0.3046631  0.0000084
30.030  0.3046660  0.0000082
30.050  0.3046658  0.0000082
30.070  0.3046628  0.0000085
30.090  0.3046649  0.0000083
30.110  0.3046617  0.0000083
30.130  0.3046669  0.0000083
30.150  0.3046635  0.0000082
30.170  0.3046631  0.0000083
30.190  0.3046662  0.0000082
30.210  0.3046706  0.0000083
30.230  0.3046605  0.0000082
30.250  0.3046666  0.0000082
30.270  0.3046610  0.0000084
30.290  0.3046658  0.0000083
30.310  0.3046670  0.0000084
30.330  0.3046656  0.0000082
30.350  0.3046617  0.0000083
30.370  0.3046718  0.0000083
30.390  0.3046647  0.0000083
30.410  0.3046679  0.0000082
30.430  0.3046648  0.0000083
30.450  0.3046653  0.0000082
30.470  0.3046731  0.0000084
30.490  0.3046737  0.0000083
30.510  0.3046645  0.0000083
30.530  0.3046725  0.0000084
30.550  0.3046689  0.0000085
30.570  0.3046670  0.0000085
30.590  0.3046640  0.0000083
30.610  0.3046630  0.0000083
30.630  0.3046656  0.0000084
30.650  0.3046609  0.0000086
30.670  0.3046651  0.0000084
30.690  0.3046636  0.0000086
30.710  0.3046630  0.0000084
30.730  0.3046630  0.0000085
30.750  0.3046634  0.0000083
30.770  0.3046659  0.0000084
30.790  0.3046601  0.0000084
30.810  0.3046678  0.0000084
30.830  0.3046644  0.0000084
30.850  0.3046597  0.0000084
30.870  0.3046656  0.0000083
30.890  0.3046661  0.0000084
30.910  0.3046660  0.0000085
30.930  0.3046694  0.0000084
30.950  0.3046641  0.0000083
30.970  0.3046710  0.0000085
30.990  0.3046736  0.0000084
31.010  0.3046672  0.0000083
31.030  0.3046688  0.0000085
31.050  0.3046723  0.0000084
31.070  0.3046676  0.0000083
31.090  0.3046741  0.0000084
31.110  0.3046677  0.0000084
31.130  0.3046702  0.0000084
31.150  0.3046701  0.0000085
31.170  0.3046648  0.0000083
31.190  0.3046676  0.0000085
31.210  0.3046659  0.0000083
31.230  0.3046704  0.0000083
31.250  0.3046755  0.0000084
31.270  0.3046608  0.0000084
31.290  0.3046662  0.0000085
31.310  0.3046588  0.0000084
31.330  0.3046656  0.0000085
31.350  0.3046596  0.0000085
31.370  0.3046690  0.0000085
31.390  0.3046634  0.0000085
31.410  0.3046676  0.0000084
31.430  0.3046673  0.0000085
31.450  0.3046623  0.0000084
31.470  0.3046621  0.0000085
31.490  0.3046689  0.0000084
31.510  0.3046689  0.0000085
31.530  0.3046719  0.0000084
31.550  0.3046641  0.0000084
31.570  0.3046731  0.0000086
31.590  0.3046637  0.0000084
31.610  0.3046714  0.0000085
31.630  0.3046678  0.0000085
31.650  0.3046672  0.0000084
31.670  0.3046601  0.0000084
31.690  0.3046652  0.0000086
31.710  0.3046689  0.0000085
31.730  0.3046601  0.0000084
31.750  0.3046673  0.0000086
31.770  0.3046676  0.0000084
31.790  0.3046658  0.0000083
31.810  0.3046622  0.0000086
31.830  0.3046642  0.0000086
31.850  0.3046646  0.0000084
31.870  0.3046627  0.0000084
31.890  0.3046558  0.0000083
31.910  0.3046628  0.0000084
31.930  0.3046654  0.0000084
31.950  0.3046621  0.0000085
31.970  0.3046641  0.0000085
31.990  0.3046613  0.0000085
32.010  0.3046612  0.0000084
32.030  0.3046633  0.0000083
32.050  0.3046648  0.0000084
32.070  0.3046627  0.0000086
32.090  0.3046650  0.0000084
32.110  0.3046661  0.0000085
32.130  0.3046685  0.0000085
32.150  0.3046634  0.0000086
32.170  0.3046684  0.0000085
32.190  0.3046656  0.0000085
32.210  0.3046597  0.0000084
32.230  0.3046642  0.0000085
32.250  0.3046595  0.0000086
32.270  0.3046671  0.0000087
32.290  0.3046603  0.0000086
32.310  0.3046662  0.0000085
32.330  0.3046646  0.0000085
32.350  0.3046621  0.0000084
32.370  0.3046644  0.0000086
32.390  0.3046707  0.0000084
32.410  0.3046673  0.0000083
32.430  0.3046667  0.0000083
32.450  0.3046694  0.0000084
32.470  0.3046656  0.0000085
32.490  0.3046580  0.0000083
32.510  0.3046613  0.0000084
32.530  0.3046601  0.0000083
32.550  0.3046681  0.0000084
32.570  0.3046566  0.0000083
32.590  0.3046639  0.0000084
32.610  0.3046632  0.0000085
32.630  0.3046655  0.0000085
32.650  0.3046626  0.0000085
32.670  0.3046614  0.0000085
32.690  0.3046705  0.0000086
32.710  0.3046611  0.0000086
32.730  0.3046608  0.0000088
32.750  0.3046657  0.0000090
32.770  0.3046595  0.0000078
