% Density Profile of Hard Spheres at a Hard Flat Wall: rho(z), rho(z < 0.5) = 0
% Bulk density: rho (95% CI) = 0.92632573(0.00000508)
%
% rho_i is the average density in the interval [z_i-0.01, z_i+0.01]
%
%  z_i    rho_i     95% CI 
 0.510  9.5085215  0.0005249
 0.530  7.1965424  0.0003714
 0.550  5.4695773  0.0002867
 0.570  4.1763345  0.0002364
 0.590  3.2055394  0.0002032
 0.610  2.4747737  0.0001815
 0.630  1.9233247  0.0001617
 0.650  1.5061711  0.0001484
 0.670  1.1895546  0.0001310
 0.690  0.9480296  0.0001186
 0.710  0.7633289  0.0001098
 0.730  0.6214745  0.0000994
 0.750  0.5119581  0.0000912
 0.770  0.4269464  0.0000849
 0.790  0.3607387  0.0000785
 0.810  0.3089065  0.0000736
 0.830  0.2681527  0.0000691
 0.850  0.2361588  0.0000659
 0.870  0.2108035  0.0000627
 0.890  0.1909380  0.0000603
 0.910  0.1754749  0.0000586
 0.930  0.1635202  0.0000568
 0.950  0.1547240  0.0000567
 0.970  0.1486098  0.0000543
 0.990  0.1449175  0.0000546
 1.010  0.1435480  0.0000549
 1.030  0.1445757  0.0000562
 1.050  0.1480658  0.0000575
 1.070  0.1542855  0.0000596
 1.090  0.1636697  0.0000618
 1.110  0.1769011  0.0000640
 1.130  0.1946660  0.0000681
 1.150  0.2183139  0.0000723
 1.170  0.2495754  0.0000774
 1.190  0.2907133  0.0000845
 1.210  0.3448619  0.0000901
 1.230  0.4157765  0.0000991
 1.250  0.5080359  0.0001093
 1.270  0.6266881  0.0001216
 1.290  0.7770587  0.0001304
 1.310  0.9653073  0.0001449
 1.330  1.1952852  0.0001618
 1.350  1.4657480  0.0001844
 1.370  1.7630048  0.0002094
 1.390  2.0543198  0.0002346
 1.410  2.2913112  0.0002501
 1.430  2.4376672  0.0002510
 1.450  2.4821295  0.0002456
 1.470  2.4339951  0.0002304
 1.490  2.3137583  0.0002154
 1.510  2.1425821  0.0001966
 1.530  1.9351913  0.0001840
 1.550  1.7185962  0.0001722
 1.570  1.5111039  0.0001591
 1.590  1.3218211  0.0001541
 1.610  1.1543861  0.0001449
 1.630  1.0091938  0.0001351
 1.650  0.8851366  0.0001273
 1.670  0.7801803  0.0001211
 1.690  0.6921452  0.0001138
 1.710  0.6185416  0.0001084
 1.730  0.5575265  0.0001037
 1.750  0.5071413  0.0001001
 1.770  0.4659245  0.0000967
 1.790  0.4326475  0.0000944
 1.810  0.4060803  0.0000918
 1.830  0.3855735  0.0000916
 1.850  0.3702265  0.0000891
 1.870  0.3598966  0.0000882
 1.890  0.3540766  0.0000892
 1.910  0.3524925  0.0000897
 1.930  0.3552707  0.0000907
 1.950  0.3623622  0.0000915
 1.970  0.3741129  0.0000930
 1.990  0.3907819  0.0000942
 2.010  0.4128151  0.0000977
 2.030  0.4410310  0.0001020
 2.050  0.4760308  0.0001067
 2.070  0.5187588  0.0001105
 2.090  0.5700739  0.0001168
 2.110  0.6309339  0.0001207
 2.130  0.7020055  0.0001276
 2.150  0.7835906  0.0001334
 2.170  0.8756151  0.0001431
 2.190  0.9771089  0.0001503
 2.210  1.0856897  0.0001592
 2.230  1.1986416  0.0001676
 2.250  1.3105209  0.0001828
 2.270  1.4156030  0.0001855
 2.290  1.5075511  0.0001895
 2.310  1.5802604  0.0001977
 2.330  1.6290469  0.0001998
 2.350  1.6517263  0.0001958
 2.370  1.6477514  0.0001948
 2.390  1.6195662  0.0001868
 2.410  1.5702066  0.0001818
 2.430  1.5043102  0.0001757
 2.450  1.4267490  0.0001684
 2.470  1.3420389  0.0001598
 2.490  1.2544894  0.0001548
 2.510  1.1675851  0.0001465
 2.530  1.0834688  0.0001425
 2.550  1.0043812  0.0001401
 2.570  0.9315555  0.0001363
 2.590  0.8654010  0.0001281
 2.610  0.8063532  0.0001255
 2.630  0.7544236  0.0001213
 2.650  0.7093147  0.0001198
 2.670  0.6706741  0.0001157
 2.690  0.6380841  0.0001143
 2.710  0.6112556  0.0001126
 2.730  0.5897483  0.0001100
 2.750  0.5732784  0.0001100
 2.770  0.5614825  0.0001084
 2.790  0.5544100  0.0001081
 2.810  0.5515490  0.0001069
 2.830  0.5530781  0.0001100
 2.850  0.5588972  0.0001103
 2.870  0.5689645  0.0001103
 2.890  0.5834495  0.0001102
 2.910  0.6025136  0.0001121
 2.930  0.6261380  0.0001140
 2.950  0.6544900  0.0001180
 2.970  0.6876615  0.0001217
 2.990  0.7257590  0.0001239
 3.010  0.7685615  0.0001264
 3.030  0.8157578  0.0001320
 3.050  0.8667501  0.0001351
 3.070  0.9208826  0.0001422
 3.090  0.9770685  0.0001449
 3.110  1.0337377  0.0001501
 3.130  1.0895319  0.0001553
 3.150  1.1421499  0.0001569
 3.170  1.1899734  0.0001644
 3.190  1.2311587  0.0001662
 3.210  1.2639194  0.0001673
 3.230  1.2872445  0.0001689
 3.250  1.3000537  0.0001710
 3.270  1.3024968  0.0001663
 3.290  1.2947085  0.0001671
 3.310  1.2776200  0.0001641
 3.330  1.2522966  0.0001598
 3.350  1.2202530  0.0001579
 3.370  1.1830428  0.0001497
 3.390  1.1421023  0.0001463
 3.410  1.0991629  0.0001441
 3.430  1.0550982  0.0001432
 3.450  1.0115192  0.0001405
 3.470  0.9689933  0.0001357
 3.490  0.9287603  0.0001320
 3.510  0.8909479  0.0001312
 3.530  0.8561881  0.0001276
 3.550  0.8246869  0.0001281
 3.570  0.7966454  0.0001250
 3.590  0.7720419  0.0001240
 3.610  0.7511917  0.0001210
 3.630  0.7338356  0.0001214
 3.650  0.7199656  0.0001204
 3.670  0.7096112  0.0001183
 3.690  0.7026284  0.0001201
 3.710  0.6991017  0.0001197
 3.730  0.6988552  0.0001195
 3.750  0.7018274  0.0001194
 3.770  0.7081013  0.0001188
 3.790  0.7173371  0.0001210
 3.810  0.7298321  0.0001211
 3.830  0.7452402  0.0001203
 3.850  0.7636949  0.0001222
 3.870  0.7848487  0.0001245
 3.890  0.8085251  0.0001264
 3.910  0.8345459  0.0001287
 3.930  0.8624740  0.0001299
 3.950  0.8917742  0.0001344
 3.970  0.9221349  0.0001377
 3.990  0.9528831  0.0001390
 4.010  0.9831443  0.0001398
 4.030  1.0122372  0.0001440
 4.050  1.0395311  0.0001451
 4.070  1.0641323  0.0001453
 4.090  1.0854745  0.0001447
 4.110  1.1027673  0.0001455
 4.130  1.1157005  0.0001489
 4.150  1.1239308  0.0001493
 4.170  1.1273608  0.0001471
 4.190  1.1260803  0.0001470
 4.210  1.1202252  0.0001472
 4.230  1.1102006  0.0001470
 4.250  1.0963491  0.0001427
 4.270  1.0794620  0.0001407
 4.290  1.0600300  0.0001421
 4.310  1.0388064  0.0001402
 4.330  1.0161900  0.0001363
 4.350  0.9929191  0.0001354
 4.370  0.9694065  0.0001351
 4.390  0.9462840  0.0001332
 4.410  0.9238748  0.0001317
 4.430  0.9027931  0.0001281
 4.450  0.8828579  0.0001306
 4.470  0.8647294  0.0001267
 4.490  0.8483926  0.0001242
 4.510  0.8339913  0.0001265
 4.530  0.8218074  0.0001240
 4.550  0.8116213  0.0001250
 4.570  0.8037292  0.0001250
 4.590  0.7979447  0.0001240
 4.610  0.7945806  0.0001225
 4.630  0.7932337  0.0001229
 4.650  0.7941554  0.0001258
 4.670  0.7971553  0.0001242
 4.690  0.8023192  0.0001238
 4.710  0.8092946  0.0001236
 4.730  0.8183126  0.0001235
 4.750  0.8290110  0.0001261
 4.770  0.8413734  0.0001255
 4.790  0.8550234  0.0001271
 4.810  0.8699239  0.0001285
 4.830  0.8857702  0.0001312
 4.850  0.9023579  0.0001341
 4.870  0.9192009  0.0001315
 4.890  0.9361207  0.0001335
 4.910  0.9526688  0.0001357
 4.930  0.9686244  0.0001350
 4.950  0.9835291  0.0001397
 4.970  0.9970136  0.0001368
 4.990  1.0087113  0.0001390
 5.010  1.0186241  0.0001386
 5.030  1.0263226  0.0001390
 5.050  1.0317130  0.0001398
 5.070  1.0347221  0.0001418
 5.090  1.0354358  0.0001401
 5.110  1.0337643  0.0001395
 5.130  1.0298626  0.0001381
 5.150  1.0239485  0.0001349
 5.170  1.0162979  0.0001368
 5.190  1.0069635  0.0001358
 5.210  0.9963091  0.0001351
 5.230  0.9848499  0.0001368
 5.250  0.9724265  0.0001305
 5.270  0.9597939  0.0001320
 5.290  0.9469826  0.0001327
 5.310  0.9341688  0.0001306
 5.330  0.9217831  0.0001318
 5.350  0.9099507  0.0001316
 5.370  0.8989498  0.0001266
 5.390  0.8887389  0.0001295
 5.410  0.8795516  0.0001283
 5.430  0.8714868  0.0001278
 5.450  0.8646642  0.0001276
 5.470  0.8592153  0.0001250
 5.490  0.8549498  0.0001238
 5.510  0.8519998  0.0001252
 5.530  0.8504821  0.0001261
 5.550  0.8502476  0.0001260
 5.570  0.8515104  0.0001266
 5.590  0.8538866  0.0001244
 5.610  0.8576702  0.0001253
 5.630  0.8623590  0.0001252
 5.650  0.8682163  0.0001268
 5.670  0.8749338  0.0001286
 5.690  0.8826332  0.0001268
 5.710  0.8908845  0.0001273
 5.730  0.8997590  0.0001286
 5.750  0.9089910  0.0001286
 5.770  0.9183650  0.0001300
 5.790  0.9277195  0.0001315
 5.810  0.9370990  0.0001311
 5.830  0.9459280  0.0001318
 5.850  0.9541659  0.0001327
 5.870  0.9619397  0.0001353
 5.890  0.9687113  0.0001361
 5.910  0.9745620  0.0001349
 5.930  0.9792521  0.0001354
 5.950  0.9827649  0.0001347
 5.970  0.9850340  0.0001334
 5.990  0.9860637  0.0001360
 6.010  0.9860640  0.0001342
 6.030  0.9844438  0.0001329
 6.050  0.9820297  0.0001333
 6.070  0.9785045  0.0001331
 6.090  0.9741698  0.0001325
 6.110  0.9687368  0.0001327
 6.130  0.9628805  0.0001325
 6.150  0.9564937  0.0001308
 6.170  0.9496731  0.0001309
 6.190  0.9425987  0.0001332
 6.210  0.9355838  0.0001282
 6.230  0.9285351  0.0001285
 6.250  0.9216296  0.0001282
 6.270  0.9151131  0.0001267
 6.290  0.9089582  0.0001260
 6.310  0.9033998  0.0001265
 6.330  0.8984689  0.0001280
 6.350  0.8940558  0.0001280
 6.370  0.8903292  0.0001281
 6.390  0.8873628  0.0001250
 6.410  0.8852532  0.0001281
 6.430  0.8838683  0.0001281
 6.450  0.8833232  0.0001273
 6.470  0.8835690  0.0001284
 6.490  0.8846514  0.0001246
 6.510  0.8863957  0.0001282
 6.530  0.8887441  0.0001269
 6.550  0.8918098  0.0001276
 6.570  0.8953519  0.0001287
 6.590  0.8994845  0.0001259
 6.610  0.9040565  0.0001300
 6.630  0.9088683  0.0001297
 6.650  0.9139805  0.0001296
 6.670  0.9193373  0.0001282
 6.690  0.9244660  0.0001329
 6.710  0.9297387  0.0001316
 6.730  0.9347846  0.0001309
 6.750  0.9395472  0.0001294
 6.770  0.9438856  0.0001332
 6.790  0.9479321  0.0001339
 6.810  0.9513492  0.0001325
 6.830  0.9543044  0.0001313
 6.850  0.9565084  0.0001321
 6.870  0.9580808  0.0001326
 6.890  0.9590733  0.0001334
 6.910  0.9593518  0.0001322
 6.930  0.9590360  0.0001308
 6.950  0.9580021  0.0001309
 6.970  0.9563981  0.0001326
 6.990  0.9542785  0.0001316
 7.010  0.9518411  0.0001312
 7.030  0.9487492  0.0001317
 7.050  0.9453365  0.0001296
 7.070  0.9417109  0.0001288
 7.090  0.9378948  0.0001300
 7.110  0.9340248  0.0001288
 7.130  0.9300714  0.0001298
 7.150  0.9261469  0.0001266
 7.170  0.9224718  0.0001306
 7.190  0.9188155  0.0001288
 7.210  0.9154751  0.0001322
 7.230  0.9123672  0.0001315
 7.250  0.9097180  0.0001274
 7.270  0.9073255  0.0001301
 7.290  0.9054697  0.0001276
 7.310  0.9039751  0.0001280
 7.330  0.9028643  0.0001292
 7.350  0.9022790  0.0001290
 7.370  0.9022369  0.0001260
 7.390  0.9025756  0.0001289
 7.410  0.9032324  0.0001255
 7.430  0.9043958  0.0001280
 7.450  0.9060127  0.0001300
 7.470  0.9078566  0.0001287
 7.490  0.9100385  0.0001291
 7.510  0.9125893  0.0001279
 7.530  0.9150404  0.0001295
 7.550  0.9179648  0.0001293
 7.570  0.9207772  0.0001272
 7.590  0.9237786  0.0001284
 7.610  0.9267027  0.0001301
 7.630  0.9294418  0.0001294
 7.650  0.9322241  0.0001315
 7.670  0.9347657  0.0001320
 7.690  0.9372090  0.0001306
 7.710  0.9391571  0.0001334
 7.730  0.9409530  0.0001299
 7.750  0.9423616  0.0001320
 7.770  0.9434017  0.0001311
 7.790  0.9442447  0.0001310
 7.810  0.9445959  0.0001295
 7.830  0.9446415  0.0001303
 7.850  0.9443184  0.0001311
 7.870  0.9435973  0.0001310
 7.890  0.9425855  0.0001281
 7.910  0.9413319  0.0001289
 7.930  0.9397551  0.0001314
 7.950  0.9379059  0.0001283
 7.970  0.9361588  0.0001290
 7.990  0.9340251  0.0001296
 8.010  0.9319041  0.0001308
 8.030  0.9297053  0.0001300
 8.050  0.9275699  0.0001299
 8.070  0.9253772  0.0001292
 8.090  0.9233731  0.0001315
 8.110  0.9213515  0.0001269
 8.130  0.9196602  0.0001284
 8.150  0.9178663  0.0001294
 8.170  0.9164789  0.0001300
 8.190  0.9151923  0.0001260
 8.210  0.9142756  0.0001293
 8.230  0.9135504  0.0001294
 8.250  0.9131367  0.0001291
 8.270  0.9129091  0.0001278
 8.290  0.9129686  0.0001256
 8.310  0.9131730  0.0001275
 8.330  0.9138109  0.0001273
 8.350  0.9144686  0.0001279
 8.370  0.9153670  0.0001297
 8.390  0.9166951  0.0001279
 8.410  0.9177930  0.0001269
 8.430  0.9192355  0.0001300
 8.450  0.9207767  0.0001275
 8.470  0.9223947  0.0001295
 8.490  0.9239833  0.0001284
 8.510  0.9255996  0.0001303
 8.530  0.9272199  0.0001288
 8.550  0.9287782  0.0001299
 8.570  0.9302537  0.0001266
 8.590  0.9316870  0.0001281
 8.610  0.9327546  0.0001267
 8.630  0.9337758  0.0001281
 8.650  0.9347716  0.0001304
 8.670  0.9354232  0.0001300
 8.690  0.9360084  0.0001300
 8.710  0.9363687  0.0001298
 8.730  0.9364500  0.0001291
 8.750  0.9364577  0.0001295
 8.770  0.9361121  0.0001298
 8.790  0.9356428  0.0001283
 8.810  0.9351023  0.0001295
 8.830  0.9343484  0.0001288
 8.850  0.9334089  0.0001292
 8.870  0.9325374  0.0001309
 8.890  0.9313540  0.0001313
 8.910  0.9301472  0.0001296
 8.930  0.9290146  0.0001277
 8.950  0.9277370  0.0001290
 8.970  0.9265279  0.0001294
 8.990  0.9252914  0.0001268
 9.010  0.9242292  0.0001304
 9.030  0.9231923  0.0001288
 9.050  0.9222125  0.0001300
 9.070  0.9213721  0.0001301
 9.090  0.9205617  0.0001288
 9.110  0.9199572  0.0001316
 9.130  0.9194425  0.0001324
 9.150  0.9190644  0.0001306
 9.170  0.9189461  0.0001280
 9.190  0.9187981  0.0001292
 9.210  0.9188764  0.0001296
 9.230  0.9190529  0.0001319
 9.250  0.9193984  0.0001261
 9.270  0.9199849  0.0001280
 9.290  0.9203941  0.0001275
 9.310  0.9211585  0.0001304
 9.330  0.9219733  0.0001276
 9.350  0.9226955  0.0001319
 9.370  0.9236101  0.0001276
 9.390  0.9245240  0.0001292
 9.410  0.9254072  0.0001279
 9.430  0.9263438  0.0001280
 9.450  0.9272311  0.0001289
 9.470  0.9280129  0.0001296
 9.490  0.9288628  0.0001299
 9.510  0.9296984  0.0001275
 9.530  0.9301825  0.0001315
 9.550  0.9307318  0.0001282
 9.570  0.9311126  0.0001304
 9.590  0.9314441  0.0001283
 9.610  0.9317545  0.0001293
 9.630  0.9318622  0.0001303
 9.650  0.9318575  0.0001304
 9.670  0.9318350  0.0001290
 9.690  0.9316984  0.0001294
 9.710  0.9313745  0.0001271
 9.730  0.9309824  0.0001294
 9.750  0.9305200  0.0001287
 9.770  0.9299338  0.0001310
 9.790  0.9294907  0.0001292
 9.810  0.9289908  0.0001290
 9.830  0.9282662  0.0001314
 9.850  0.9276354  0.0001275
 9.870  0.9269212  0.0001293
 9.890  0.9262175  0.0001303
 9.910  0.9255963  0.0001288
 9.930  0.9249498  0.0001287
 9.950  0.9244495  0.0001292
 9.970  0.9238201  0.0001307
 9.990  0.9232901  0.0001282
10.010  0.9230909  0.0001288
10.030  0.9226564  0.0001290
10.050  0.9224236  0.0001285
10.070  0.9222021  0.0001282
10.090  0.9221829  0.0001298
10.110  0.9220659  0.0001276
10.130  0.9221278  0.0001283
10.150  0.9222986  0.0001294
10.170  0.9225457  0.0001282
10.190  0.9228544  0.0001279
10.210  0.9232167  0.0001276
10.230  0.9236222  0.0001282
10.250  0.9240111  0.0001298
10.270  0.9245455  0.0001282
10.290  0.9249674  0.0001296
10.310  0.9255881  0.0001284
10.330  0.9260622  0.0001302
10.350  0.9265134  0.0001283
10.370  0.9270483  0.0001310
10.390  0.9274721  0.0001281
10.410  0.9278431  0.0001289
10.430  0.9282377  0.0001308
10.450  0.9285955  0.0001273
10.470  0.9288915  0.0001291
10.490  0.9291167  0.0001298
10.510  0.9292378  0.0001308
10.530  0.9293043  0.0001297
10.550  0.9294985  0.0001299
10.570  0.9294335  0.0001288
10.590  0.9293845  0.0001320
10.610  0.9292437  0.0001314
10.630  0.9290272  0.0001292
10.650  0.9287964  0.0001289
10.670  0.9284660  0.0001297
10.690  0.9283018  0.0001279
10.710  0.9279398  0.0001300
10.730  0.9275436  0.0001274
10.750  0.9272528  0.0001273
10.770  0.9268988  0.0001282
10.790  0.9264831  0.0001276
10.810  0.9261073  0.0001284
10.830  0.9257501  0.0001288
10.850  0.9252931  0.0001269
10.870  0.9251653  0.0001298
10.890  0.9248654  0.0001289
10.910  0.9245804  0.0001309
10.930  0.9243876  0.0001289
10.950  0.9242302  0.0001290
10.970  0.9240938  0.0001299
10.990  0.9240227  0.0001294
11.010  0.9240291  0.0001275
11.030  0.9239641  0.0001264
11.050  0.9240760  0.0001275
11.070  0.9241786  0.0001294
11.090  0.9242721  0.0001303
11.110  0.9245470  0.0001275
11.130  0.9246310  0.0001276
11.150  0.9249419  0.0001287
11.170  0.9251545  0.0001288
11.190  0.9255042  0.0001295
11.210  0.9256336  0.0001282
11.230  0.9259964  0.0001269
11.250  0.9262781  0.0001289
11.270  0.9264862  0.0001309
11.290  0.9267611  0.0001296
11.310  0.9270910  0.0001289
11.330  0.9273526  0.0001281
11.350  0.9275336  0.0001277
11.370  0.9277414  0.0001275
11.390  0.9278373  0.0001282
11.410  0.9280582  0.0001276
11.430  0.9279656  0.0001287
11.450  0.9280879  0.0001286
11.470  0.9281656  0.0001283
11.490  0.9280488  0.0001281
11.510  0.9279480  0.0001292
11.530  0.9278418  0.0001286
11.550  0.9277257  0.0001296
11.570  0.9275494  0.0001282
11.590  0.9274070  0.0001282
11.610  0.9272588  0.0001293
11.630  0.9271095  0.0001291
11.650  0.9269795  0.0001300
11.670  0.9267903  0.0001298
11.690  0.9265621  0.0001288
11.710  0.9263207  0.0001313
11.730  0.9261205  0.0001295
11.750  0.9258293  0.0001278
11.770  0.9257888  0.0001308
11.790  0.9256341  0.0001296
11.810  0.9255105  0.0001298
11.830  0.9252968  0.0001289
11.850  0.9253059  0.0001293
11.870  0.9251893  0.0001272
11.890  0.9251715  0.0001312
11.910  0.9251096  0.0001279
11.930  0.9250954  0.0001290
11.950  0.9249681  0.0001273
11.970  0.9250243  0.0001278
11.990  0.9251839  0.0001308
12.010  0.9252209  0.0001302
12.030  0.9253171  0.0001286
12.050  0.9253747  0.0001281
12.070  0.9256568  0.0001296
12.090  0.9256816  0.0001279
12.110  0.9259480  0.0001277
12.130  0.9259611  0.0001295
12.150  0.9262100  0.0001285
12.170  0.9263987  0.0001292
12.190  0.9264830  0.0001307
12.210  0.9266650  0.0001289
12.230  0.9268283  0.0001293
12.250  0.9269938  0.0001299
12.270  0.9270363  0.0001277
12.290  0.9270994  0.0001285
12.310  0.9271978  0.0001289
12.330  0.9272313  0.0001279
12.350  0.9272548  0.0001277
12.370  0.9271931  0.0001302
12.390  0.9272994  0.0001289
12.410  0.9272252  0.0001281
12.430  0.9271903  0.0001296
12.450  0.9271517  0.0001316
12.470  0.9271284  0.0001291
12.490  0.9269461  0.0001263
12.510  0.9269281  0.0001313
12.530  0.9268154  0.0001303
12.550  0.9267397  0.0001301
12.570  0.9266328  0.0001273
12.590  0.9266010  0.0001309
12.610  0.9263847  0.0001293
12.630  0.9262886  0.0001310
12.650  0.9261674  0.0001302
12.670  0.9260278  0.0001274
12.690  0.9259850  0.0001296
12.710  0.9259151  0.0001278
12.730  0.9258124  0.0001278
12.750  0.9257814  0.0001272
12.770  0.9257295  0.0001290
12.790  0.9256489  0.0001273
12.810  0.9255610  0.0001282
12.830  0.9255990  0.0001275
12.850  0.9257003  0.0001309
12.870  0.9256554  0.0001283
12.890  0.9257015  0.0001289
12.910  0.9256596  0.0001298
12.930  0.9257980  0.0001281
12.950  0.9257709  0.0001278
12.970  0.9259300  0.0001289
12.990  0.9259671  0.0001285
13.010  0.9259497  0.0001312
13.030  0.9261884  0.0001273
13.050  0.9262758  0.0001294
13.070  0.9263097  0.0001290
13.090  0.9264940  0.0001302
13.110  0.9264529  0.0001282
13.130  0.9265531  0.0001290
13.150  0.9266121  0.0001303
13.170  0.9266389  0.0001264
13.190  0.9267351  0.0001292
13.210  0.9267422  0.0001289
13.230  0.9267600  0.0001288
13.250  0.9268404  0.0001272
13.270  0.9266674  0.0001292
13.290  0.9268347  0.0001283
13.310  0.9267545  0.0001290
13.330  0.9267786  0.0001292
13.350  0.9267722  0.0001303
13.370  0.9267390  0.0001284
13.390  0.9267848  0.0001288
13.410  0.9266576  0.0001283
13.430  0.9267271  0.0001305
13.450  0.9265636  0.0001284
13.470  0.9265676  0.0001313
13.490  0.9265272  0.0001310
13.510  0.9264275  0.0001295
13.530  0.9263342  0.0001284
13.550  0.9263187  0.0001271
13.570  0.9261908  0.0001275
13.590  0.9261512  0.0001279
13.610  0.9260809  0.0001291
13.630  0.9260072  0.0001277
13.650  0.9261236  0.0001302
13.670  0.9259886  0.0001290
13.690  0.9260630  0.0001289
13.710  0.9260287  0.0001284
13.730  0.9260144  0.0001281
13.750  0.9260033  0.0001311
13.770  0.9259490  0.0001291
13.790  0.9260129  0.0001313
13.810  0.9259415  0.0001290
13.830  0.9258921  0.0001287
13.850  0.9259840  0.0001274
13.870  0.9259610  0.0001280
13.890  0.9260014  0.0001292
13.910  0.9261326  0.0001312
13.930  0.9262205  0.0001282
13.950  0.9261788  0.0001286
13.970  0.9263746  0.0001298
13.990  0.9263555  0.0001275
14.010  0.9263892  0.0001257
14.030  0.9263943  0.0001281
14.050  0.9264613  0.0001279
14.070  0.9265581  0.0001283
14.090  0.9265705  0.0001287
14.110  0.9265221  0.0001285
14.130  0.9266902  0.0001289
14.150  0.9266473  0.0001318
14.170  0.9266522  0.0001291
14.190  0.9267626  0.0001267
14.210  0.9266622  0.0001291
14.230  0.9265966  0.0001264
14.250  0.9265310  0.0001288
14.270  0.9266769  0.0001303
14.290  0.9264333  0.0001316
14.310  0.9264989  0.0001280
14.330  0.9264057  0.0001292
14.350  0.9264320  0.0001274
14.370  0.9264336  0.0001290
14.390  0.9265334  0.0001271
14.410  0.9263387  0.0001297
14.430  0.9263707  0.0001282
14.450  0.9263036  0.0001262
14.470  0.9263520  0.0001268
14.490  0.9262309  0.0001292
14.510  0.9263265  0.0001290
14.530  0.9262672  0.0001282
14.550  0.9262777  0.0001272
14.570  0.9262545  0.0001268
14.590  0.9262713  0.0001272
14.610  0.9261730  0.0001291
14.630  0.9260228  0.0001268
14.650  0.9261116  0.0001277
14.670  0.9260613  0.0001304
14.690  0.9260982  0.0001300
14.710  0.9260920  0.0001296
14.730  0.9260492  0.0001305
14.750  0.9260604  0.0001293
14.770  0.9260918  0.0001288
14.790  0.9262162  0.0001280
14.810  0.9261606  0.0001321
14.830  0.9262316  0.0001277
14.850  0.9262092  0.0001276
14.870  0.9262375  0.0001291
14.890  0.9262572  0.0001287
14.910  0.9264122  0.0001290
14.930  0.9263675  0.0001294
14.950  0.9264734  0.0001290
14.970  0.9264316  0.0001284
14.990  0.9265872  0.0001287
15.010  0.9264937  0.0001281
15.030  0.9264463  0.0001280
15.050  0.9264852  0.0001299
15.070  0.9264902  0.0001288
15.090  0.9264708  0.0001290
15.110  0.9265327  0.0001312
15.130  0.9264603  0.0001318
15.150  0.9264701  0.0001323
15.170  0.9265193  0.0001323
15.190  0.9265660  0.0001291
15.210  0.9264055  0.0001305
15.230  0.9264337  0.0001302
15.250  0.9263949  0.0001279
15.270  0.9264580  0.0001296
15.290  0.9263280  0.0001275
15.310  0.9263711  0.0001290
15.330  0.9263339  0.0001296
15.350  0.9262386  0.0001276
15.370  0.9261921  0.0001273
15.390  0.9263747  0.0001302
15.410  0.9262033  0.0001278
15.430  0.9263529  0.0001283
15.450  0.9263535  0.0001281
15.470  0.9262926  0.0001304
15.490  0.9262355  0.0001275
15.510  0.9263523  0.0001304
15.530  0.9262077  0.0001289
15.550  0.9262170  0.0001287
15.570  0.9262044  0.0001292
15.590  0.9261541  0.0001285
15.610  0.9261454  0.0001295
15.630  0.9261765  0.0001287
15.650  0.9262161  0.0001303
15.670  0.9261584  0.0001303
15.690  0.9262260  0.0001287
15.710  0.9262165  0.0001292
15.730  0.9263462  0.0001284
15.750  0.9263466  0.0001289
15.770  0.9263063  0.0001284
15.790  0.9265182  0.0001294
15.810  0.9263130  0.0001277
15.830  0.9264162  0.0001266
15.850  0.9263978  0.0001268
15.870  0.9264517  0.0001259
15.890  0.9264320  0.0001275
15.910  0.9262952  0.0001293
15.930  0.9264238  0.0001278
15.950  0.9263387  0.0001268
15.970  0.9263751  0.0001276
15.990  0.9264551  0.0001290
16.010  0.9264708  0.0001284
16.030  0.9263862  0.0001283
16.050  0.9263770  0.0001294
16.070  0.9264401  0.0001288
16.090  0.9264836  0.0001292
16.110  0.9264732  0.0001292
16.130  0.9263608  0.0001301
16.150  0.9264675  0.0001291
16.170  0.9263213  0.0001282
16.190  0.9262843  0.0001265
16.210  0.9263886  0.0001272
16.230  0.9262815  0.0001279
16.250  0.9263805  0.0001266
16.270  0.9263379  0.0001264
16.290  0.9262718  0.0001271
16.310  0.9262703  0.0001285
16.330  0.9263667  0.0001250
16.350  0.9263392  0.0001271
16.370  0.9262001  0.0001288
16.390  0.9263193  0.0001291
16.410  0.9261586  0.0001302
16.430  0.9262135  0.0001282
16.450  0.9262267  0.0001283
16.470  0.9262290  0.0001307
16.490  0.9262246  0.0001280
16.510  0.9262922  0.0001262
16.530  0.9263540  0.0001311
16.550  0.9262240  0.0001268
16.570  0.9263562  0.0001294
16.590  0.9263165  0.0001277
16.610  0.9262917  0.0001279
16.630  0.9262824  0.0001292
16.650  0.9262818  0.0001287
16.670  0.9263391  0.0001276
16.690  0.9263224  0.0001295
16.710  0.9263393  0.0001276
16.730  0.9263811  0.0001297
16.750  0.9263385  0.0001269
16.770  0.9263590  0.0001277
16.790  0.9263702  0.0001258
16.810  0.9263430  0.0001286
16.830  0.9263680  0.0001291
16.850  0.9263205  0.0001296
16.870  0.9264438  0.0001265
16.890  0.9264545  0.0001281
16.910  0.9263575  0.0001287
16.930  0.9263879  0.0001308
16.950  0.9264429  0.0001262
16.970  0.9264306  0.0001287
16.990  0.9263270  0.0001269
17.010  0.9264333  0.0001302
17.030  0.9264290  0.0001289
17.050  0.9264038  0.0001291
17.070  0.9263175  0.0001293
17.090  0.9262683  0.0001280
17.110  0.9263708  0.0001281
17.130  0.9262571  0.0001271
17.150  0.9262776  0.0001250
17.170  0.9262958  0.0001292
17.190  0.9263724  0.0001284
17.210  0.9263318  0.0001276
17.230  0.9263882  0.0001267
17.250  0.9263236  0.0001294
17.270  0.9263423  0.0001289
17.290  0.9262270  0.0001300
17.310  0.9263101  0.0001287
17.330  0.9262091  0.0001268
17.350  0.9263296  0.0001293
17.370  0.9262398  0.0001273
17.390  0.9262935  0.0001317
17.410  0.9262747  0.0001299
17.430  0.9262439  0.0001306
17.450  0.9262182  0.0001293
17.470  0.9264042  0.0001302
17.490  0.9263022  0.0001294
17.510  0.9262578  0.0001298
17.530  0.9263233  0.0001282
17.550  0.9263611  0.0001272
17.570  0.9263087  0.0001302
17.590  0.9264092  0.0001288
17.610  0.9263830  0.0001279
17.630  0.9262721  0.0001277
17.650  0.9263371  0.0001275
17.670  0.9263365  0.0001284
17.690  0.9264505  0.0001268
17.710  0.9263365  0.0001284
17.730  0.9264141  0.0001284
17.750  0.9264324  0.0001293
17.770  0.9263725  0.0001298
17.790  0.9263092  0.0001268
17.810  0.9263622  0.0001281
17.830  0.9263356  0.0001300
17.850  0.9263731  0.0001280
17.870  0.9263343  0.0001278
17.890  0.9263035  0.0001276
17.910  0.9263701  0.0001292
17.930  0.9262845  0.0001306
17.950  0.9263657  0.0001285
17.970  0.9264201  0.0001288
17.990  0.9263891  0.0001283
18.010  0.9263274  0.0001290
18.030  0.9263723  0.0001287
18.050  0.9263490  0.0001289
18.070  0.9263766  0.0001298
18.090  0.9263517  0.0001282
18.110  0.9263863  0.0001270
18.130  0.9263250  0.0001287
18.150  0.9262607  0.0001266
18.170  0.9262974  0.0001285
18.190  0.9263417  0.0001285
18.210  0.9262471  0.0001278
18.230  0.9263078  0.0001285
18.250  0.9262945  0.0001292
18.270  0.9262186  0.0001264
18.290  0.9262219  0.0001270
18.310  0.9262365  0.0001296
18.330  0.9261816  0.0001300
18.350  0.9263411  0.0001287
18.370  0.9262542  0.0001271
18.390  0.9263138  0.0001277
18.410  0.9262751  0.0001287
18.430  0.9263391  0.0001292
18.450  0.9264164  0.0001299
18.470  0.9263744  0.0001290
18.490  0.9263061  0.0001286
18.510  0.9263480  0.0001290
18.530  0.9263167  0.0001263
18.550  0.9262274  0.0001265
18.570  0.9263132  0.0001293
18.590  0.9264741  0.0001274
18.610  0.9262555  0.0001276
18.630  0.9263300  0.0001272
18.650  0.9263933  0.0001292
18.670  0.9264185  0.0001285
18.690  0.9264001  0.0001285
18.710  0.9263634  0.0001280
18.730  0.9264111  0.0001283
18.750  0.9263902  0.0001289
18.770  0.9264153  0.0001310
18.790  0.9263602  0.0001280
18.810  0.9263504  0.0001308
18.830  0.9262924  0.0001297
18.850  0.9262836  0.0001296
18.870  0.9262507  0.0001285
18.890  0.9262959  0.0001282
18.910  0.9263999  0.0001294
18.930  0.9262816  0.0001296
18.950  0.9263214  0.0001297
18.970  0.9262777  0.0001307
18.990  0.9263325  0.0001288
19.010  0.9262843  0.0001319
19.030  0.9263926  0.0001319
19.050  0.9263523  0.0001277
19.070  0.9264048  0.0001300
19.090  0.9263426  0.0001275
19.110  0.9263007  0.0001271
19.130  0.9262735  0.0001279
19.150  0.9263148  0.0001289
19.170  0.9264075  0.0001294
19.190  0.9262838  0.0001325
19.210  0.9263487  0.0001295
19.230  0.9263389  0.0001291
19.250  0.9263301  0.0001284
19.270  0.9263120  0.0001297
19.290  0.9263243  0.0001289
19.310  0.9263190  0.0001304
19.330  0.9262559  0.0001276
19.350  0.9263759  0.0001286
19.370  0.9263345  0.0001261
19.390  0.9263628  0.0001300
19.410  0.9263887  0.0001277
19.430  0.9262949  0.0001272
19.450  0.9264681  0.0001289
19.470  0.9263118  0.0001299
19.490  0.9263558  0.0001300
19.510  0.9263665  0.0001281
19.530  0.9262798  0.0001291
19.550  0.9263457  0.0001271
19.570  0.9263664  0.0001295
19.590  0.9263361  0.0001287
19.610  0.9262915  0.0001292
19.630  0.9262576  0.0001286
19.650  0.9263383  0.0001283
19.670  0.9262871  0.0001303
19.690  0.9263330  0.0001299
19.710  0.9262740  0.0001291
19.730  0.9264110  0.0001294
19.750  0.9263016  0.0001282
19.770  0.9263071  0.0001265
19.790  0.9263157  0.0001276
19.810  0.9263187  0.0001272
19.830  0.9262794  0.0001281
19.850  0.9262943  0.0001271
19.870  0.9263434  0.0001285
19.890  0.9263453  0.0001277
19.910  0.9262968  0.0001273
19.930  0.9262779  0.0001281
19.950  0.9262976  0.0001284
19.970  0.9262779  0.0001310
19.990  0.9263763  0.0001276
20.010  0.9263024  0.0001295
20.030  0.9263422  0.0001298
20.050  0.9263591  0.0001269
20.070  0.9263850  0.0001270
20.090  0.9263028  0.0001298
20.110  0.9263735  0.0001299
20.130  0.9263653  0.0001291
20.150  0.9263637  0.0001299
20.170  0.9263721  0.0001280
20.190  0.9263323  0.0001297
20.210  0.9264771  0.0001281
20.230  0.9263736  0.0001300
20.250  0.9264139  0.0001280
20.270  0.9263632  0.0001278
20.290  0.9263618  0.0001292
20.310  0.9264515  0.0001274
20.330  0.9264201  0.0001281
20.350  0.9263252  0.0001276
20.370  0.9263542  0.0001286
20.390  0.9262857  0.0001280
20.410  0.9262566  0.0001278
20.430  0.9262780  0.0001295
20.450  0.9263379  0.0001302
20.470  0.9264209  0.0001313
20.490  0.9263182  0.0001277
20.510  0.9262507  0.0001289
20.530  0.9263313  0.0001286
20.550  0.9262622  0.0001283
20.570  0.9263132  0.0001295
20.590  0.9261789  0.0001295
20.610  0.9261906  0.0001289
20.630  0.9262140  0.0001288
20.650  0.9263260  0.0001313
20.670  0.9262979  0.0001274
20.690  0.9262533  0.0001281
20.710  0.9263516  0.0001300
20.730  0.9262753  0.0001269
20.750  0.9262809  0.0001275
20.770  0.9263835  0.0001278
20.790  0.9263231  0.0001309
20.810  0.9263802  0.0001286
20.830  0.9263042  0.0001317
20.850  0.9262830  0.0001288
20.870  0.9263437  0.0001289
20.890  0.9263862  0.0001292
20.910  0.9263006  0.0001280
20.930  0.9264062  0.0001293
20.950  0.9264594  0.0001292
20.970  0.9263403  0.0001296
20.990  0.9263664  0.0001304
21.010  0.9263842  0.0001298
21.030  0.9262490  0.0001292
21.050  0.9263184  0.0001289
21.070  0.9263230  0.0001291
21.090  0.9264554  0.0001281
21.110  0.9264626  0.0001272
21.130  0.9264008  0.0001278
21.150  0.9264694  0.0001262
21.170  0.9263865  0.0001266
21.190  0.9263908  0.0001288
21.210  0.9263846  0.0001274
21.230  0.9264008  0.0001299
21.250  0.9263296  0.0001272
21.270  0.9264651  0.0001271
21.290  0.9262675  0.0001285
21.310  0.9262974  0.0001305
21.330  0.9263117  0.0001290
21.350  0.9263675  0.0001285
21.370  0.9264083  0.0001303
21.390  0.9263676  0.0001275
21.410  0.9262629  0.0001263
21.430  0.9261364  0.0001307
21.450  0.9262059  0.0001302
21.470  0.9262841  0.0001285
21.490  0.9262397  0.0001280
21.510  0.9261550  0.0001288
21.530  0.9262115  0.0001292
21.550  0.9262680  0.0001284
21.570  0.9262486  0.0001283
21.590  0.9261468  0.0001282
21.610  0.9262098  0.0001281
21.630  0.9262052  0.0001284
21.650  0.9262075  0.0001279
21.670  0.9263074  0.0001284
21.690  0.9262490  0.0001295
21.710  0.9263656  0.0001292
21.730  0.9262765  0.0001297
21.750  0.9263248  0.0001278
21.770  0.9264479  0.0001289
21.790  0.9263285  0.0001276
21.810  0.9263430  0.0001276
21.830  0.9264049  0.0001279
21.850  0.9263824  0.0001272
21.870  0.9263866  0.0001295
21.890  0.9264162  0.0001287
21.910  0.9264415  0.0001294
21.930  0.9264294  0.0001291
21.950  0.9264845  0.0001288
21.970  0.9264686  0.0001276
21.990  0.9265241  0.0001286
22.010  0.9263604  0.0001276
22.030  0.9264157  0.0001282
22.050  0.9263750  0.0001296
22.070  0.9264164  0.0001268
22.090  0.9264003  0.0001260
22.110  0.9264018  0.0001279
22.130  0.9263674  0.0001277
22.150  0.9262969  0.0001262
22.170  0.9263825  0.0001253
22.190  0.9262817  0.0001265
22.210  0.9264165  0.0001289
22.230  0.9262816  0.0001297
22.250  0.9263317  0.0001288
22.270  0.9263833  0.0001297
22.290  0.9262844  0.0001300
22.310  0.9261871  0.0001282
22.330  0.9262353  0.0001260
22.350  0.9261615  0.0001315
22.370  0.9261774  0.0001309
22.390  0.9261947  0.0001287
22.410  0.9261528  0.0001260
22.430  0.9262812  0.0001296
22.450  0.9261734  0.0001283
22.470  0.9261358  0.0001291
22.490  0.9262113  0.0001293
22.510  0.9261991  0.0001296
22.530  0.9262131  0.0001272
22.550  0.9261619  0.0001285
22.570  0.9262877  0.0001267
22.590  0.9262195  0.0001289
22.610  0.9262755  0.0001280
22.630  0.9263731  0.0001292
22.650  0.9263398  0.0001276
22.670  0.9263227  0.0001278
22.690  0.9263102  0.0001282
22.710  0.9263989  0.0001290
22.730  0.9263721  0.0001277
22.750  0.9264307  0.0001292
22.770  0.9265192  0.0001307
22.790  0.9264222  0.0001302
22.810  0.9264297  0.0001299
22.830  0.9264439  0.0001281
22.850  0.9264186  0.0001311
22.870  0.9264926  0.0001296
22.890  0.9264171  0.0001308
22.910  0.9264803  0.0001276
22.930  0.9264912  0.0001277
22.950  0.9263385  0.0001280
22.970  0.9263816  0.0001292
22.990  0.9264067  0.0001280
23.010  0.9263380  0.0001294
23.030  0.9263703  0.0001289
23.050  0.9264080  0.0001307
23.070  0.9262835  0.0001284
23.090  0.9263027  0.0001288
23.110  0.9262594  0.0001290
23.130  0.9262420  0.0001292
23.150  0.9262564  0.0001284
23.170  0.9262681  0.0001296
23.190  0.9262524  0.0001292
23.210  0.9261850  0.0001290
23.230  0.9263646  0.0001299
23.250  0.9262097  0.0001306
23.270  0.9262796  0.0001298
23.290  0.9262329  0.0001280
23.310  0.9262844  0.0001304
23.330  0.9262693  0.0001310
23.350  0.9262734  0.0001303
23.370  0.9263431  0.0001286
23.390  0.9262521  0.0001286
23.410  0.9262031  0.0001288
23.430  0.9262031  0.0001304
23.450  0.9263248  0.0001301
23.470  0.9263792  0.0001299
23.490  0.9262511  0.0001277
23.510  0.9263082  0.0001304
23.530  0.9262712  0.0001291
23.550  0.9264137  0.0001285
23.570  0.9263988  0.0001266
23.590  0.9263104  0.0001276
23.610  0.9263048  0.0001278
23.630  0.9262269  0.0001305
23.650  0.9263412  0.0001284
23.670  0.9263808  0.0001278
23.690  0.9263573  0.0001285
23.710  0.9263796  0.0001302
23.730  0.9263446  0.0001288
23.750  0.9263457  0.0001267
23.770  0.9264694  0.0001293
23.790  0.9263899  0.0001292
23.810  0.9264638  0.0001279
23.830  0.9263266  0.0001318
23.850  0.9263971  0.0001302
23.870  0.9264007  0.0001278
23.890  0.9264085  0.0001274
23.910  0.9263959  0.0001272
23.930  0.9263588  0.0001289
23.950  0.9263733  0.0001275
23.970  0.9262511  0.0001282
23.990  0.9263071  0.0001277
24.010  0.9262600  0.0001299
24.030  0.9262245  0.0001297
24.050  0.9263495  0.0001291
24.070  0.9262035  0.0001308
24.090  0.9261853  0.0001276
24.110  0.9262519  0.0001319
24.130  0.9262705  0.0001299
24.150  0.9262861  0.0001307
24.170  0.9262397  0.0001288
24.190  0.9262088  0.0001275
24.210  0.9263794  0.0001293
24.230  0.9263004  0.0001292
24.250  0.9262259  0.0001280
24.270  0.9263801  0.0001294
24.290  0.9263243  0.0001307
24.310  0.9263089  0.0001287
24.330  0.9263051  0.0001293
24.350  0.9263939  0.0001277
24.370  0.9263661  0.0001306
24.390  0.9264159  0.0001292
24.410  0.9263985  0.0001281
24.430  0.9263223  0.0001278
24.450  0.9264057  0.0001300
24.470  0.9263558  0.0001285
24.490  0.9264427  0.0001281
24.510  0.9265038  0.0001308
24.530  0.9263101  0.0001281
24.550  0.9263756  0.0001304
24.570  0.9264068  0.0001287
24.590  0.9263901  0.0001279
24.610  0.9263590  0.0001292
24.630  0.9262726  0.0001304
24.650  0.9262994  0.0001293
24.670  0.9263584  0.0001311
24.690  0.9263035  0.0001293
24.710  0.9262982  0.0001295
24.730  0.9262437  0.0001288
24.750  0.9263277  0.0001318
24.770  0.9262245  0.0001292
24.790  0.9263960  0.0001314
24.810  0.9262440  0.0001301
24.830  0.9262887  0.0001284
24.850  0.9263111  0.0001293
24.870  0.9263040  0.0001284
24.890  0.9262943  0.0001279
24.910  0.9262266  0.0001266
24.930  0.9263148  0.0001288
24.950  0.9262481  0.0001292
24.970  0.9263265  0.0001290
24.990  0.9263034  0.0001296
25.010  0.9263575  0.0001276
25.030  0.9263820  0.0001284
25.050  0.9263982  0.0001272
25.070  0.9263512  0.0001300
25.090  0.9263526  0.0001302
25.110  0.9263093  0.0001289
25.130  0.9263518  0.0001294
25.150  0.9263103  0.0001303
25.170  0.9262641  0.0001302
25.190  0.9263157  0.0001308
25.210  0.9262015  0.0001293
25.230  0.9263674  0.0001296
25.250  0.9263887  0.0001287
25.270  0.9263236  0.0001308
25.290  0.9264152  0.0001270
25.310  0.9262849  0.0001310
25.330  0.9264043  0.0001289
25.350  0.9263120  0.0001269
25.370  0.9263381  0.0001285
25.390  0.9262992  0.0001286
25.410  0.9263650  0.0001282
25.430  0.9263154  0.0001294
25.450  0.9263035  0.0001279
25.470  0.9262575  0.0001276
25.490  0.9262772  0.0001324
25.510  0.9262582  0.0001266
25.530  0.9262949  0.0001294
25.550  0.9262496  0.0001305
25.570  0.9262822  0.0001295
25.590  0.9262867  0.0001281
25.610  0.9264035  0.0001295
25.630  0.9263321  0.0001259
25.650  0.9263724  0.0001293
25.670  0.9263076  0.0001298
25.690  0.9263114  0.0001290
25.710  0.9263481  0.0001293
25.730  0.9264214  0.0001304
25.750  0.9263539  0.0001288
25.770  0.9262950  0.0001262
25.790  0.9263553  0.0001277
25.810  0.9263329  0.0001290
25.830  0.9263498  0.0001287
25.850  0.9263510  0.0001294
25.870  0.9262945  0.0001302
25.890  0.9263905  0.0001302
25.910  0.9263160  0.0001307
25.930  0.9263646  0.0001274
25.950  0.9262629  0.0001278
25.970  0.9262804  0.0001290
25.990  0.9262918  0.0001277
26.010  0.9262712  0.0001293
26.030  0.9263612  0.0001269
26.050  0.9262569  0.0001273
26.070  0.9262528  0.0001287
26.090  0.9263739  0.0001291
26.110  0.9263110  0.0001293
26.130  0.9263232  0.0001294
26.150  0.9263219  0.0001282
26.170  0.9264262  0.0001280
26.190  0.9263615  0.0001299
26.210  0.9262614  0.0001300
26.230  0.9263528  0.0001285
26.250  0.9262075  0.0001286
26.270  0.9263202  0.0001291
26.290  0.9263920  0.0001292
26.310  0.9263499  0.0001306
26.330  0.9264593  0.0001287
26.350  0.9263612  0.0001314
26.370  0.9263980  0.0001283
26.390  0.9264067  0.0001303
26.410  0.9263394  0.0001287
26.430  0.9263310  0.0001285
26.450  0.9263594  0.0001303
26.470  0.9263839  0.0001309
26.490  0.9263724  0.0001273
26.510  0.9263100  0.0001306
26.530  0.9263104  0.0001294
26.550  0.9262731  0.0001296
26.570  0.9262146  0.0001277
26.590  0.9262785  0.0001300
26.610  0.9262949  0.0001279
26.630  0.9262910  0.0001305
26.650  0.9263432  0.0001285
26.670  0.9263042  0.0001281
26.690  0.9262434  0.0001278
26.710  0.9262897  0.0001284
26.730  0.9263553  0.0001271
26.750  0.9263284  0.0001292
26.770  0.9263578  0.0001306
26.790  0.9263799  0.0001288
26.810  0.9262818  0.0001281
26.830  0.9263136  0.0001286
26.850  0.9261921  0.0001288
26.870  0.9263421  0.0001307
26.890  0.9263449  0.0001294
26.910  0.9263175  0.0001310
26.930  0.9263507  0.0001283
26.950  0.9263866  0.0001294
26.970  0.9263306  0.0001282
26.990  0.9262881  0.0001285
27.010  0.9264123  0.0001294
27.030  0.9263967  0.0001288
27.050  0.9262990  0.0001286
27.070  0.9262926  0.0001288
27.090  0.9263506  0.0001281
27.110  0.9263542  0.0001299
27.130  0.9263104  0.0001316
27.150  0.9262670  0.0001270
27.170  0.9263535  0.0001291
27.190  0.9264441  0.0001273
27.210  0.9263215  0.0001300
27.230  0.9263858  0.0001291
27.250  0.9263702  0.0001303
27.270  0.9264603  0.0001295
27.290  0.9263283  0.0001309
27.310  0.9264209  0.0001284
27.330  0.9263750  0.0001276
27.350  0.9264419  0.0001273
27.370  0.9263858  0.0001288
27.390  0.9263793  0.0001291
27.410  0.9262984  0.0001281
27.430  0.9263334  0.0001294
27.450  0.9263072  0.0001287
27.470  0.9262197  0.0001288
27.490  0.9263747  0.0001275
27.510  0.9261730  0.0001286
27.530  0.9263688  0.0001297
27.550  0.9263476  0.0001285
27.570  0.9263153  0.0001321
27.590  0.9262489  0.0001277
27.610  0.9262752  0.0001294
27.630  0.9262535  0.0001282
27.650  0.9261824  0.0001310
27.670  0.9261705  0.0001278
27.690  0.9262406  0.0001301
27.710  0.9262531  0.0001269
27.730  0.9262861  0.0001274
27.750  0.9261611  0.0001283
27.770  0.9262355  0.0001278
27.790  0.9263342  0.0001279
27.810  0.9262726  0.0001263
27.830  0.9263372  0.0001287
27.850  0.9263588  0.0001285
27.870  0.9263792  0.0001277
27.890  0.9263593  0.0001275
27.910  0.9264065  0.0001287
27.930  0.9263473  0.0001282
27.950  0.9264171  0.0001273
27.970  0.9263666  0.0001273
27.990  0.9263603  0.0001277
28.010  0.9264656  0.0001273
28.030  0.9263874  0.0001274
28.050  0.9264520  0.0001313
28.070  0.9264249  0.0001297
28.090  0.9263847  0.0001282
28.110  0.9264318  0.0001279
28.130  0.9264145  0.0001292
28.150  0.9263489  0.0001276
28.170  0.9263671  0.0001292
28.190  0.9263563  0.0001276
28.210  0.9263859  0.0001291
28.230  0.9263576  0.0001302
28.250  0.9263475  0.0001280
28.270  0.9262723  0.0001296
28.290  0.9262745  0.0001283
28.310  0.9262855  0.0001291
28.330  0.9261684  0.0001275
28.350  0.9263042  0.0001308
28.370  0.9261617  0.0001294
28.390  0.9262568  0.0001273
28.410  0.9262179  0.0001272
28.430  0.9263149  0.0001279
28.450  0.9261974  0.0001283
28.470  0.9263418  0.0001302
28.490  0.9263159  0.0001290
28.510  0.9261729  0.0001285
28.530  0.9262441  0.0001286
28.550  0.9262593  0.0001301
28.570  0.9262265  0.0001270
28.590  0.9262659  0.0001280
28.610  0.9263347  0.0001284
28.630  0.9262373  0.0001295
28.650  0.9262764  0.0001283
28.670  0.9263489  0.0001290
28.690  0.9263120  0.0001285
28.710  0.9264121  0.0001302
28.730  0.9262607  0.0001284
28.750  0.9263659  0.0001298
28.770  0.9263594  0.0001310
28.790  0.9263726  0.0001296
28.810  0.9263519  0.0001293
28.830  0.9262586  0.0001282
28.850  0.9263591  0.0001327
28.870  0.9263610  0.0001283
28.890  0.9263228  0.0001302
28.910  0.9264552  0.0001297
28.930  0.9264700  0.0001299
28.950  0.9264727  0.0001279
28.970  0.9264833  0.0001294
28.990  0.9264894  0.0001280
29.010  0.9263842  0.0001286
29.030  0.9263856  0.0001280
29.050  0.9263674  0.0001298
29.070  0.9263234  0.0001292
29.090  0.9263038  0.0001292
29.110  0.9264021  0.0001290
29.130  0.9263367  0.0001282
29.150  0.9262753  0.0001306
29.170  0.9262539  0.0001288
29.190  0.9262968  0.0001282
29.210  0.9262471  0.0001281
29.230  0.9262205  0.0001271
29.250  0.9262613  0.0001275
29.270  0.9262108  0.0001279
29.290  0.9263124  0.0001287
29.310  0.9262976  0.0001266
29.330  0.9262452  0.0001277
29.350  0.9262589  0.0001265
29.370  0.9262743  0.0001285
29.390  0.9263270  0.0001272
29.410  0.9261901  0.0001259
29.430  0.9263711  0.0001278
29.450  0.9263025  0.0001277
29.470  0.9263708  0.0001267
29.490  0.9263054  0.0001278
29.510  0.9262511  0.0001297
29.530  0.9262758  0.0001288
29.550  0.9263582  0.0001308
29.570  0.9263170  0.0001272
29.590  0.9263463  0.0001304
29.610  0.9262598  0.0001274
29.630  0.9262965  0.0001307
29.650  0.9263094  0.0001292
29.670  0.9263287  0.0001310
29.690  0.9262501  0.0001286
29.710  0.9263595  0.0001305
29.730  0.9264002  0.0001283
29.750  0.9263147  0.0001290
29.770  0.9263298  0.0001280
29.790  0.9263355  0.0001289
29.810  0.9263346  0.0001291
29.830  0.9263303  0.0001257
29.850  0.9262490  0.0001282
29.870  0.9263907  0.0001265
29.890  0.9263988  0.0001288
29.910  0.9263319  0.0001273
29.930  0.9263281  0.0001279
29.950  0.9263524  0.0001265
29.970  0.9263295  0.0001288
29.990  0.9263567  0.0001298
30.010  0.9263887  0.0001288
30.030  0.9262824  0.0001305
30.050  0.9263195  0.0001305
30.070  0.9263606  0.0001307
30.090  0.9262623  0.0001298
30.110  0.9263156  0.0001309
30.130  0.9263200  0.0001295
30.150  0.9263358  0.0001299
30.170  0.9262646  0.0001293
30.190  0.9263212  0.0001292
30.210  0.9262831  0.0001266
30.230  0.9263387  0.0001256
30.250  0.9263496  0.0001262
30.270  0.9263458  0.0001269
30.290  0.9263776  0.0001260
30.310  0.9263230  0.0001256
30.330  0.9262324  0.0001276
30.350  0.9262682  0.0001270
30.370  0.9262930  0.0001270
30.390  0.9263079  0.0001285
30.410  0.9262486  0.0001267
30.430  0.9263143  0.0001267
30.450  0.9262033  0.0001305
30.470  0.9262834  0.0001309
30.490  0.9263183  0.0001299
30.510  0.9262733  0.0001330
30.530  0.9262719  0.0001322
30.550  0.9263320  0.0001323
30.570  0.9262239  0.0001328
30.590  0.9263636  0.0001304
30.610  0.9263723  0.0001304
30.630  0.9262256  0.0001294
30.650  0.9264010  0.0001308
30.670  0.9263145  0.0001276
30.690  0.9263288  0.0001292
30.710  0.9263561  0.0001298
30.730  0.9263378  0.0001262
30.750  0.9264178  0.0001240
30.770  0.9263945  0.0001240
30.790  0.9264472  0.0001256
30.810  0.9262663  0.0001256
30.830  0.9264274  0.0001279
30.850  0.9263142  0.0001292
30.870  0.9263335  0.0001306
30.890  0.9263531  0.0001319
30.910  0.9263052  0.0001314
30.930  0.9263172  0.0001338
30.950  0.9262987  0.0001326
30.970  0.9263561  0.0001356
30.990  0.9263506  0.0001342
31.010  0.9263228  0.0001348
31.030  0.9263538  0.0001322
31.050  0.9263375  0.0001295
31.070  0.9263192  0.0001300
31.090  0.9262504  0.0001285
31.110  0.9262660  0.0001287
31.130  0.9262391  0.0001264
31.150  0.9261901  0.0001257
31.170  0.9262811  0.0001238
31.190  0.9263388  0.0001250
31.210  0.9263331  0.0001246
31.230  0.9264498  0.0001238
31.250  0.9262826  0.0001238
31.270  0.9263454  0.0001237
31.290  0.9262764  0.0001253
31.310  0.9263963  0.0001279
31.330  0.9263453  0.0001287
31.350  0.9263493  0.0001314
31.370  0.9263444  0.0001334
31.390  0.9262448  0.0001354
31.410  0.9262986  0.0001355
31.430  0.9263614  0.0001351
31.450  0.9263284  0.0001353
31.470  0.9262923  0.0001358
31.490  0.9262690  0.0001352
31.510  0.9263116  0.0001322
31.530  0.9262407  0.0001309
31.550  0.9263043  0.0001302
31.570  0.9263204  0.0001271
31.590  0.9263215  0.0001245
31.610  0.9262868  0.0001232
31.630  0.9263108  0.0001236
31.650  0.9262769  0.0001202
31.670  0.9263168  0.0001220
31.690  0.9263564  0.0001196
31.710  0.9263907  0.0001186
31.730  0.9263099  0.0001239
31.750  0.9262775  0.0001232
31.770  0.9262130  0.0001280
31.790  0.9263494  0.0001300
31.810  0.9263954  0.0001330
31.830  0.9263208  0.0001352
31.850  0.9263256  0.0001359
31.870  0.9262783  0.0001392
31.890  0.9262574  0.0001367
31.910  0.9263669  0.0001395
31.930  0.9263495  0.0001386
31.950  0.9263438  0.0001373
31.970  0.9263394  0.0001352
31.990  0.9262983  0.0001314
32.010  0.9263668  0.0001286
32.030  0.9263698  0.0001263
32.050  0.9263609  0.0001242
32.070  0.9263974  0.0001195
32.090  0.9262928  0.0001195
32.110  0.9262593  0.0001156
32.130  0.9263463  0.0001150
32.150  0.9262255  0.0001144
32.170  0.9262683  0.0001165
32.190  0.9262541  0.0001197
32.210  0.9262839  0.0001217
32.230  0.9263847  0.0001263
32.250  0.9262376  0.0001286
32.270  0.9263211  0.0001382
32.290  0.9263332  0.0001404
32.310  0.9262848  0.0001437
32.330  0.9263550  0.0001428
32.350  0.9263785  0.0001436
32.370  0.9262510  0.0001414
32.390  0.9263098  0.0001381
32.410  0.9262852  0.0001366
32.430  0.9262880  0.0001338
32.450  0.9262812  0.0001300
32.470  0.9263724  0.0001256
32.490  0.9263867  0.0001229
32.510  0.9264078  0.0001199
32.530  0.9264057  0.0001176
32.550  0.9263181  0.0001143
32.570  0.9263632  0.0001121
32.590  0.9263373  0.0001131
32.610  0.9263563  0.0001146
32.630  0.9263594  0.0001132
32.650  0.9262876  0.0001157
32.670  0.9262964  0.0001194
32.690  0.9263274  0.0001226
32.710  0.9262529  0.0001300
32.730  0.9262710  0.0001335
32.750  0.9263344  0.0001444
32.770  0.9262711  0.0001327
