% Density Profile of Hard Spheres at a Hard Flat Wall: rho(z), rho(z < 0.5) = 0
% Bulk density: rho (95% CI) = 0.88372023(0.00000468)
%
% rho_i is the average density in the interval [z_i-0.01, z_i+0.01]
%
%  z_i    rho_i     95% CI 
 0.510  7.9740792  0.0004394
 0.530  6.2378937  0.0003186
 0.550  4.9019004  0.0002492
 0.570  3.8709213  0.0001991
 0.590  3.0731854  0.0001695
 0.610  2.4541509  0.0001571
 0.630  1.9722556  0.0001381
 0.650  1.5958363  0.0001292
 0.670  1.3010460  0.0001176
 0.690  1.0690781  0.0001076
 0.710  0.8862002  0.0000999
 0.730  0.7412413  0.0000926
 0.750  0.6260201  0.0000855
 0.770  0.5340770  0.0000799
 0.790  0.4605250  0.0000742
 0.810  0.4013763  0.0000714
 0.830  0.3537883  0.0000662
 0.850  0.3155018  0.0000627
 0.870  0.2846566  0.0000607
 0.890  0.2599293  0.0000570
 0.910  0.2402365  0.0000569
 0.930  0.2248538  0.0000549
 0.950  0.2130640  0.0000536
 0.970  0.2045466  0.0000530
 0.990  0.1988738  0.0000525
 1.010  0.1959598  0.0000519
 1.030  0.1957816  0.0000523
 1.050  0.1983471  0.0000534
 1.070  0.2036987  0.0000552
 1.090  0.2123231  0.0000560
 1.110  0.2244742  0.0000585
 1.130  0.2409192  0.0000591
 1.150  0.2623938  0.0000624
 1.170  0.2900895  0.0000662
 1.190  0.3253649  0.0000712
 1.210  0.3701310  0.0000742
 1.230  0.4264938  0.0000798
 1.250  0.4971541  0.0000853
 1.270  0.5850718  0.0000927
 1.290  0.6934095  0.0001005
 1.310  0.8253006  0.0001105
 1.330  0.9828687  0.0001256
 1.350  1.1664194  0.0001359
 1.370  1.3703145  0.0001522
 1.390  1.5792497  0.0001707
 1.410  1.7678880  0.0001817
 1.430  1.9125352  0.0001885
 1.450  2.0006451  0.0001839
 1.470  2.0300925  0.0001772
 1.490  2.0066876  0.0001720
 1.510  1.9361466  0.0001616
 1.530  1.8196326  0.0001518
 1.550  1.6780587  0.0001427
 1.570  1.5288783  0.0001343
 1.590  1.3827575  0.0001274
 1.610  1.2458164  0.0001242
 1.630  1.1209453  0.0001185
 1.650  1.0090029  0.0001140
 1.670  0.9104394  0.0001092
 1.690  0.8244336  0.0001045
 1.710  0.7501258  0.0000975
 1.730  0.6861933  0.0000961
 1.750  0.6318021  0.0000918
 1.770  0.5858584  0.0000892
 1.790  0.5472110  0.0000853
 1.810  0.5154323  0.0000844
 1.830  0.4895067  0.0000807
 1.850  0.4689634  0.0000810
 1.870  0.4532637  0.0000791
 1.890  0.4423053  0.0000782
 1.910  0.4354990  0.0000796
 1.930  0.4327814  0.0000780
 1.950  0.4342587  0.0000775
 1.970  0.4396094  0.0000804
 1.990  0.4492017  0.0000806
 2.010  0.4630141  0.0000817
 2.030  0.4812785  0.0000843
 2.050  0.5044726  0.0000853
 2.070  0.5328553  0.0000886
 2.090  0.5665801  0.0000909
 2.110  0.6062111  0.0000913
 2.130  0.6520649  0.0000967
 2.150  0.7041041  0.0001024
 2.170  0.7624032  0.0001054
 2.190  0.8264998  0.0001115
 2.210  0.8955646  0.0001166
 2.230  0.9680733  0.0001228
 2.250  1.0421581  0.0001288
 2.270  1.1153137  0.0001330
 2.290  1.1840845  0.0001370
 2.310  1.2458622  0.0001446
 2.330  1.2970871  0.0001457
 2.350  1.3357023  0.0001442
 2.370  1.3600158  0.0001444
 2.390  1.3692330  0.0001421
 2.410  1.3638856  0.0001380
 2.430  1.3446615  0.0001344
 2.450  1.3139949  0.0001323
 2.470  1.2736010  0.0001286
 2.490  1.2259534  0.0001234
 2.510  1.1736369  0.0001210
 2.530  1.1186588  0.0001194
 2.550  1.0627744  0.0001168
 2.570  1.0078818  0.0001127
 2.590  0.9550518  0.0001112
 2.610  0.9052615  0.0001083
 2.630  0.8591551  0.0001067
 2.650  0.8170231  0.0001035
 2.670  0.7791314  0.0001029
 2.690  0.7455889  0.0000997
 2.710  0.7162380  0.0000972
 2.730  0.6911015  0.0000972
 2.750  0.6700401  0.0000943
 2.770  0.6529348  0.0000935
 2.790  0.6395702  0.0000939
 2.810  0.6299530  0.0000927
 2.830  0.6238478  0.0000907
 2.850  0.6211865  0.0000911
 2.870  0.6220088  0.0000909
 2.890  0.6261953  0.0000915
 2.910  0.6337392  0.0000917
 2.930  0.6445853  0.0000938
 2.950  0.6586160  0.0000932
 2.970  0.6759603  0.0000958
 2.990  0.6964491  0.0000957
 3.010  0.7200605  0.0000987
 3.030  0.7465958  0.0001035
 3.050  0.7757515  0.0001033
 3.070  0.8072158  0.0001064
 3.090  0.8404234  0.0001080
 3.110  0.8750249  0.0001113
 3.130  0.9101912  0.0001135
 3.150  0.9450443  0.0001191
 3.170  0.9788749  0.0001191
 3.190  1.0106620  0.0001209
 3.210  1.0393927  0.0001223
 3.230  1.0642663  0.0001239
 3.250  1.0847758  0.0001259
 3.270  1.0998801  0.0001246
 3.290  1.1097879  0.0001232
 3.310  1.1139887  0.0001239
 3.330  1.1127106  0.0001211
 3.350  1.1061146  0.0001200
 3.370  1.0947179  0.0001182
 3.390  1.0791281  0.0001172
 3.410  1.0601001  0.0001181
 3.430  1.0381728  0.0001139
 3.450  1.0142874  0.0001126
 3.470  0.9890086  0.0001115
 3.490  0.9631239  0.0001087
 3.510  0.9372019  0.0001095
 3.530  0.9116495  0.0001072
 3.550  0.8870352  0.0001068
 3.570  0.8637054  0.0001056
 3.590  0.8419667  0.0001056
 3.610  0.8220011  0.0001042
 3.630  0.8040813  0.0001012
 3.650  0.7881499  0.0001011
 3.670  0.7745225  0.0001006
 3.690  0.7631666  0.0000989
 3.710  0.7541335  0.0000994
 3.730  0.7473239  0.0000992
 3.750  0.7428562  0.0000961
 3.770  0.7406494  0.0000999
 3.790  0.7407349  0.0000964
 3.810  0.7430151  0.0000988
 3.830  0.7474674  0.0000974
 3.850  0.7539103  0.0000996
 3.870  0.7623359  0.0000990
 3.890  0.7727616  0.0001011
 3.910  0.7846467  0.0001005
 3.930  0.7983488  0.0001020
 3.950  0.8132773  0.0001039
 3.970  0.8293796  0.0001062
 3.990  0.8464427  0.0001071
 4.010  0.8639381  0.0001089
 4.030  0.8817406  0.0001097
 4.050  0.8993272  0.0001129
 4.070  0.9165709  0.0001124
 4.090  0.9328776  0.0001122
 4.110  0.9479900  0.0001136
 4.130  0.9614873  0.0001153
 4.150  0.9731187  0.0001155
 4.170  0.9827255  0.0001152
 4.190  0.9900724  0.0001160
 4.210  0.9948808  0.0001140
 4.230  0.9973611  0.0001160
 4.250  0.9972275  0.0001138
 4.270  0.9947890  0.0001136
 4.290  0.9902246  0.0001126
 4.310  0.9836283  0.0001123
 4.330  0.9752506  0.0001121
 4.350  0.9653751  0.0001109
 4.370  0.9543930  0.0001098
 4.390  0.9424751  0.0001087
 4.410  0.9299767  0.0001081
 4.430  0.9170803  0.0001065
 4.450  0.9040116  0.0001071
 4.470  0.8913354  0.0001052
 4.490  0.8789488  0.0001050
 4.510  0.8672688  0.0001051
 4.530  0.8562874  0.0001057
 4.550  0.8461378  0.0001045
 4.570  0.8370945  0.0001050
 4.590  0.8291343  0.0001024
 4.610  0.8222805  0.0001029
 4.630  0.8168920  0.0001014
 4.650  0.8128194  0.0001035
 4.670  0.8098973  0.0001009
 4.690  0.8083241  0.0001041
 4.710  0.8080553  0.0001009
 4.730  0.8090575  0.0001023
 4.750  0.8113183  0.0001017
 4.770  0.8148604  0.0001031
 4.790  0.8193479  0.0001045
 4.810  0.8249264  0.0001021
 4.830  0.8313469  0.0001020
 4.850  0.8386649  0.0001053
 4.870  0.8465614  0.0001041
 4.890  0.8550633  0.0001052
 4.910  0.8638471  0.0001078
 4.930  0.8729039  0.0001054
 4.950  0.8819898  0.0001090
 4.970  0.8909903  0.0001064
 4.990  0.8996076  0.0001074
 5.010  0.9078106  0.0001092
 5.030  0.9153958  0.0001112
 5.050  0.9220623  0.0001086
 5.070  0.9279512  0.0001115
 5.090  0.9328338  0.0001107
 5.110  0.9365505  0.0001099
 5.130  0.9391416  0.0001112
 5.150  0.9405737  0.0001099
 5.170  0.9409313  0.0001098
 5.190  0.9400090  0.0001112
 5.210  0.9382421  0.0001087
 5.230  0.9352494  0.0001093
 5.250  0.9314485  0.0001078
 5.270  0.9268304  0.0001083
 5.290  0.9215831  0.0001073
 5.310  0.9157869  0.0001075
 5.330  0.9096639  0.0001084
 5.350  0.9031130  0.0001084
 5.370  0.8966813  0.0001079
 5.390  0.8900824  0.0001063
 5.410  0.8836790  0.0001060
 5.430  0.8773746  0.0001064
 5.450  0.8715529  0.0001043
 5.470  0.8661178  0.0001052
 5.490  0.8611913  0.0001051
 5.510  0.8567445  0.0001056
 5.530  0.8530367  0.0001061
 5.550  0.8499088  0.0001045
 5.570  0.8473694  0.0001040
 5.590  0.8455490  0.0001052
 5.610  0.8445080  0.0001029
 5.630  0.8443002  0.0001037
 5.650  0.8446650  0.0001025
 5.670  0.8458157  0.0001042
 5.690  0.8474826  0.0001033
 5.710  0.8498236  0.0001045
 5.730  0.8526464  0.0001045
 5.750  0.8559647  0.0001044
 5.770  0.8597632  0.0001044
 5.790  0.8638144  0.0001052
 5.810  0.8682509  0.0001049
 5.830  0.8727746  0.0001058
 5.850  0.8774325  0.0001049
 5.870  0.8821317  0.0001057
 5.890  0.8867158  0.0001055
 5.910  0.8911249  0.0001091
 5.930  0.8951756  0.0001079
 5.950  0.8990853  0.0001067
 5.970  0.9025379  0.0001081
 5.990  0.9056060  0.0001073
 6.010  0.9080874  0.0001078
 6.030  0.9101366  0.0001090
 6.050  0.9116187  0.0001089
 6.070  0.9125030  0.0001079
 6.090  0.9126997  0.0001067
 6.110  0.9124320  0.0001100
 6.130  0.9117288  0.0001092
 6.150  0.9103057  0.0001098
 6.170  0.9086069  0.0001084
 6.190  0.9064368  0.0001071
 6.210  0.9038346  0.0001079
 6.230  0.9009927  0.0001072
 6.250  0.8980051  0.0001089
 6.270  0.8947447  0.0001058
 6.290  0.8914544  0.0001056
 6.310  0.8880651  0.0001056
 6.330  0.8847747  0.0001049
 6.350  0.8814883  0.0001069
 6.370  0.8784414  0.0001056
 6.390  0.8755626  0.0001057
 6.410  0.8728492  0.0001060
 6.430  0.8704332  0.0001067
 6.450  0.8683384  0.0001045
 6.470  0.8666524  0.0001051
 6.490  0.8652977  0.0001044
 6.510  0.8642427  0.0001050
 6.530  0.8637155  0.0001035
 6.550  0.8633749  0.0001039
 6.570  0.8635240  0.0001040
 6.590  0.8639292  0.0001052
 6.610  0.8648217  0.0001045
 6.630  0.8659616  0.0001045
 6.650  0.8673733  0.0001055
 6.670  0.8690954  0.0001060
 6.690  0.8709244  0.0001044
 6.710  0.8729978  0.0001050
 6.730  0.8752870  0.0001058
 6.750  0.8775999  0.0001064
 6.770  0.8799626  0.0001059
 6.790  0.8823415  0.0001053
 6.810  0.8847137  0.0001055
 6.830  0.8870564  0.0001048
 6.850  0.8890959  0.0001062
 6.870  0.8910996  0.0001064
 6.890  0.8928889  0.0001072
 6.910  0.8945151  0.0001069
 6.930  0.8958408  0.0001070
 6.950  0.8969067  0.0001078
 6.970  0.8977455  0.0001064
 6.990  0.8982990  0.0001080
 7.010  0.8984172  0.0001063
 7.030  0.8983796  0.0001073
 7.050  0.8980743  0.0001055
 7.070  0.8974814  0.0001073
 7.090  0.8966662  0.0001075
 7.110  0.8956035  0.0001067
 7.130  0.8943647  0.0001062
 7.150  0.8930532  0.0001072
 7.170  0.8915822  0.0001063
 7.190  0.8899053  0.0001055
 7.210  0.8882002  0.0001043
 7.230  0.8864656  0.0001056
 7.250  0.8848263  0.0001059
 7.270  0.8831111  0.0001071
 7.290  0.8814291  0.0001057
 7.310  0.8799250  0.0001049
 7.330  0.8785804  0.0001050
 7.350  0.8772215  0.0001061
 7.370  0.8761391  0.0001052
 7.390  0.8751814  0.0001050
 7.410  0.8744539  0.0001055
 7.430  0.8738510  0.0001059
 7.450  0.8734282  0.0001055
 7.470  0.8733347  0.0001058
 7.490  0.8733172  0.0001055
 7.510  0.8734744  0.0001073
 7.530  0.8738836  0.0001054
 7.550  0.8744459  0.0001066
 7.570  0.8751144  0.0001041
 7.590  0.8759203  0.0001058
 7.610  0.8768986  0.0001040
 7.630  0.8779546  0.0001053
 7.650  0.8790884  0.0001068
 7.670  0.8802809  0.0001060
 7.690  0.8814945  0.0001063
 7.710  0.8826349  0.0001063
 7.730  0.8839567  0.0001055
 7.750  0.8850444  0.0001067
 7.770  0.8861912  0.0001053
 7.790  0.8872509  0.0001075
 7.810  0.8882845  0.0001055
 7.830  0.8890892  0.0001059
 7.850  0.8898020  0.0001047
 7.870  0.8903289  0.0001048
 7.890  0.8908862  0.0001062
 7.910  0.8910415  0.0001053
 7.930  0.8912284  0.0001059
 7.950  0.8912732  0.0001051
 7.970  0.8911604  0.0001034
 7.990  0.8908421  0.0001068
 8.010  0.8904774  0.0001065
 8.030  0.8899798  0.0001089
 8.050  0.8892963  0.0001065
 8.070  0.8887177  0.0001053
 8.090  0.8880099  0.0001060
 8.110  0.8870738  0.0001071
 8.130  0.8863133  0.0001054
 8.150  0.8854073  0.0001066
 8.170  0.8845315  0.0001052
 8.190  0.8835975  0.0001069
 8.210  0.8827861  0.0001047
 8.230  0.8820924  0.0001061
 8.250  0.8813017  0.0001050
 8.270  0.8805631  0.0001034
 8.290  0.8799648  0.0001038
 8.310  0.8795076  0.0001040
 8.330  0.8789532  0.0001033
 8.350  0.8786686  0.0001049
 8.370  0.8785043  0.0001049
 8.390  0.8783953  0.0001055
 8.410  0.8784147  0.0001063
 8.430  0.8784901  0.0001058
 8.450  0.8786270  0.0001046
 8.470  0.8789168  0.0001078
 8.490  0.8791765  0.0001065
 8.510  0.8795842  0.0001057
 8.530  0.8800755  0.0001048
 8.550  0.8806393  0.0001059
 8.570  0.8811910  0.0001059
 8.590  0.8817765  0.0001054
 8.610  0.8823387  0.0001062
 8.630  0.8829999  0.0001043
 8.650  0.8836141  0.0001041
 8.670  0.8842894  0.0001052
 8.690  0.8848782  0.0001059
 8.710  0.8853833  0.0001067
 8.730  0.8858505  0.0001051
 8.750  0.8863849  0.0001064
 8.770  0.8867074  0.0001072
 8.790  0.8870409  0.0001068
 8.810  0.8872830  0.0001064
 8.830  0.8874530  0.0001071
 8.850  0.8875653  0.0001061
 8.870  0.8875960  0.0001062
 8.890  0.8875767  0.0001063
 8.910  0.8874208  0.0001064
 8.930  0.8871713  0.0001053
 8.950  0.8869919  0.0001063
 8.970  0.8867205  0.0001076
 8.990  0.8863440  0.0001066
 9.010  0.8860528  0.0001040
 9.030  0.8855734  0.0001049
 9.050  0.8851445  0.0001046
 9.070  0.8847613  0.0001058
 9.090  0.8842716  0.0001054
 9.110  0.8837893  0.0001044
 9.130  0.8833592  0.0001050
 9.150  0.8829372  0.0001068
 9.170  0.8824841  0.0001063
 9.190  0.8821789  0.0001061
 9.210  0.8819160  0.0001057
 9.230  0.8817273  0.0001031
 9.250  0.8813277  0.0001062
 9.270  0.8813067  0.0001055
 9.290  0.8810772  0.0001027
 9.310  0.8809761  0.0001055
 9.330  0.8809460  0.0001069
 9.350  0.8810054  0.0001044
 9.370  0.8810630  0.0001060
 9.390  0.8811506  0.0001047
 9.410  0.8813896  0.0001064
 9.430  0.8815398  0.0001053
 9.450  0.8818229  0.0001048
 9.470  0.8821514  0.0001049
 9.490  0.8823555  0.0001055
 9.510  0.8826964  0.0001054
 9.530  0.8830728  0.0001060
 9.550  0.8832274  0.0001059
 9.570  0.8836011  0.0001045
 9.590  0.8838997  0.0001056
 9.610  0.8842638  0.0001046
 9.630  0.8845401  0.0001058
 9.650  0.8846654  0.0001058
 9.670  0.8849371  0.0001057
 9.690  0.8850973  0.0001048
 9.710  0.8853438  0.0001046
 9.730  0.8854680  0.0001064
 9.750  0.8855904  0.0001063
 9.770  0.8856599  0.0001076
 9.790  0.8857139  0.0001058
 9.810  0.8856153  0.0001069
 9.830  0.8856591  0.0001038
 9.850  0.8855709  0.0001058
 9.870  0.8854340  0.0001050
 9.890  0.8852682  0.0001057
 9.910  0.8850810  0.0001053
 9.930  0.8849269  0.0001045
 9.950  0.8847156  0.0001041
 9.970  0.8844468  0.0001058
 9.990  0.8842586  0.0001069
10.010  0.8840458  0.0001053
10.030  0.8838060  0.0001061
10.050  0.8835910  0.0001069
10.070  0.8834249  0.0001046
10.090  0.8832022  0.0001052
10.110  0.8830968  0.0001038
10.130  0.8829233  0.0001071
10.150  0.8826838  0.0001058
10.170  0.8825486  0.0001072
10.190  0.8824197  0.0001067
10.210  0.8823277  0.0001055
10.230  0.8822725  0.0001055
10.250  0.8822753  0.0001029
10.270  0.8824075  0.0001058
10.290  0.8824137  0.0001049
10.310  0.8824573  0.0001048
10.330  0.8824886  0.0001063
10.350  0.8826044  0.0001044
10.370  0.8826566  0.0001057
10.390  0.8827228  0.0001067
10.410  0.8830314  0.0001059
10.430  0.8831258  0.0001051
10.450  0.8833200  0.0001056
10.470  0.8835043  0.0001046
10.490  0.8836244  0.0001047
10.510  0.8836930  0.0001074
10.530  0.8838559  0.0001058
10.550  0.8841170  0.0001066
10.570  0.8841622  0.0001069
10.590  0.8843465  0.0001064
10.610  0.8844010  0.0001049
10.630  0.8844596  0.0001059
10.650  0.8846959  0.0001057
10.670  0.8846858  0.0001055
10.690  0.8847615  0.0001054
10.710  0.8847737  0.0001056
10.730  0.8847586  0.0001077
10.750  0.8847740  0.0001064
10.770  0.8847482  0.0001026
10.790  0.8846137  0.0001079
10.810  0.8845646  0.0001076
10.830  0.8844059  0.0001045
10.850  0.8843791  0.0001049
10.870  0.8842915  0.0001061
10.890  0.8841276  0.0001062
10.910  0.8840825  0.0001045
10.930  0.8839270  0.0001065
10.950  0.8838425  0.0001046
10.970  0.8837465  0.0001054
10.990  0.8836186  0.0001067
11.010  0.8835111  0.0001050
11.030  0.8833991  0.0001059
11.050  0.8832740  0.0001055
11.070  0.8832228  0.0001048
11.090  0.8831395  0.0001061
11.110  0.8830146  0.0001044
11.130  0.8830914  0.0001060
11.150  0.8830798  0.0001062
11.170  0.8830059  0.0001050
11.190  0.8830357  0.0001059
11.210  0.8830072  0.0001070
11.230  0.8830345  0.0001067
11.250  0.8831126  0.0001041
11.270  0.8830861  0.0001054
11.290  0.8831665  0.0001057
11.310  0.8831528  0.0001062
11.330  0.8832631  0.0001049
11.350  0.8834120  0.0001050
11.370  0.8834332  0.0001053
11.390  0.8835617  0.0001054
11.410  0.8835557  0.0001047
11.430  0.8837253  0.0001076
11.450  0.8837412  0.0001067
11.470  0.8838757  0.0001059
11.490  0.8838173  0.0001059
11.510  0.8839574  0.0001069
11.530  0.8840443  0.0001070
11.550  0.8841355  0.0001055
11.570  0.8841542  0.0001054
11.590  0.8842014  0.0001056
11.610  0.8842101  0.0001069
11.630  0.8842213  0.0001065
11.650  0.8842918  0.0001048
11.670  0.8842206  0.0001075
11.690  0.8842324  0.0001066
11.710  0.8843189  0.0001058
11.730  0.8842699  0.0001080
11.750  0.8841698  0.0001069
11.770  0.8840990  0.0001066
11.790  0.8841196  0.0001056
11.810  0.8840317  0.0001069
11.830  0.8839755  0.0001054
11.850  0.8838540  0.0001082
11.870  0.8838406  0.0001070
11.890  0.8838018  0.0001071
11.910  0.8836933  0.0001054
11.930  0.8836430  0.0001064
11.950  0.8835828  0.0001069
11.970  0.8835761  0.0001056
11.990  0.8834376  0.0001050
12.010  0.8834081  0.0001060
12.030  0.8834062  0.0001054
12.050  0.8833881  0.0001069
12.070  0.8833447  0.0001055
12.090  0.8833258  0.0001061
12.110  0.8833336  0.0001085
12.130  0.8832850  0.0001067
12.150  0.8833188  0.0001069
12.170  0.8833844  0.0001072
12.190  0.8833862  0.0001052
12.210  0.8833891  0.0001056
12.230  0.8834123  0.0001057
12.250  0.8834644  0.0001081
12.270  0.8835242  0.0001063
12.290  0.8836288  0.0001037
12.310  0.8835557  0.0001052
12.330  0.8836358  0.0001064
12.350  0.8837259  0.0001066
12.370  0.8837552  0.0001038
12.390  0.8838119  0.0001059
12.410  0.8838260  0.0001063
12.430  0.8839716  0.0001050
12.450  0.8839363  0.0001055
12.470  0.8838602  0.0001067
12.490  0.8838916  0.0001054
12.510  0.8839514  0.0001061
12.530  0.8839969  0.0001066
12.550  0.8839258  0.0001081
12.570  0.8840475  0.0001069
12.590  0.8840532  0.0001043
12.610  0.8840339  0.0001070
12.630  0.8839434  0.0001068
12.650  0.8840519  0.0001057
12.670  0.8839589  0.0001062
12.690  0.8839039  0.0001052
12.710  0.8839217  0.0001049
12.730  0.8838469  0.0001066
12.750  0.8838351  0.0001046
12.770  0.8838077  0.0001046
12.790  0.8838320  0.0001055
12.810  0.8836253  0.0001049
12.830  0.8837312  0.0001066
12.850  0.8836387  0.0001066
12.870  0.8835541  0.0001058
12.890  0.8836107  0.0001036
12.910  0.8836151  0.0001063
12.930  0.8835855  0.0001058
12.950  0.8835883  0.0001056
12.970  0.8835376  0.0001050
12.990  0.8836748  0.0001056
13.010  0.8834662  0.0001049
13.030  0.8835629  0.0001034
13.050  0.8835509  0.0001064
13.070  0.8834996  0.0001059
13.090  0.8835173  0.0001053
13.110  0.8835390  0.0001077
13.130  0.8835736  0.0001054
13.150  0.8835983  0.0001048
13.170  0.8836290  0.0001058
13.190  0.8836204  0.0001058
13.210  0.8836112  0.0001061
13.230  0.8836212  0.0001062
13.250  0.8836843  0.0001057
13.270  0.8837159  0.0001058
13.290  0.8837444  0.0001057
13.310  0.8838332  0.0001064
13.330  0.8837086  0.0001061
13.350  0.8837974  0.0001050
13.370  0.8838440  0.0001053
13.390  0.8838739  0.0001074
13.410  0.8838441  0.0001057
13.430  0.8839126  0.0001056
13.450  0.8838580  0.0001050
13.470  0.8837977  0.0001080
13.490  0.8838248  0.0001067
13.510  0.8838973  0.0001044
13.530  0.8838172  0.0001050
13.550  0.8839301  0.0001061
13.570  0.8838710  0.0001060
13.590  0.8837469  0.0001052
13.610  0.8838306  0.0001069
13.630  0.8837100  0.0001059
13.650  0.8837268  0.0001060
13.670  0.8837596  0.0001063
13.690  0.8837781  0.0001054
13.710  0.8837345  0.0001057
13.730  0.8836893  0.0001062
13.750  0.8837640  0.0001041
13.770  0.8836586  0.0001057
13.790  0.8836390  0.0001056
13.810  0.8836778  0.0001072
13.830  0.8836153  0.0001065
13.850  0.8836853  0.0001049
13.870  0.8836715  0.0001066
13.890  0.8836789  0.0001060
13.910  0.8836886  0.0001048
13.930  0.8836186  0.0001078
13.950  0.8836795  0.0001065
13.970  0.8835800  0.0001058
13.990  0.8835991  0.0001058
14.010  0.8837317  0.0001068
14.030  0.8837330  0.0001070
14.050  0.8836486  0.0001069
14.070  0.8835761  0.0001045
14.090  0.8836961  0.0001055
14.110  0.8838049  0.0001067
14.130  0.8837066  0.0001056
14.150  0.8836841  0.0001065
14.170  0.8836138  0.0001038
14.190  0.8836064  0.0001062
14.210  0.8836659  0.0001045
14.230  0.8837620  0.0001074
14.250  0.8837728  0.0001053
14.270  0.8838432  0.0001048
14.290  0.8837261  0.0001056
14.310  0.8836780  0.0001053
14.330  0.8836924  0.0001038
14.350  0.8837417  0.0001050
14.370  0.8837579  0.0001034
14.390  0.8837607  0.0001048
14.410  0.8838064  0.0001060
14.430  0.8838345  0.0001062
14.450  0.8837703  0.0001040
14.470  0.8838186  0.0001049
14.490  0.8837855  0.0001054
14.510  0.8837933  0.0001065
14.530  0.8837718  0.0001056
14.550  0.8837547  0.0001062
14.570  0.8838524  0.0001080
14.590  0.8839153  0.0001058
14.610  0.8838951  0.0001060
14.630  0.8837985  0.0001065
14.650  0.8837858  0.0001040
14.670  0.8836974  0.0001067
14.690  0.8838421  0.0001073
14.710  0.8837443  0.0001064
14.730  0.8837216  0.0001060
14.750  0.8837199  0.0001071
14.770  0.8836758  0.0001066
14.790  0.8836606  0.0001065
14.810  0.8836476  0.0001059
14.830  0.8836166  0.0001048
14.850  0.8836966  0.0001053
14.870  0.8837029  0.0001072
14.890  0.8836190  0.0001056
14.910  0.8836765  0.0001070
14.930  0.8836514  0.0001069
14.950  0.8836604  0.0001082
14.970  0.8836080  0.0001074
14.990  0.8835750  0.0001065
15.010  0.8836173  0.0001072
15.030  0.8836401  0.0001059
15.050  0.8836744  0.0001063
15.070  0.8836413  0.0001044
15.090  0.8837323  0.0001046
15.110  0.8836619  0.0001042
15.130  0.8837288  0.0001061
15.150  0.8837005  0.0001064
15.170  0.8837021  0.0001072
15.190  0.8837373  0.0001069
15.210  0.8838011  0.0001069
15.230  0.8837995  0.0001056
15.250  0.8838101  0.0001052
15.270  0.8837387  0.0001070
15.290  0.8837471  0.0001045
15.310  0.8837624  0.0001050
15.330  0.8837430  0.0001043
15.350  0.8838312  0.0001074
15.370  0.8837463  0.0001055
15.390  0.8837086  0.0001062
15.410  0.8837950  0.0001063
15.430  0.8837406  0.0001058
15.450  0.8837959  0.0001060
15.470  0.8838032  0.0001091
15.490  0.8836884  0.0001050
15.510  0.8838240  0.0001053
15.530  0.8838051  0.0001061
15.550  0.8837828  0.0001072
15.570  0.8837794  0.0001063
15.590  0.8838589  0.0001070
15.610  0.8837563  0.0001089
15.630  0.8837574  0.0001062
15.650  0.8837883  0.0001063
15.670  0.8836678  0.0001055
15.690  0.8836885  0.0001044
15.710  0.8835866  0.0001069
15.730  0.8837239  0.0001054
15.750  0.8836968  0.0001055
15.770  0.8836206  0.0001069
15.790  0.8836926  0.0001062
15.810  0.8836625  0.0001069
15.830  0.8836972  0.0001037
15.850  0.8836620  0.0001069
15.870  0.8836574  0.0001048
15.890  0.8836134  0.0001052
15.910  0.8837273  0.0001061
15.930  0.8836743  0.0001057
15.950  0.8836668  0.0001051
15.970  0.8837314  0.0001066
15.990  0.8837364  0.0001049
16.010  0.8837011  0.0001059
16.030  0.8836628  0.0001058
16.050  0.8837633  0.0001089
16.070  0.8837029  0.0001061
16.090  0.8837434  0.0001049
16.110  0.8837527  0.0001059
16.130  0.8837598  0.0001059
16.150  0.8837666  0.0001058
16.170  0.8836951  0.0001052
16.190  0.8837589  0.0001038
16.210  0.8836323  0.0001058
16.230  0.8837155  0.0001044
16.250  0.8836616  0.0001060
16.270  0.8838041  0.0001053
16.290  0.8837718  0.0001066
16.310  0.8837786  0.0001064
16.330  0.8837452  0.0001048
16.350  0.8837502  0.0001050
16.370  0.8837173  0.0001057
16.390  0.8837153  0.0001070
16.410  0.8836902  0.0001044
16.430  0.8837974  0.0001062
16.450  0.8838025  0.0001054
16.470  0.8837952  0.0001072
16.490  0.8836937  0.0001056
16.510  0.8836893  0.0001067
16.530  0.8837557  0.0001040
16.550  0.8837797  0.0001052
16.570  0.8836498  0.0001052
16.590  0.8836846  0.0001061
16.610  0.8835939  0.0001064
16.630  0.8838140  0.0001055
16.650  0.8837365  0.0001062
16.670  0.8836697  0.0001032
16.690  0.8837141  0.0001051
16.710  0.8836351  0.0001058
16.730  0.8837046  0.0001063
16.750  0.8837410  0.0001076
16.770  0.8837121  0.0001066
16.790  0.8836877  0.0001060
16.810  0.8838768  0.0001058
16.830  0.8837217  0.0001060
16.850  0.8837156  0.0001053
16.870  0.8837344  0.0001044
16.890  0.8837250  0.0001041
16.910  0.8837257  0.0001049
16.930  0.8836883  0.0001051
16.950  0.8836383  0.0001053
16.970  0.8837096  0.0001058
16.990  0.8836489  0.0001053
17.010  0.8836342  0.0001070
17.030  0.8836759  0.0001063
17.050  0.8837535  0.0001059
17.070  0.8837397  0.0001058
17.090  0.8837768  0.0001051
17.110  0.8837636  0.0001062
17.130  0.8837129  0.0001073
17.150  0.8836857  0.0001051
17.170  0.8837302  0.0001070
17.190  0.8837335  0.0001058
17.210  0.8837266  0.0001061
17.230  0.8837097  0.0001070
17.250  0.8836562  0.0001052
17.270  0.8837987  0.0001056
17.290  0.8837135  0.0001052
17.310  0.8836723  0.0001060
17.330  0.8837191  0.0001061
17.350  0.8837171  0.0001057
17.370  0.8837658  0.0001069
17.390  0.8838005  0.0001052
17.410  0.8838110  0.0001036
17.430  0.8837563  0.0001070
17.450  0.8837459  0.0001073
17.470  0.8837584  0.0001070
17.490  0.8836606  0.0001070
17.510  0.8836099  0.0001064
17.530  0.8837144  0.0001057
17.550  0.8837318  0.0001030
17.570  0.8837602  0.0001057
17.590  0.8836774  0.0001057
17.610  0.8837101  0.0001049
17.630  0.8837335  0.0001046
17.650  0.8837171  0.0001069
17.670  0.8837703  0.0001054
17.690  0.8836656  0.0001063
17.710  0.8837496  0.0001065
17.730  0.8837774  0.0001059
17.750  0.8837476  0.0001036
17.770  0.8838060  0.0001060
17.790  0.8837921  0.0001063
17.810  0.8837506  0.0001040
17.830  0.8837275  0.0001055
17.850  0.8836781  0.0001058
17.870  0.8836440  0.0001038
17.890  0.8837873  0.0001060
17.910  0.8837130  0.0001060
17.930  0.8837044  0.0001052
17.950  0.8836596  0.0001054
17.970  0.8837462  0.0001063
17.990  0.8837460  0.0001042
18.010  0.8837399  0.0001069
18.030  0.8837103  0.0001054
18.050  0.8837283  0.0001054
18.070  0.8837897  0.0001053
18.090  0.8837697  0.0001063
18.110  0.8837159  0.0001063
18.130  0.8837240  0.0001030
18.150  0.8837083  0.0001055
18.170  0.8836804  0.0001056
18.190  0.8837534  0.0001054
18.210  0.8837387  0.0001066
18.230  0.8836698  0.0001049
18.250  0.8837434  0.0001047
18.270  0.8836578  0.0001053
18.290  0.8837672  0.0001057
18.310  0.8838133  0.0001061
18.330  0.8838288  0.0001056
18.350  0.8837749  0.0001046
18.370  0.8837420  0.0001055
18.390  0.8837799  0.0001066
18.410  0.8836893  0.0001071
18.430  0.8837656  0.0001080
18.450  0.8837250  0.0001032
18.470  0.8837053  0.0001061
18.490  0.8836963  0.0001047
18.510  0.8836987  0.0001062
18.530  0.8837885  0.0001039
18.550  0.8837114  0.0001040
18.570  0.8837020  0.0001054
18.590  0.8836176  0.0001055
18.610  0.8836359  0.0001055
18.630  0.8837341  0.0001032
18.650  0.8836824  0.0001035
18.670  0.8837255  0.0001047
18.690  0.8836751  0.0001044
18.710  0.8837403  0.0001048
18.730  0.8838268  0.0001064
18.750  0.8837486  0.0001076
18.770  0.8837233  0.0001063
18.790  0.8837150  0.0001053
18.810  0.8837410  0.0001055
18.830  0.8837225  0.0001069
18.850  0.8837214  0.0001043
18.870  0.8837852  0.0001054
18.890  0.8837410  0.0001039
18.910  0.8837452  0.0001056
18.930  0.8837282  0.0001061
18.950  0.8836710  0.0001043
18.970  0.8837538  0.0001055
18.990  0.8836815  0.0001066
19.010  0.8837278  0.0001048
19.030  0.8836298  0.0001060
19.050  0.8837581  0.0001062
19.070  0.8836777  0.0001054
19.090  0.8837018  0.0001064
19.110  0.8836964  0.0001047
19.130  0.8837917  0.0001053
19.150  0.8836795  0.0001059
19.170  0.8837045  0.0001043
19.190  0.8837034  0.0001048
19.210  0.8837407  0.0001041
19.230  0.8836657  0.0001046
19.250  0.8838120  0.0001068
19.270  0.8836853  0.0001042
19.290  0.8838205  0.0001078
19.310  0.8837709  0.0001070
19.330  0.8837845  0.0001046
19.350  0.8837116  0.0001043
19.370  0.8837359  0.0001056
19.390  0.8837404  0.0001062
19.410  0.8837463  0.0001065
19.430  0.8837146  0.0001042
19.450  0.8836945  0.0001048
19.470  0.8837399  0.0001065
19.490  0.8836702  0.0001060
19.510  0.8836846  0.0001060
19.530  0.8837420  0.0001066
19.550  0.8837421  0.0001053
19.570  0.8837482  0.0001076
19.590  0.8836240  0.0001048
19.610  0.8836742  0.0001060
19.630  0.8836807  0.0001044
19.650  0.8837319  0.0001054
19.670  0.8836644  0.0001066
19.690  0.8837059  0.0001054
19.710  0.8837365  0.0001050
19.730  0.8837557  0.0001052
19.750  0.8837577  0.0001048
19.770  0.8837509  0.0001061
19.790  0.8837290  0.0001069
19.810  0.8837602  0.0001048
19.830  0.8837852  0.0001054
19.850  0.8837375  0.0001050
19.870  0.8837548  0.0001062
19.890  0.8837116  0.0001055
19.910  0.8837496  0.0001061
19.930  0.8837201  0.0001039
19.950  0.8837416  0.0001043
19.970  0.8836704  0.0001061
19.990  0.8837748  0.0001040
20.010  0.8837085  0.0001049
20.030  0.8836831  0.0001069
20.050  0.8837243  0.0001077
20.070  0.8837112  0.0001059
20.090  0.8837429  0.0001074
20.110  0.8837377  0.0001038
20.130  0.8837758  0.0001053
20.150  0.8837961  0.0001054
20.170  0.8837775  0.0001064
20.190  0.8837451  0.0001060
20.210  0.8837556  0.0001050
20.230  0.8837378  0.0001064
20.250  0.8836636  0.0001061
20.270  0.8836686  0.0001037
20.290  0.8836663  0.0001055
20.310  0.8837010  0.0001058
20.330  0.8836630  0.0001051
20.350  0.8836741  0.0001052
20.370  0.8836944  0.0001037
20.390  0.8837383  0.0001036
20.410  0.8837293  0.0001063
20.430  0.8837840  0.0001065
20.450  0.8837682  0.0001072
20.470  0.8837705  0.0001065
20.490  0.8836807  0.0001094
20.510  0.8837323  0.0001069
20.530  0.8837218  0.0001054
20.550  0.8837369  0.0001055
20.570  0.8837196  0.0001062
20.590  0.8837446  0.0001063
20.610  0.8836651  0.0001046
20.630  0.8836948  0.0001044
20.650  0.8836567  0.0001039
20.670  0.8837577  0.0001055
20.690  0.8837523  0.0001039
20.710  0.8837452  0.0001050
20.730  0.8837350  0.0001055
20.750  0.8838516  0.0001041
20.770  0.8837704  0.0001069
20.790  0.8837549  0.0001036
20.810  0.8837557  0.0001049
20.830  0.8838014  0.0001046
20.850  0.8837689  0.0001065
20.870  0.8836982  0.0001049
20.890  0.8836367  0.0001071
20.910  0.8836979  0.0001050
20.930  0.8836589  0.0001038
20.950  0.8837358  0.0001064
20.970  0.8837739  0.0001057
20.990  0.8836838  0.0001055
21.010  0.8836887  0.0001055
21.030  0.8837013  0.0001062
21.050  0.8836653  0.0001044
21.070  0.8837158  0.0001050
21.090  0.8837383  0.0001059
21.110  0.8836882  0.0001062
21.130  0.8837180  0.0001051
21.150  0.8837776  0.0001061
21.170  0.8837093  0.0001072
21.190  0.8837735  0.0001056
21.210  0.8836198  0.0001061
21.230  0.8837800  0.0001086
21.250  0.8837792  0.0001072
21.270  0.8837557  0.0001071
21.290  0.8836850  0.0001067
21.310  0.8837559  0.0001049
21.330  0.8837106  0.0001045
21.350  0.8836499  0.0001068
21.370  0.8836936  0.0001080
21.390  0.8836936  0.0001046
21.410  0.8837799  0.0001064
21.430  0.8837251  0.0001060
21.450  0.8837387  0.0001068
21.470  0.8837714  0.0001061
21.490  0.8838090  0.0001049
21.510  0.8837119  0.0001056
21.530  0.8836878  0.0001071
21.550  0.8837926  0.0001074
21.570  0.8837863  0.0001070
21.590  0.8837909  0.0001038
21.610  0.8837694  0.0001044
21.630  0.8836900  0.0001036
21.650  0.8836367  0.0001054
21.670  0.8836755  0.0001057
21.690  0.8837788  0.0001046
21.710  0.8836511  0.0001061
21.730  0.8836740  0.0001041
21.750  0.8836579  0.0001028
21.770  0.8836942  0.0001059
21.790  0.8836803  0.0001062
21.810  0.8837787  0.0001079
21.830  0.8837303  0.0001045
21.850  0.8837263  0.0001055
21.870  0.8836458  0.0001049
21.890  0.8837621  0.0001044
21.910  0.8837622  0.0001059
21.930  0.8836939  0.0001036
21.950  0.8836948  0.0001051
21.970  0.8837989  0.0001070
21.990  0.8836969  0.0001063
22.010  0.8837816  0.0001050
22.030  0.8837137  0.0001045
22.050  0.8836963  0.0001065
22.070  0.8837254  0.0001074
22.090  0.8836884  0.0001065
22.110  0.8836388  0.0001072
22.130  0.8837812  0.0001063
22.150  0.8837559  0.0001060
22.170  0.8838048  0.0001054
22.190  0.8837666  0.0001053
22.210  0.8837629  0.0001057
22.230  0.8837118  0.0001034
22.250  0.8837075  0.0001062
22.270  0.8837910  0.0001046
22.290  0.8837965  0.0001029
22.310  0.8837613  0.0001054
22.330  0.8836866  0.0001056
22.350  0.8837587  0.0001043
22.370  0.8837701  0.0001064
22.390  0.8837099  0.0001079
22.410  0.8836525  0.0001058
22.430  0.8837643  0.0001080
22.450  0.8836735  0.0001061
22.470  0.8837173  0.0001058
22.490  0.8837450  0.0001053
22.510  0.8837542  0.0001074
22.530  0.8836170  0.0001048
22.550  0.8837483  0.0001049
22.570  0.8836095  0.0001044
22.590  0.8836058  0.0001051
22.610  0.8837202  0.0001048
22.630  0.8836964  0.0001063
22.650  0.8837008  0.0001047
22.670  0.8837020  0.0001054
22.690  0.8836969  0.0001036
22.710  0.8836672  0.0001063
22.730  0.8836721  0.0001034
22.750  0.8837410  0.0001038
22.770  0.8838263  0.0001059
22.790  0.8837267  0.0001054
22.810  0.8837953  0.0001043
22.830  0.8836873  0.0001042
22.850  0.8837330  0.0001067
22.870  0.8838017  0.0001056
22.890  0.8837549  0.0001044
22.910  0.8837044  0.0001060
22.930  0.8837672  0.0001047
22.950  0.8837237  0.0001038
22.970  0.8837345  0.0001058
22.990  0.8837781  0.0001046
23.010  0.8836997  0.0001069
23.030  0.8837797  0.0001039
23.050  0.8837313  0.0001056
23.070  0.8838106  0.0001063
23.090  0.8837566  0.0001082
23.110  0.8836789  0.0001056
23.130  0.8836776  0.0001066
23.150  0.8837556  0.0001045
23.170  0.8836812  0.0001060
23.190  0.8836896  0.0001035
23.210  0.8837304  0.0001057
23.230  0.8836909  0.0001060
23.250  0.8836758  0.0001040
23.270  0.8837453  0.0001045
23.290  0.8836732  0.0001062
23.310  0.8837308  0.0001034
23.330  0.8837309  0.0001063
23.350  0.8836958  0.0001061
23.370  0.8836434  0.0001049
23.390  0.8837510  0.0001054
23.410  0.8836897  0.0001057
23.430  0.8837502  0.0001066
23.450  0.8836719  0.0001074
23.470  0.8837288  0.0001045
23.490  0.8836694  0.0001061
23.510  0.8837410  0.0001043
23.530  0.8837181  0.0001048
23.550  0.8836105  0.0001060
23.570  0.8836581  0.0001060
23.590  0.8836687  0.0001057
23.610  0.8836502  0.0001049
23.630  0.8837598  0.0001067
23.650  0.8837214  0.0001062
23.670  0.8837492  0.0001041
23.690  0.8837149  0.0001048
23.710  0.8837058  0.0001053
23.730  0.8837213  0.0001043
23.750  0.8837382  0.0001040
23.770  0.8837328  0.0001046
23.790  0.8837662  0.0001052
23.810  0.8837988  0.0001060
23.830  0.8837843  0.0001064
23.850  0.8837539  0.0001057
23.870  0.8837618  0.0001060
23.890  0.8837429  0.0001053
23.910  0.8838087  0.0001058
23.930  0.8837321  0.0001065
23.950  0.8838275  0.0001045
23.970  0.8837664  0.0001065
23.990  0.8837453  0.0001052
24.010  0.8837458  0.0001071
24.030  0.8837576  0.0001049
24.050  0.8837163  0.0001054
24.070  0.8837725  0.0001059
24.090  0.8837074  0.0001067
24.110  0.8837180  0.0001045
24.130  0.8836831  0.0001051
24.150  0.8837659  0.0001051
24.170  0.8836469  0.0001063
24.190  0.8836669  0.0001067
24.210  0.8837261  0.0001054
24.230  0.8837662  0.0001051
24.250  0.8837212  0.0001061
24.270  0.8836720  0.0001049
24.290  0.8836751  0.0001057
24.310  0.8836149  0.0001037
24.330  0.8836904  0.0001043
24.350  0.8836043  0.0001059
24.370  0.8836879  0.0001041
24.390  0.8837593  0.0001051
24.410  0.8836795  0.0001066
24.430  0.8836256  0.0001045
24.450  0.8837896  0.0001053
24.470  0.8837212  0.0001042
24.490  0.8837654  0.0001057
24.510  0.8836913  0.0001059
24.530  0.8836922  0.0001054
24.550  0.8837013  0.0001054
24.570  0.8836914  0.0001056
24.590  0.8837155  0.0001059
24.610  0.8836842  0.0001039
24.630  0.8837157  0.0001063
24.650  0.8838062  0.0001064
24.670  0.8837335  0.0001036
24.690  0.8837079  0.0001028
24.710  0.8837200  0.0001035
24.730  0.8837470  0.0001046
24.750  0.8837619  0.0001030
24.770  0.8837621  0.0001050
24.790  0.8836974  0.0001044
24.810  0.8837507  0.0001063
24.830  0.8837247  0.0001061
24.850  0.8837718  0.0001072
24.870  0.8838824  0.0001067
24.890  0.8837262  0.0001070
24.910  0.8837588  0.0001075
24.930  0.8837193  0.0001041
24.950  0.8837410  0.0001054
24.970  0.8838024  0.0001055
24.990  0.8836852  0.0001043
25.010  0.8838059  0.0001055
25.030  0.8837464  0.0001075
25.050  0.8837401  0.0001061
25.070  0.8837495  0.0001067
25.090  0.8837262  0.0001063
25.110  0.8836342  0.0001062
25.130  0.8835689  0.0001079
25.150  0.8836836  0.0001064
25.170  0.8836116  0.0001056
25.190  0.8836981  0.0001072
25.210  0.8837063  0.0001060
25.230  0.8837430  0.0001051
25.250  0.8837163  0.0001062
25.270  0.8836427  0.0001052
25.290  0.8837570  0.0001045
25.310  0.8836796  0.0001043
25.330  0.8837124  0.0001056
25.350  0.8837559  0.0001034
25.370  0.8837187  0.0001069
25.390  0.8836928  0.0001054
25.410  0.8836761  0.0001053
25.430  0.8837047  0.0001090
25.450  0.8836984  0.0001071
25.470  0.8837923  0.0001079
25.490  0.8837395  0.0001064
25.510  0.8837834  0.0001058
25.530  0.8837831  0.0001048
25.550  0.8837836  0.0001063
25.570  0.8837750  0.0001062
25.590  0.8837196  0.0001042
25.610  0.8837140  0.0001073
25.630  0.8837630  0.0001077
25.650  0.8837994  0.0001061
25.670  0.8837382  0.0001070
25.690  0.8837144  0.0001075
25.710  0.8837161  0.0001057
25.730  0.8837117  0.0001066
25.750  0.8836657  0.0001052
25.770  0.8837020  0.0001044
25.790  0.8837401  0.0001065
25.810  0.8837188  0.0001054
25.830  0.8837333  0.0001048
25.850  0.8837438  0.0001059
25.870  0.8836856  0.0001074
25.890  0.8837121  0.0001072
25.910  0.8837303  0.0001056
25.930  0.8837678  0.0001087
25.950  0.8837086  0.0001071
25.970  0.8836904  0.0001072
25.990  0.8837125  0.0001061
26.010  0.8837565  0.0001056
26.030  0.8837471  0.0001067
26.050  0.8837285  0.0001072
26.070  0.8836706  0.0001082
26.090  0.8836660  0.0001059
26.110  0.8837890  0.0001067
26.130  0.8837153  0.0001066
26.150  0.8837288  0.0001065
26.170  0.8836617  0.0001066
26.190  0.8836552  0.0001053
26.210  0.8836661  0.0001052
26.230  0.8837236  0.0001067
26.250  0.8837367  0.0001059
26.270  0.8836769  0.0001064
26.290  0.8837112  0.0001056
26.310  0.8836371  0.0001068
26.330  0.8836828  0.0001067
26.350  0.8837241  0.0001043
26.370  0.8837350  0.0001058
26.390  0.8836992  0.0001062
26.410  0.8836477  0.0001052
26.430  0.8837243  0.0001071
26.450  0.8836887  0.0001049
26.470  0.8837526  0.0001070
26.490  0.8837193  0.0001070
26.510  0.8837472  0.0001070
26.530  0.8837585  0.0001068
26.550  0.8838184  0.0001047
26.570  0.8837572  0.0001063
26.590  0.8837899  0.0001036
26.610  0.8837235  0.0001061
26.630  0.8837617  0.0001063
26.650  0.8838111  0.0001069
26.670  0.8837770  0.0001068
26.690  0.8837376  0.0001075
26.710  0.8837240  0.0001059
26.730  0.8837234  0.0001059
26.750  0.8836705  0.0001064
26.770  0.8837326  0.0001062
26.790  0.8837133  0.0001061
26.810  0.8836372  0.0001056
26.830  0.8836286  0.0001065
26.850  0.8837270  0.0001070
26.870  0.8837096  0.0001061
26.890  0.8836708  0.0001079
26.910  0.8837454  0.0001077
26.930  0.8837029  0.0001069
26.950  0.8836733  0.0001072
26.970  0.8837392  0.0001063
26.990  0.8837146  0.0001065
27.010  0.8837534  0.0001062
27.030  0.8837523  0.0001071
27.050  0.8838056  0.0001076
27.070  0.8837431  0.0001068
27.090  0.8836963  0.0001060
27.110  0.8837186  0.0001055
27.130  0.8837041  0.0001072
27.150  0.8836649  0.0001065
27.170  0.8837368  0.0001047
27.190  0.8837296  0.0001055
27.210  0.8836467  0.0001043
27.230  0.8836372  0.0001053
27.250  0.8836879  0.0001085
27.270  0.8837038  0.0001051
27.290  0.8837030  0.0001062
27.310  0.8836657  0.0001065
27.330  0.8836703  0.0001055
27.350  0.8836743  0.0001053
27.370  0.8836611  0.0001039
27.390  0.8837546  0.0001054
27.410  0.8837372  0.0001047
27.430  0.8837547  0.0001045
27.450  0.8837550  0.0001055
27.470  0.8837478  0.0001061
27.490  0.8836676  0.0001059
27.510  0.8837312  0.0001052
27.530  0.8837407  0.0001054
27.550  0.8838016  0.0001052
27.570  0.8837131  0.0001034
27.590  0.8837699  0.0001048
27.610  0.8837299  0.0001052
27.630  0.8837476  0.0001064
27.650  0.8837346  0.0001063
27.670  0.8837558  0.0001060
27.690  0.8837323  0.0001064
27.710  0.8837011  0.0001054
27.730  0.8837053  0.0001069
27.750  0.8836949  0.0001061
27.770  0.8837832  0.0001056
27.790  0.8836769  0.0001052
27.810  0.8837453  0.0001060
27.830  0.8836721  0.0001045
27.850  0.8837069  0.0001075
27.870  0.8837241  0.0001060
27.890  0.8837468  0.0001070
27.910  0.8836940  0.0001069
27.930  0.8837042  0.0001075
27.950  0.8837199  0.0001065
27.970  0.8837223  0.0001062
27.990  0.8837335  0.0001065
28.010  0.8837112  0.0001042
28.030  0.8837226  0.0001071
28.050  0.8836758  0.0001063
28.070  0.8836994  0.0001051
28.090  0.8836562  0.0001057
28.110  0.8836913  0.0001049
28.130  0.8837383  0.0001065
28.150  0.8837374  0.0001050
28.170  0.8836898  0.0001048
28.190  0.8836834  0.0001050
28.210  0.8835686  0.0001070
28.230  0.8836564  0.0001061
28.250  0.8837417  0.0001073
28.270  0.8837130  0.0001065
28.290  0.8837515  0.0001064
28.310  0.8837353  0.0001037
28.330  0.8837136  0.0001067
28.350  0.8837451  0.0001033
28.370  0.8837212  0.0001066
28.390  0.8837177  0.0001058
28.410  0.8836162  0.0001060
28.430  0.8837540  0.0001066
28.450  0.8836490  0.0001062
28.470  0.8837179  0.0001053
28.490  0.8837453  0.0001076
28.510  0.8837694  0.0001046
28.530  0.8837362  0.0001060
28.550  0.8837669  0.0001077
28.570  0.8836942  0.0001064
28.590  0.8837963  0.0001060
28.610  0.8837369  0.0001073
28.630  0.8837627  0.0001069
28.650  0.8836435  0.0001095
28.670  0.8838061  0.0001061
28.690  0.8837577  0.0001058
28.710  0.8837211  0.0001049
28.730  0.8837983  0.0001052
28.750  0.8837614  0.0001056
28.770  0.8837236  0.0001061
28.790  0.8837197  0.0001060
28.810  0.8836692  0.0001056
28.830  0.8836773  0.0001057
28.850  0.8836498  0.0001067
28.870  0.8836723  0.0001074
28.890  0.8837243  0.0001058
28.910  0.8836255  0.0001071
28.930  0.8837061  0.0001065
28.950  0.8837578  0.0001064
28.970  0.8836905  0.0001054
28.990  0.8836909  0.0001048
29.010  0.8836349  0.0001053
29.030  0.8836733  0.0001064
29.050  0.8837639  0.0001060
29.070  0.8837187  0.0001059
29.090  0.8837321  0.0001063
29.110  0.8837291  0.0001049
29.130  0.8836508  0.0001067
29.150  0.8836610  0.0001058
29.170  0.8837779  0.0001063
29.190  0.8837297  0.0001061
29.210  0.8836950  0.0001042
29.230  0.8837772  0.0001075
29.250  0.8837497  0.0001043
29.270  0.8836530  0.0001051
29.290  0.8836580  0.0001063
29.310  0.8837583  0.0001047
29.330  0.8837773  0.0001068
29.350  0.8836995  0.0001048
29.370  0.8836600  0.0001064
29.390  0.8837370  0.0001060
29.410  0.8837512  0.0001067
29.430  0.8837327  0.0001068
29.450  0.8836887  0.0001071
29.470  0.8836818  0.0001068
29.490  0.8837259  0.0001066
29.510  0.8837352  0.0001069
29.530  0.8836253  0.0001085
29.550  0.8837157  0.0001091
29.570  0.8837019  0.0001056
29.590  0.8836726  0.0001054
29.610  0.8836638  0.0001065
29.630  0.8837080  0.0001061
29.650  0.8837566  0.0001087
29.670  0.8837896  0.0001079
29.690  0.8837219  0.0001054
29.710  0.8837999  0.0001053
29.730  0.8837399  0.0001048
29.750  0.8837300  0.0001077
29.770  0.8838004  0.0001059
29.790  0.8837497  0.0001051
29.810  0.8837074  0.0001056
29.830  0.8836795  0.0001045
29.850  0.8837537  0.0001046
29.870  0.8836626  0.0001059
29.890  0.8837448  0.0001056
29.910  0.8837133  0.0001054
29.930  0.8837496  0.0001077
29.950  0.8838066  0.0001048
29.970  0.8836875  0.0001047
29.990  0.8837354  0.0001087
30.010  0.8836857  0.0001074
30.030  0.8836722  0.0001079
30.050  0.8836747  0.0001067
30.070  0.8836566  0.0001060
30.090  0.8836661  0.0001071
30.110  0.8835876  0.0001071
30.130  0.8836593  0.0001066
30.150  0.8836397  0.0001057
30.170  0.8837030  0.0001069
30.190  0.8836530  0.0001044
30.210  0.8836916  0.0001058
30.230  0.8837099  0.0001040
30.250  0.8837357  0.0001066
30.270  0.8837123  0.0001046
30.290  0.8837031  0.0001067
30.310  0.8837778  0.0001042
30.330  0.8837801  0.0001039
30.350  0.8836613  0.0001052
30.370  0.8837327  0.0001046
30.390  0.8837233  0.0001047
30.410  0.8836846  0.0001059
30.430  0.8836583  0.0001073
30.450  0.8837091  0.0001084
30.470  0.8836507  0.0001077
30.490  0.8837926  0.0001079
30.510  0.8837131  0.0001080
30.530  0.8837023  0.0001073
30.550  0.8837694  0.0001070
30.570  0.8837785  0.0001076
30.590  0.8837237  0.0001070
30.610  0.8837249  0.0001050
30.630  0.8837777  0.0001061
30.650  0.8837801  0.0001054
30.670  0.8837634  0.0001054
30.690  0.8836718  0.0001038
30.710  0.8837793  0.0001041
30.730  0.8837689  0.0001044
30.750  0.8837008  0.0001048
30.770  0.8837990  0.0001039
30.790  0.8837137  0.0001054
30.810  0.8838037  0.0001053
30.830  0.8837413  0.0001053
30.850  0.8837525  0.0001067
30.870  0.8837469  0.0001072
30.890  0.8836964  0.0001065
30.910  0.8836238  0.0001083
30.930  0.8836667  0.0001086
30.950  0.8836535  0.0001070
30.970  0.8835929  0.0001062
30.990  0.8836269  0.0001091
31.010  0.8835872  0.0001074
31.030  0.8836274  0.0001084
31.050  0.8836789  0.0001088
31.070  0.8836141  0.0001066
31.090  0.8836530  0.0001054
31.110  0.8836150  0.0001034
31.130  0.8836351  0.0001025
31.150  0.8837177  0.0001034
31.170  0.8836958  0.0001019
31.190  0.8837337  0.0001030
31.210  0.8837337  0.0001026
31.230  0.8838392  0.0001031
31.250  0.8837549  0.0001023
31.270  0.8837763  0.0001043
31.290  0.8837384  0.0001041
31.310  0.8837313  0.0001054
31.330  0.8837379  0.0001064
31.350  0.8837944  0.0001053
31.370  0.8837283  0.0001078
31.390  0.8836652  0.0001102
31.410  0.8837771  0.0001084
31.430  0.8837678  0.0001111
31.450  0.8837466  0.0001090
31.470  0.8837650  0.0001067
31.490  0.8837769  0.0001086
31.510  0.8837369  0.0001076
31.530  0.8836991  0.0001061
31.550  0.8837023  0.0001063
31.570  0.8837390  0.0001034
31.590  0.8836605  0.0001016
31.610  0.8837575  0.0001029
31.630  0.8837383  0.0001009
31.650  0.8837080  0.0001013
31.670  0.8836924  0.0000993
31.690  0.8837508  0.0001017
31.710  0.8836746  0.0001009
31.730  0.8837049  0.0001032
31.750  0.8836932  0.0001027
31.770  0.8837252  0.0001070
31.790  0.8837730  0.0001064
31.810  0.8837484  0.0001072
31.830  0.8837214  0.0001106
31.850  0.8836905  0.0001109
31.870  0.8836911  0.0001118
31.890  0.8836713  0.0001119
31.910  0.8836393  0.0001114
31.930  0.8837055  0.0001097
31.950  0.8837212  0.0001093
31.970  0.8836516  0.0001056
31.990  0.8836679  0.0001079
32.010  0.8835756  0.0001056
32.030  0.8836339  0.0001018
32.050  0.8836778  0.0001024
32.070  0.8835915  0.0001007
32.090  0.8836552  0.0000968
32.110  0.8837133  0.0000972
32.130  0.8836726  0.0000975
32.150  0.8836949  0.0000991
32.170  0.8836799  0.0000998
32.190  0.8837896  0.0001012
32.210  0.8837692  0.0001044
32.230  0.8837506  0.0001076
32.250  0.8838208  0.0001106
32.270  0.8837565  0.0001107
32.290  0.8837368  0.0001150
32.310  0.8837004  0.0001152
32.330  0.8839000  0.0001166
32.350  0.8837517  0.0001135
32.370  0.8837588  0.0001134
32.390  0.8837942  0.0001134
32.410  0.8837866  0.0001100
32.430  0.8837878  0.0001075
32.450  0.8836657  0.0001054
32.470  0.8837082  0.0001061
32.490  0.8837236  0.0001023
32.510  0.8837186  0.0001009
32.530  0.8836490  0.0000986
32.550  0.8837263  0.0000961
32.570  0.8836264  0.0000958
32.590  0.8835631  0.0000971
32.610  0.8837811  0.0000976
32.630  0.8836063  0.0000968
32.650  0.8836886  0.0000970
32.670  0.8837096  0.0001000
32.690  0.8837026  0.0001009
32.710  0.8836331  0.0001045
32.730  0.8836399  0.0001096
32.750  0.8837508  0.0001163
32.770  0.8836912  0.0001048
