% Density Profile of Hard Spheres at a Hard Flat Wall: rho(z), rho(z < 0.5) = 0
% Bulk density: rho (95% CI) = 0.63805150(0.00000232)
%
% rho_i is the average density in the interval [z_i-0.01, z_i+0.01]
%
%  z_i    rho_i     95% CI 
 0.510  2.8852173  0.0001302
 0.530  2.5785837  0.0001084
 0.550  2.3085408  0.0000913
 0.570  2.0706208  0.0000786
 0.590  1.8609535  0.0000706
 0.610  1.6761104  0.0000623
 0.630  1.5131199  0.0000573
 0.650  1.3692812  0.0000526
 0.670  1.2423294  0.0000485
 0.690  1.1301682  0.0000450
 0.710  1.0310885  0.0000425
 0.730  0.9435204  0.0000417
 0.750  0.8660932  0.0000395
 0.770  0.7976483  0.0000375
 0.790  0.7371064  0.0000360
 0.810  0.6835731  0.0000353
 0.830  0.6362776  0.0000337
 0.850  0.5945167  0.0000331
 0.870  0.5576962  0.0000322
 0.890  0.5252973  0.0000313
 0.910  0.4968670  0.0000305
 0.930  0.4720446  0.0000298
 0.950  0.4504518  0.0000290
 0.970  0.4317885  0.0000289
 0.990  0.4158460  0.0000280
 1.010  0.4024570  0.0000282
 1.030  0.3914032  0.0000275
 1.050  0.3825367  0.0000271
 1.070  0.3758209  0.0000273
 1.090  0.3710924  0.0000270
 1.110  0.3683974  0.0000266
 1.130  0.3676898  0.0000270
 1.150  0.3689659  0.0000268
 1.170  0.3722378  0.0000273
 1.190  0.3776647  0.0000274
 1.210  0.3852477  0.0000272
 1.230  0.3951181  0.0000277
 1.250  0.4074970  0.0000282
 1.270  0.4224598  0.0000285
 1.290  0.4402895  0.0000296
 1.310  0.4611687  0.0000307
 1.330  0.4853364  0.0000318
 1.350  0.5129677  0.0000331
 1.370  0.5441480  0.0000344
 1.390  0.5788108  0.0000360
 1.410  0.6164340  0.0000371
 1.430  0.6562336  0.0000389
 1.450  0.6972526  0.0000401
 1.470  0.7386662  0.0000425
 1.490  0.7795296  0.0000440
 1.510  0.8171038  0.0000454
 1.530  0.8436237  0.0000463
 1.550  0.8592286  0.0000456
 1.570  0.8658811  0.0000442
 1.590  0.8654497  0.0000444
 1.610  0.8594618  0.0000439
 1.630  0.8492147  0.0000432
 1.650  0.8356497  0.0000423
 1.670  0.8197385  0.0000414
 1.690  0.8022446  0.0000411
 1.710  0.7837277  0.0000399
 1.730  0.7646355  0.0000384
 1.750  0.7454813  0.0000380
 1.770  0.7265257  0.0000377
 1.790  0.7080011  0.0000369
 1.810  0.6901258  0.0000365
 1.830  0.6730777  0.0000352
 1.850  0.6569113  0.0000353
 1.870  0.6417655  0.0000349
 1.890  0.6277091  0.0000340
 1.910  0.6147533  0.0000338
 1.930  0.6029832  0.0000344
 1.950  0.5924066  0.0000333
 1.970  0.5829689  0.0000336
 1.990  0.5747400  0.0000332
 2.010  0.5677416  0.0000328
 2.030  0.5618668  0.0000321
 2.050  0.5571918  0.0000323
 2.070  0.5536616  0.0000324
 2.090  0.5513853  0.0000327
 2.110  0.5501371  0.0000328
 2.130  0.5500620  0.0000330
 2.150  0.5510561  0.0000329
 2.170  0.5531842  0.0000324
 2.190  0.5562975  0.0000333
 2.210  0.5604316  0.0000332
 2.230  0.5655531  0.0000332
 2.250  0.5715241  0.0000336
 2.270  0.5783546  0.0000340
 2.290  0.5859503  0.0000345
 2.310  0.5941130  0.0000344
 2.330  0.6028887  0.0000349
 2.350  0.6120169  0.0000350
 2.370  0.6213603  0.0000363
 2.390  0.6307764  0.0000362
 2.410  0.6400819  0.0000364
 2.430  0.6490615  0.0000363
 2.450  0.6575817  0.0000367
 2.470  0.6654428  0.0000376
 2.490  0.6724781  0.0000380
 2.510  0.6784778  0.0000388
 2.530  0.6834613  0.0000377
 2.550  0.6871745  0.0000379
 2.570  0.6897570  0.0000373
 2.590  0.6912371  0.0000378
 2.610  0.6915763  0.0000379
 2.630  0.6909362  0.0000379
 2.650  0.6894258  0.0000377
 2.670  0.6870858  0.0000368
 2.690  0.6841240  0.0000374
 2.710  0.6805359  0.0000363
 2.730  0.6765360  0.0000370
 2.750  0.6721865  0.0000366
 2.770  0.6675400  0.0000363
 2.790  0.6627779  0.0000361
 2.810  0.6579286  0.0000357
 2.830  0.6530735  0.0000360
 2.850  0.6482944  0.0000366
 2.870  0.6436756  0.0000357
 2.890  0.6392678  0.0000352
 2.910  0.6350699  0.0000355
 2.930  0.6311766  0.0000355
 2.950  0.6275282  0.0000351
 2.970  0.6242644  0.0000347
 2.990  0.6213845  0.0000349
 3.010  0.6188878  0.0000350
 3.030  0.6167884  0.0000345
 3.050  0.6151001  0.0000347
 3.070  0.6138115  0.0000346
 3.090  0.6129221  0.0000347
 3.110  0.6124725  0.0000346
 3.130  0.6123709  0.0000348
 3.150  0.6126602  0.0000348
 3.170  0.6133223  0.0000347
 3.190  0.6143461  0.0000344
 3.210  0.6156752  0.0000355
 3.230  0.6172461  0.0000348
 3.250  0.6191457  0.0000351
 3.270  0.6212103  0.0000352
 3.290  0.6234512  0.0000350
 3.310  0.6258421  0.0000347
 3.330  0.6282943  0.0000348
 3.350  0.6308318  0.0000360
 3.370  0.6333778  0.0000355
 3.390  0.6359327  0.0000357
 3.410  0.6383353  0.0000364
 3.430  0.6406564  0.0000357
 3.450  0.6428145  0.0000363
 3.470  0.6447904  0.0000358
 3.490  0.6465955  0.0000359
 3.510  0.6481301  0.0000362
 3.530  0.6494633  0.0000365
 3.550  0.6505196  0.0000367
 3.570  0.6512772  0.0000360
 3.590  0.6518301  0.0000361
 3.610  0.6520924  0.0000365
 3.630  0.6520645  0.0000360
 3.650  0.6518880  0.0000358
 3.670  0.6514804  0.0000358
 3.690  0.6508516  0.0000361
 3.710  0.6500887  0.0000363
 3.730  0.6491270  0.0000353
 3.750  0.6480864  0.0000358
 3.770  0.6469360  0.0000360
 3.790  0.6456741  0.0000349
 3.810  0.6443947  0.0000350
 3.830  0.6430849  0.0000349
 3.850  0.6417629  0.0000357
 3.870  0.6404612  0.0000356
 3.890  0.6392260  0.0000351
 3.910  0.6379541  0.0000347
 3.930  0.6368032  0.0000344
 3.950  0.6356995  0.0000347
 3.970  0.6347279  0.0000364
 3.990  0.6338480  0.0000352
 4.010  0.6330523  0.0000362
 4.030  0.6323593  0.0000355
 4.050  0.6318279  0.0000353
 4.070  0.6314019  0.0000351
 4.090  0.6311046  0.0000351
 4.110  0.6309037  0.0000349
 4.130  0.6308508  0.0000352
 4.150  0.6309188  0.0000352
 4.170  0.6310753  0.0000352
 4.190  0.6313110  0.0000350
 4.210  0.6316958  0.0000355
 4.230  0.6321351  0.0000353
 4.250  0.6326396  0.0000353
 4.270  0.6331897  0.0000351
 4.290  0.6338318  0.0000354
 4.310  0.6344625  0.0000357
 4.330  0.6351141  0.0000353
 4.350  0.6358611  0.0000352
 4.370  0.6365479  0.0000352
 4.390  0.6371870  0.0000351
 4.410  0.6378697  0.0000353
 4.430  0.6385014  0.0000357
 4.450  0.6391462  0.0000359
 4.470  0.6396562  0.0000359
 4.490  0.6401638  0.0000359
 4.510  0.6405988  0.0000356
 4.530  0.6409878  0.0000355
 4.550  0.6413218  0.0000360
 4.570  0.6415524  0.0000354
 4.590  0.6417043  0.0000359
 4.610  0.6418386  0.0000356
 4.630  0.6418701  0.0000362
 4.650  0.6418270  0.0000354
 4.670  0.6417495  0.0000356
 4.690  0.6416510  0.0000351
 4.710  0.6414560  0.0000354
 4.730  0.6412203  0.0000356
 4.750  0.6409446  0.0000353
 4.770  0.6406539  0.0000354
 4.790  0.6403125  0.0000349
 4.810  0.6399860  0.0000356
 4.830  0.6396211  0.0000349
 4.850  0.6392769  0.0000351
 4.870  0.6388882  0.0000358
 4.890  0.6385286  0.0000357
 4.910  0.6381911  0.0000359
 4.930  0.6378648  0.0000355
 4.950  0.6375641  0.0000349
 4.970  0.6372660  0.0000348
 4.990  0.6370040  0.0000352
 5.010  0.6367773  0.0000349
 5.030  0.6365931  0.0000350
 5.050  0.6364096  0.0000345
 5.070  0.6362864  0.0000354
 5.090  0.6361423  0.0000348
 5.110  0.6360923  0.0000348
 5.130  0.6360630  0.0000355
 5.150  0.6360588  0.0000352
 5.170  0.6360940  0.0000350
 5.190  0.6361680  0.0000353
 5.210  0.6362663  0.0000358
 5.230  0.6363557  0.0000350
 5.250  0.6365226  0.0000354
 5.270  0.6366470  0.0000352
 5.290  0.6368073  0.0000355
 5.310  0.6369960  0.0000356
 5.330  0.6372089  0.0000355
 5.350  0.6373659  0.0000357
 5.370  0.6375382  0.0000349
 5.390  0.6377351  0.0000356
 5.410  0.6379239  0.0000351
 5.430  0.6380826  0.0000351
 5.450  0.6382936  0.0000360
 5.470  0.6384426  0.0000348
 5.490  0.6385991  0.0000352
 5.510  0.6387116  0.0000351
 5.530  0.6388468  0.0000349
 5.550  0.6388984  0.0000351
 5.570  0.6390177  0.0000351
 5.590  0.6390567  0.0000350
 5.610  0.6390903  0.0000354
 5.630  0.6390931  0.0000353
 5.650  0.6391004  0.0000353
 5.670  0.6390972  0.0000357
 5.690  0.6390629  0.0000351
 5.710  0.6390146  0.0000348
 5.730  0.6389641  0.0000354
 5.750  0.6388869  0.0000352
 5.770  0.6387873  0.0000352
 5.790  0.6387134  0.0000354
 5.810  0.6386554  0.0000347
 5.830  0.6385136  0.0000348
 5.850  0.6384213  0.0000353
 5.870  0.6383250  0.0000359
 5.890  0.6382337  0.0000349
 5.910  0.6381332  0.0000349
 5.930  0.6380130  0.0000355
 5.950  0.6379573  0.0000357
 5.970  0.6378714  0.0000356
 5.990  0.6378005  0.0000358
 6.010  0.6377442  0.0000355
 6.030  0.6376896  0.0000349
 6.050  0.6376281  0.0000354
 6.070  0.6375768  0.0000346
 6.090  0.6375299  0.0000360
 6.110  0.6375112  0.0000365
 6.130  0.6374915  0.0000353
 6.150  0.6374871  0.0000353
 6.170  0.6374853  0.0000354
 6.190  0.6374967  0.0000357
 6.210  0.6375088  0.0000355
 6.230  0.6375586  0.0000346
 6.250  0.6376004  0.0000359
 6.270  0.6376340  0.0000361
 6.290  0.6376578  0.0000355
 6.310  0.6377411  0.0000359
 6.330  0.6377903  0.0000355
 6.350  0.6378361  0.0000360
 6.370  0.6379199  0.0000354
 6.390  0.6379511  0.0000354
 6.410  0.6380013  0.0000353
 6.430  0.6380581  0.0000359
 6.450  0.6381148  0.0000354
 6.470  0.6381574  0.0000356
 6.490  0.6381697  0.0000357
 6.510  0.6382198  0.0000355
 6.530  0.6382537  0.0000349
 6.550  0.6382946  0.0000347
 6.570  0.6383148  0.0000355
 6.590  0.6383393  0.0000354
 6.610  0.6383440  0.0000357
 6.630  0.6383557  0.0000353
 6.650  0.6383739  0.0000347
 6.670  0.6383461  0.0000352
 6.690  0.6383460  0.0000353
 6.710  0.6383204  0.0000355
 6.730  0.6382929  0.0000350
 6.750  0.6383075  0.0000351
 6.770  0.6383002  0.0000351
 6.790  0.6382638  0.0000358
 6.810  0.6382349  0.0000350
 6.830  0.6382032  0.0000356
 6.850  0.6381634  0.0000342
 6.870  0.6381514  0.0000355
 6.890  0.6381378  0.0000350
 6.910  0.6380777  0.0000348
 6.930  0.6380682  0.0000346
 6.950  0.6380469  0.0000351
 6.970  0.6380255  0.0000355
 6.990  0.6379892  0.0000353
 7.010  0.6379744  0.0000358
 7.030  0.6379381  0.0000350
 7.050  0.6379358  0.0000353
 7.070  0.6379247  0.0000351
 7.090  0.6378848  0.0000349
 7.110  0.6379054  0.0000352
 7.130  0.6379126  0.0000349
 7.150  0.6378827  0.0000355
 7.170  0.6378890  0.0000351
 7.190  0.6378857  0.0000349
 7.210  0.6379200  0.0000353
 7.230  0.6378943  0.0000353
 7.250  0.6379374  0.0000354
 7.270  0.6379575  0.0000354
 7.290  0.6379551  0.0000351
 7.310  0.6379456  0.0000347
 7.330  0.6379813  0.0000353
 7.350  0.6379963  0.0000357
 7.370  0.6379868  0.0000355
 7.390  0.6380118  0.0000354
 7.410  0.6380374  0.0000351
 7.430  0.6380501  0.0000352
 7.450  0.6380870  0.0000353
 7.470  0.6380744  0.0000351
 7.490  0.6380614  0.0000349
 7.510  0.6380889  0.0000355
 7.530  0.6380712  0.0000350
 7.550  0.6381310  0.0000351
 7.570  0.6381128  0.0000348
 7.590  0.6381407  0.0000349
 7.610  0.6381223  0.0000355
 7.630  0.6381311  0.0000357
 7.650  0.6381343  0.0000359
 7.670  0.6381024  0.0000346
 7.690  0.6381195  0.0000348
 7.710  0.6381362  0.0000351
 7.730  0.6381382  0.0000352
 7.750  0.6381187  0.0000357
 7.770  0.6380919  0.0000348
 7.790  0.6381286  0.0000347
 7.810  0.6380919  0.0000350
 7.830  0.6381105  0.0000347
 7.850  0.6381112  0.0000354
 7.870  0.6381209  0.0000351
 7.890  0.6380897  0.0000350
 7.910  0.6380777  0.0000343
 7.930  0.6380251  0.0000361
 7.950  0.6380641  0.0000353
 7.970  0.6380483  0.0000353
 7.990  0.6380163  0.0000352
 8.010  0.6380202  0.0000353
 8.030  0.6380163  0.0000356
 8.050  0.6380108  0.0000357
 8.070  0.6380007  0.0000352
 8.090  0.6379924  0.0000347
 8.110  0.6380117  0.0000352
 8.130  0.6380125  0.0000349
 8.150  0.6380144  0.0000350
 8.170  0.6380068  0.0000347
 8.190  0.6380083  0.0000349
 8.210  0.6380006  0.0000349
 8.230  0.6380104  0.0000354
 8.250  0.6379852  0.0000354
 8.270  0.6380106  0.0000355
 8.290  0.6380017  0.0000350
 8.310  0.6380021  0.0000362
 8.330  0.6380154  0.0000353
 8.350  0.6380320  0.0000347
 8.370  0.6380196  0.0000350
 8.390  0.6380509  0.0000350
 8.410  0.6380494  0.0000353
 8.430  0.6380490  0.0000355
 8.450  0.6380706  0.0000358
 8.470  0.6380559  0.0000353
 8.490  0.6380979  0.0000353
 8.510  0.6380675  0.0000360
 8.530  0.6380869  0.0000354
 8.550  0.6380958  0.0000354
 8.570  0.6380689  0.0000354
 8.590  0.6380760  0.0000348
 8.610  0.6381065  0.0000350
 8.630  0.6381083  0.0000357
 8.650  0.6380899  0.0000353
 8.670  0.6380869  0.0000355
 8.690  0.6381037  0.0000351
 8.710  0.6380366  0.0000351
 8.730  0.6380865  0.0000345
 8.750  0.6380780  0.0000355
 8.770  0.6380648  0.0000353
 8.790  0.6380704  0.0000349
 8.810  0.6380758  0.0000352
 8.830  0.6380818  0.0000355
 8.850  0.6380359  0.0000348
 8.870  0.6380803  0.0000353
 8.890  0.6380369  0.0000355
 8.910  0.6380192  0.0000356
 8.930  0.6380051  0.0000350
 8.950  0.6380556  0.0000353
 8.970  0.6380242  0.0000358
 8.990  0.6380292  0.0000351
 9.010  0.6380631  0.0000353
 9.030  0.6380044  0.0000350
 9.050  0.6380374  0.0000352
 9.070  0.6380272  0.0000353
 9.090  0.6380236  0.0000354
 9.110  0.6380134  0.0000348
 9.130  0.6380638  0.0000351
 9.150  0.6380288  0.0000356
 9.170  0.6380336  0.0000353
 9.190  0.6380211  0.0000352
 9.210  0.6380103  0.0000355
 9.230  0.6380243  0.0000349
 9.250  0.6380201  0.0000352
 9.270  0.6380167  0.0000347
 9.290  0.6380333  0.0000353
 9.310  0.6380282  0.0000353
 9.330  0.6380529  0.0000353
 9.350  0.6380699  0.0000352
 9.370  0.6380578  0.0000351
 9.390  0.6380376  0.0000352
 9.410  0.6380521  0.0000347
 9.430  0.6380352  0.0000351
 9.450  0.6380628  0.0000346
 9.470  0.6380584  0.0000353
 9.490  0.6380613  0.0000343
 9.510  0.6380743  0.0000348
 9.530  0.6380797  0.0000355
 9.550  0.6380304  0.0000356
 9.570  0.6380732  0.0000349
 9.590  0.6380632  0.0000353
 9.610  0.6380588  0.0000344
 9.630  0.6380569  0.0000349
 9.650  0.6380654  0.0000349
 9.670  0.6380493  0.0000350
 9.690  0.6380873  0.0000356
 9.710  0.6380701  0.0000354
 9.730  0.6380660  0.0000348
 9.750  0.6380779  0.0000347
 9.770  0.6380446  0.0000353
 9.790  0.6380498  0.0000347
 9.810  0.6380538  0.0000353
 9.830  0.6380981  0.0000348
 9.850  0.6380599  0.0000350
 9.870  0.6380470  0.0000348
 9.890  0.6380572  0.0000343
 9.910  0.6380338  0.0000352
 9.930  0.6380334  0.0000347
 9.950  0.6380341  0.0000349
 9.970  0.6380370  0.0000348
 9.990  0.6380240  0.0000354
10.010  0.6380455  0.0000355
10.030  0.6380347  0.0000346
10.050  0.6380447  0.0000345
10.070  0.6380204  0.0000347
10.090  0.6380328  0.0000346
10.110  0.6380479  0.0000352
10.130  0.6380364  0.0000360
10.150  0.6380537  0.0000356
10.170  0.6380506  0.0000358
10.190  0.6380482  0.0000346
10.210  0.6380353  0.0000350
10.230  0.6380977  0.0000357
10.250  0.6380405  0.0000353
10.270  0.6380562  0.0000352
10.290  0.6380649  0.0000349
10.310  0.6380683  0.0000356
10.330  0.6380402  0.0000352
10.350  0.6380541  0.0000348
10.370  0.6380371  0.0000344
10.390  0.6380477  0.0000352
10.410  0.6380310  0.0000350
10.430  0.6380554  0.0000353
10.450  0.6380375  0.0000352
10.470  0.6380799  0.0000357
10.490  0.6380282  0.0000350
10.510  0.6380634  0.0000351
10.530  0.6380487  0.0000346
10.550  0.6380593  0.0000349
10.570  0.6380445  0.0000352
10.590  0.6380373  0.0000352
10.610  0.6380185  0.0000354
10.630  0.6380305  0.0000354
10.650  0.6380429  0.0000349
10.670  0.6380394  0.0000347
10.690  0.6380721  0.0000346
10.710  0.6380571  0.0000357
10.730  0.6380182  0.0000355
10.750  0.6380314  0.0000351
10.770  0.6380622  0.0000345
10.790  0.6380109  0.0000350
10.810  0.6380419  0.0000351
10.830  0.6380542  0.0000357
10.850  0.6380555  0.0000350
10.870  0.6380521  0.0000351
10.890  0.6380421  0.0000349
10.910  0.6380486  0.0000354
10.930  0.6380450  0.0000347
10.950  0.6380392  0.0000343
10.970  0.6380673  0.0000349
10.990  0.6380576  0.0000352
11.010  0.6380651  0.0000349
11.030  0.6380602  0.0000352
11.050  0.6380610  0.0000352
11.070  0.6380602  0.0000350
11.090  0.6380543  0.0000358
11.110  0.6380513  0.0000349
11.130  0.6380437  0.0000354
11.150  0.6380784  0.0000358
11.170  0.6380565  0.0000347
11.190  0.6380806  0.0000348
11.210  0.6380563  0.0000349
11.230  0.6380892  0.0000353
11.250  0.6380708  0.0000347
11.270  0.6380633  0.0000353
11.290  0.6380524  0.0000352
11.310  0.6380712  0.0000354
11.330  0.6380617  0.0000354
11.350  0.6380737  0.0000352
11.370  0.6380414  0.0000349
11.390  0.6380560  0.0000341
11.410  0.6380705  0.0000350
11.430  0.6380533  0.0000349
11.450  0.6380629  0.0000352
11.470  0.6380557  0.0000351
11.490  0.6380228  0.0000352
11.510  0.6380354  0.0000349
11.530  0.6380454  0.0000347
11.550  0.6380489  0.0000350
11.570  0.6380516  0.0000346
11.590  0.6380768  0.0000353
11.610  0.6380749  0.0000354
11.630  0.6380394  0.0000346
11.650  0.6380788  0.0000347
11.670  0.6380516  0.0000352
11.690  0.6380510  0.0000348
11.710  0.6380214  0.0000344
11.730  0.6380237  0.0000344
11.750  0.6380415  0.0000353
11.770  0.6380213  0.0000350
11.790  0.6380276  0.0000347
11.810  0.6380084  0.0000348
11.830  0.6380683  0.0000352
11.850  0.6380545  0.0000352
11.870  0.6380596  0.0000352
11.890  0.6380620  0.0000354
11.910  0.6380473  0.0000349
11.930  0.6380532  0.0000351
11.950  0.6380640  0.0000353
11.970  0.6380532  0.0000355
11.990  0.6380406  0.0000354
12.010  0.6380452  0.0000356
12.030  0.6380538  0.0000354
12.050  0.6380554  0.0000360
12.070  0.6380180  0.0000353
12.090  0.6380606  0.0000347
12.110  0.6380503  0.0000359
12.130  0.6380632  0.0000351
12.150  0.6380570  0.0000350
12.170  0.6380623  0.0000348
12.190  0.6380487  0.0000347
12.210  0.6380439  0.0000354
12.230  0.6380535  0.0000349
12.250  0.6380904  0.0000348
12.270  0.6380728  0.0000350
12.290  0.6380864  0.0000353
12.310  0.6380388  0.0000355
12.330  0.6380523  0.0000353
12.350  0.6380595  0.0000349
12.370  0.6380275  0.0000356
12.390  0.6380568  0.0000354
12.410  0.6380444  0.0000357
12.430  0.6380433  0.0000357
12.450  0.6380500  0.0000354
12.470  0.6380369  0.0000346
12.490  0.6380475  0.0000353
12.510  0.6380617  0.0000349
12.530  0.6380399  0.0000350
12.550  0.6380444  0.0000358
12.570  0.6380208  0.0000345
12.590  0.6380701  0.0000353
12.610  0.6380808  0.0000349
12.630  0.6380346  0.0000359
12.650  0.6380359  0.0000348
12.670  0.6380843  0.0000353
12.690  0.6380453  0.0000346
12.710  0.6380522  0.0000350
12.730  0.6380376  0.0000348
12.750  0.6380694  0.0000350
12.770  0.6380761  0.0000355
12.790  0.6380628  0.0000350
12.810  0.6380738  0.0000355
12.830  0.6380606  0.0000352
12.850  0.6380771  0.0000352
12.870  0.6380513  0.0000343
12.890  0.6381005  0.0000349
12.910  0.6380726  0.0000354
12.930  0.6380582  0.0000354
12.950  0.6380536  0.0000348
12.970  0.6380718  0.0000346
12.990  0.6380681  0.0000352
13.010  0.6380834  0.0000350
13.030  0.6380617  0.0000350
13.050  0.6380694  0.0000351
13.070  0.6380626  0.0000350
13.090  0.6380575  0.0000344
13.110  0.6380534  0.0000353
13.130  0.6380468  0.0000356
13.150  0.6380823  0.0000351
13.170  0.6380259  0.0000354
13.190  0.6380542  0.0000351
13.210  0.6380566  0.0000354
13.230  0.6380178  0.0000357
13.250  0.6380403  0.0000358
13.270  0.6380594  0.0000352
13.290  0.6380238  0.0000350
13.310  0.6380344  0.0000348
13.330  0.6380411  0.0000346
13.350  0.6380482  0.0000351
13.370  0.6380367  0.0000348
13.390  0.6380495  0.0000352
13.410  0.6380067  0.0000340
13.430  0.6380173  0.0000348
13.450  0.6380290  0.0000353
13.470  0.6380422  0.0000352
13.490  0.6380222  0.0000346
13.510  0.6380428  0.0000348
13.530  0.6380480  0.0000352
13.550  0.6380190  0.0000341
13.570  0.6380767  0.0000352
13.590  0.6380516  0.0000349
13.610  0.6380507  0.0000349
13.630  0.6380584  0.0000350
13.650  0.6380660  0.0000355
13.670  0.6381052  0.0000350
13.690  0.6380726  0.0000349
13.710  0.6380843  0.0000352
13.730  0.6380552  0.0000349
13.750  0.6380562  0.0000348
13.770  0.6380602  0.0000349
13.790  0.6380495  0.0000353
13.810  0.6380551  0.0000357
13.830  0.6380406  0.0000347
13.850  0.6380548  0.0000348
13.870  0.6380606  0.0000347
13.890  0.6380526  0.0000354
13.910  0.6380881  0.0000349
13.930  0.6380600  0.0000349
13.950  0.6380534  0.0000348
13.970  0.6380523  0.0000347
13.990  0.6380591  0.0000350
14.010  0.6380438  0.0000349
14.030  0.6380420  0.0000354
14.050  0.6380387  0.0000350
14.070  0.6380683  0.0000346
14.090  0.6380656  0.0000352
14.110  0.6380258  0.0000351
14.130  0.6380428  0.0000352
14.150  0.6380697  0.0000348
14.170  0.6380509  0.0000348
14.190  0.6380565  0.0000353
14.210  0.6380099  0.0000352
14.230  0.6380524  0.0000352
14.250  0.6380557  0.0000354
14.270  0.6380459  0.0000351
14.290  0.6380727  0.0000349
14.310  0.6380824  0.0000341
14.330  0.6380414  0.0000351
14.350  0.6380515  0.0000354
14.370  0.6380648  0.0000348
14.390  0.6380575  0.0000346
14.410  0.6380474  0.0000344
14.430  0.6380714  0.0000352
14.450  0.6380328  0.0000351
14.470  0.6380918  0.0000346
14.490  0.6380449  0.0000348
14.510  0.6380630  0.0000352
14.530  0.6380826  0.0000360
14.550  0.6380384  0.0000354
14.570  0.6380519  0.0000355
14.590  0.6380802  0.0000348
14.610  0.6380633  0.0000353
14.630  0.6380600  0.0000352
14.650  0.6380593  0.0000351
14.670  0.6380742  0.0000345
14.690  0.6380613  0.0000357
14.710  0.6380632  0.0000354
14.730  0.6380441  0.0000353
14.750  0.6380548  0.0000349
14.770  0.6380691  0.0000353
14.790  0.6380416  0.0000345
14.810  0.6380391  0.0000348
14.830  0.6380378  0.0000351
14.850  0.6380724  0.0000344
14.870  0.6380673  0.0000349
14.890  0.6380290  0.0000353
14.910  0.6380376  0.0000348
14.930  0.6380533  0.0000353
14.950  0.6380424  0.0000345
14.970  0.6380534  0.0000353
14.990  0.6380423  0.0000351
15.010  0.6380450  0.0000348
15.030  0.6380854  0.0000352
15.050  0.6380559  0.0000354
15.070  0.6380234  0.0000349
15.090  0.6380255  0.0000350
15.110  0.6380886  0.0000353
15.130  0.6380674  0.0000357
15.150  0.6380634  0.0000338
15.170  0.6380761  0.0000348
15.190  0.6380480  0.0000348
15.210  0.6380572  0.0000349
15.230  0.6380316  0.0000343
15.250  0.6380802  0.0000351
15.270  0.6380389  0.0000350
15.290  0.6380819  0.0000350
15.310  0.6380686  0.0000349
15.330  0.6380535  0.0000358
15.350  0.6380613  0.0000351
15.370  0.6380681  0.0000352
15.390  0.6380600  0.0000353
15.410  0.6380286  0.0000353
15.430  0.6380372  0.0000350
15.450  0.6380413  0.0000350
15.470  0.6380676  0.0000351
15.490  0.6380525  0.0000351
15.510  0.6380461  0.0000348
15.530  0.6380497  0.0000353
15.550  0.6380521  0.0000351
15.570  0.6380393  0.0000351
15.590  0.6380424  0.0000355
15.610  0.6380601  0.0000346
15.630  0.6380670  0.0000349
15.650  0.6380603  0.0000342
15.670  0.6380527  0.0000358
15.690  0.6380795  0.0000351
15.710  0.6380448  0.0000354
15.730  0.6380651  0.0000354
15.750  0.6380571  0.0000346
15.770  0.6380798  0.0000356
15.790  0.6380486  0.0000351
15.810  0.6380838  0.0000355
15.830  0.6380600  0.0000348
15.850  0.6380571  0.0000356
15.870  0.6380492  0.0000351
15.890  0.6380658  0.0000351
15.910  0.6380441  0.0000347
15.930  0.6380591  0.0000344
15.950  0.6380155  0.0000348
15.970  0.6380630  0.0000353
15.990  0.6380584  0.0000347
16.010  0.6380127  0.0000348
16.030  0.6380420  0.0000353
16.050  0.6380258  0.0000352
16.070  0.6380687  0.0000344
16.090  0.6380572  0.0000353
16.110  0.6380388  0.0000351
16.130  0.6380357  0.0000349
16.150  0.6380224  0.0000354
16.170  0.6380459  0.0000348
16.190  0.6380321  0.0000348
16.210  0.6380526  0.0000350
16.230  0.6380731  0.0000352
16.250  0.6380451  0.0000353
16.270  0.6380646  0.0000352
16.290  0.6380825  0.0000354
16.310  0.6380780  0.0000348
16.330  0.6380686  0.0000352
16.350  0.6380562  0.0000353
16.370  0.6380598  0.0000355
16.390  0.6380584  0.0000346
16.410  0.6380287  0.0000349
16.430  0.6380743  0.0000352
16.450  0.6380720  0.0000353
16.470  0.6380467  0.0000351
16.490  0.6380583  0.0000355
16.510  0.6380788  0.0000351
16.530  0.6380642  0.0000356
16.550  0.6380590  0.0000351
16.570  0.6380930  0.0000347
16.590  0.6380352  0.0000354
16.610  0.6380373  0.0000347
16.630  0.6380444  0.0000345
16.650  0.6380276  0.0000352
16.670  0.6380481  0.0000350
16.690  0.6380535  0.0000354
16.710  0.6380414  0.0000347
16.730  0.6380492  0.0000343
16.750  0.6380368  0.0000348
16.770  0.6380259  0.0000342
16.790  0.6380340  0.0000347
16.810  0.6380344  0.0000347
16.830  0.6380450  0.0000349
16.850  0.6380644  0.0000344
16.870  0.6380372  0.0000354
16.890  0.6380644  0.0000353
16.910  0.6380293  0.0000354
16.930  0.6380856  0.0000348
16.950  0.6380449  0.0000352
16.970  0.6380637  0.0000351
16.990  0.6380567  0.0000357
17.010  0.6380846  0.0000349
17.030  0.6380578  0.0000352
17.050  0.6380529  0.0000349
17.070  0.6380535  0.0000346
17.090  0.6380691  0.0000352
17.110  0.6380943  0.0000357
17.130  0.6380350  0.0000347
17.150  0.6380659  0.0000352
17.170  0.6380733  0.0000349
17.190  0.6380704  0.0000346
17.210  0.6380587  0.0000351
17.230  0.6380468  0.0000351
17.250  0.6380442  0.0000356
17.270  0.6380577  0.0000350
17.290  0.6380434  0.0000357
17.310  0.6380591  0.0000350
17.330  0.6380467  0.0000352
17.350  0.6380623  0.0000352
17.370  0.6380578  0.0000353
17.390  0.6380668  0.0000350
17.410  0.6380335  0.0000343
17.430  0.6380529  0.0000356
17.450  0.6380534  0.0000350
17.470  0.6380444  0.0000344
17.490  0.6380621  0.0000356
17.510  0.6380572  0.0000353
17.530  0.6380559  0.0000350
17.550  0.6380398  0.0000353
17.570  0.6380398  0.0000353
17.590  0.6380613  0.0000349
17.610  0.6380457  0.0000345
17.630  0.6380504  0.0000347
17.650  0.6380440  0.0000349
17.670  0.6380311  0.0000345
17.690  0.6380657  0.0000355
17.710  0.6380280  0.0000351
17.730  0.6380595  0.0000347
17.750  0.6380387  0.0000345
17.770  0.6380586  0.0000347
17.790  0.6380485  0.0000344
17.810  0.6380697  0.0000351
17.830  0.6380495  0.0000350
17.850  0.6380512  0.0000350
17.870  0.6380594  0.0000354
17.890  0.6380560  0.0000350
17.910  0.6380679  0.0000354
17.930  0.6380630  0.0000358
17.950  0.6380572  0.0000354
17.970  0.6380634  0.0000350
17.990  0.6380341  0.0000348
18.010  0.6380385  0.0000353
18.030  0.6380406  0.0000347
18.050  0.6380631  0.0000347
18.070  0.6380406  0.0000350
18.090  0.6380434  0.0000347
18.110  0.6380456  0.0000355
18.130  0.6380340  0.0000351
18.150  0.6380673  0.0000350
18.170  0.6380729  0.0000355
18.190  0.6380629  0.0000351
18.210  0.6380436  0.0000356
18.230  0.6380770  0.0000352
18.250  0.6380737  0.0000358
18.270  0.6380633  0.0000350
18.290  0.6380615  0.0000350
18.310  0.6380427  0.0000350
18.330  0.6380319  0.0000345
18.350  0.6380649  0.0000355
18.370  0.6380841  0.0000360
18.390  0.6380450  0.0000352
18.410  0.6380348  0.0000349
18.430  0.6380539  0.0000353
18.450  0.6380107  0.0000348
18.470  0.6380831  0.0000346
18.490  0.6380650  0.0000349
18.510  0.6380401  0.0000351
18.530  0.6380756  0.0000350
18.550  0.6380543  0.0000350
18.570  0.6380624  0.0000350
18.590  0.6380397  0.0000346
18.610  0.6380443  0.0000353
18.630  0.6380160  0.0000345
18.650  0.6380654  0.0000354
18.670  0.6380466  0.0000348
18.690  0.6380616  0.0000351
18.710  0.6380572  0.0000349
18.730  0.6380492  0.0000349
18.750  0.6380193  0.0000349
18.770  0.6380482  0.0000348
18.790  0.6380454  0.0000350
18.810  0.6380248  0.0000346
18.830  0.6380498  0.0000351
18.850  0.6380589  0.0000355
18.870  0.6380689  0.0000356
18.890  0.6380507  0.0000350
18.910  0.6380376  0.0000347
18.930  0.6380774  0.0000352
18.950  0.6380398  0.0000354
18.970  0.6380688  0.0000351
18.990  0.6380635  0.0000351
19.010  0.6380303  0.0000347
19.030  0.6380701  0.0000351
19.050  0.6380386  0.0000354
19.070  0.6380359  0.0000349
19.090  0.6380682  0.0000348
19.110  0.6380555  0.0000349
19.130  0.6380548  0.0000354
19.150  0.6380588  0.0000346
19.170  0.6380379  0.0000354
19.190  0.6380460  0.0000349
19.210  0.6380325  0.0000346
19.230  0.6380686  0.0000345
19.250  0.6380253  0.0000348
19.270  0.6380404  0.0000352
19.290  0.6380791  0.0000353
19.310  0.6380513  0.0000353
19.330  0.6380662  0.0000351
19.350  0.6380479  0.0000347
19.370  0.6380488  0.0000353
19.390  0.6380621  0.0000358
19.410  0.6380289  0.0000348
19.430  0.6380532  0.0000351
19.450  0.6380557  0.0000353
19.470  0.6380751  0.0000350
19.490  0.6380374  0.0000352
19.510  0.6380444  0.0000351
19.530  0.6380551  0.0000347
19.550  0.6380430  0.0000349
19.570  0.6380399  0.0000350
19.590  0.6380440  0.0000350
19.610  0.6380601  0.0000353
19.630  0.6380498  0.0000351
19.650  0.6380455  0.0000355
19.670  0.6380609  0.0000348
19.690  0.6380695  0.0000354
19.710  0.6380617  0.0000350
19.730  0.6380237  0.0000350
19.750  0.6380536  0.0000347
19.770  0.6380376  0.0000349
19.790  0.6380317  0.0000358
19.810  0.6380427  0.0000347
19.830  0.6380364  0.0000352
19.850  0.6380713  0.0000355
19.870  0.6380408  0.0000350
19.890  0.6380571  0.0000354
19.910  0.6380418  0.0000354
19.930  0.6380903  0.0000344
19.950  0.6380626  0.0000352
19.970  0.6380572  0.0000347
19.990  0.6380496  0.0000353
20.010  0.6380710  0.0000357
20.030  0.6380527  0.0000351
20.050  0.6380442  0.0000348
20.070  0.6380568  0.0000350
20.090  0.6380814  0.0000354
20.110  0.6380471  0.0000356
20.130  0.6380079  0.0000355
20.150  0.6380606  0.0000354
20.170  0.6380407  0.0000351
20.190  0.6380429  0.0000357
20.210  0.6380485  0.0000356
20.230  0.6380380  0.0000351
20.250  0.6380161  0.0000356
20.270  0.6380283  0.0000346
20.290  0.6380370  0.0000350
20.310  0.6380539  0.0000356
20.330  0.6380569  0.0000346
20.350  0.6380251  0.0000347
20.370  0.6380697  0.0000352
20.390  0.6380520  0.0000348
20.410  0.6380193  0.0000349
20.430  0.6380407  0.0000350
20.450  0.6380527  0.0000355
20.470  0.6380629  0.0000353
20.490  0.6380379  0.0000353
20.510  0.6380503  0.0000355
20.530  0.6380410  0.0000354
20.550  0.6380369  0.0000355
20.570  0.6380237  0.0000347
20.590  0.6380450  0.0000352
20.610  0.6380598  0.0000348
20.630  0.6380766  0.0000353
20.650  0.6380723  0.0000354
20.670  0.6380354  0.0000351
20.690  0.6380533  0.0000354
20.710  0.6380499  0.0000354
20.730  0.6380543  0.0000347
20.750  0.6380257  0.0000352
20.770  0.6380571  0.0000345
20.790  0.6380691  0.0000349
20.810  0.6380694  0.0000349
20.830  0.6380412  0.0000350
20.850  0.6380797  0.0000354
20.870  0.6380682  0.0000345
20.890  0.6380512  0.0000355
20.910  0.6380535  0.0000353
20.930  0.6380576  0.0000346
20.950  0.6380291  0.0000352
20.970  0.6380394  0.0000349
20.990  0.6380626  0.0000350
21.010  0.6380150  0.0000355
21.030  0.6380374  0.0000351
21.050  0.6380291  0.0000350
21.070  0.6380596  0.0000357
21.090  0.6380414  0.0000347
21.110  0.6380425  0.0000348
21.130  0.6380687  0.0000349
21.150  0.6380715  0.0000348
21.170  0.6380682  0.0000348
21.190  0.6380216  0.0000354
21.210  0.6380352  0.0000349
21.230  0.6380452  0.0000348
21.250  0.6380687  0.0000353
21.270  0.6380418  0.0000353
21.290  0.6380482  0.0000355
21.310  0.6380120  0.0000349
21.330  0.6380661  0.0000349
21.350  0.6380415  0.0000348
21.370  0.6380447  0.0000354
21.390  0.6380243  0.0000356
21.410  0.6380316  0.0000348
21.430  0.6380626  0.0000351
21.450  0.6380405  0.0000349
21.470  0.6380120  0.0000348
21.490  0.6380344  0.0000357
21.510  0.6380403  0.0000352
21.530  0.6380632  0.0000348
21.550  0.6380558  0.0000353
21.570  0.6380388  0.0000346
21.590  0.6380532  0.0000355
21.610  0.6380514  0.0000354
21.630  0.6380522  0.0000359
21.650  0.6380608  0.0000350
21.670  0.6380608  0.0000353
21.690  0.6380651  0.0000350
21.710  0.6380389  0.0000349
21.730  0.6380648  0.0000352
21.750  0.6380693  0.0000356
21.770  0.6380504  0.0000358
21.790  0.6380615  0.0000354
21.810  0.6380525  0.0000354
21.830  0.6380592  0.0000353
21.850  0.6380471  0.0000355
21.870  0.6380332  0.0000348
21.890  0.6380241  0.0000345
21.910  0.6380743  0.0000354
21.930  0.6380576  0.0000350
21.950  0.6380452  0.0000354
21.970  0.6380293  0.0000354
21.990  0.6380525  0.0000355
22.010  0.6380303  0.0000350
22.030  0.6380623  0.0000352
22.050  0.6380516  0.0000362
22.070  0.6380478  0.0000350
22.090  0.6380277  0.0000347
22.110  0.6380700  0.0000344
22.130  0.6380472  0.0000359
22.150  0.6380675  0.0000352
22.170  0.6380516  0.0000351
22.190  0.6380575  0.0000352
22.210  0.6380586  0.0000354
22.230  0.6380726  0.0000349
22.250  0.6380468  0.0000353
22.270  0.6380580  0.0000361
22.290  0.6380693  0.0000354
22.310  0.6380755  0.0000351
22.330  0.6380825  0.0000353
22.350  0.6380499  0.0000351
22.370  0.6380438  0.0000355
22.390  0.6380635  0.0000351
22.410  0.6380591  0.0000349
22.430  0.6380401  0.0000346
22.450  0.6380156  0.0000351
22.470  0.6380205  0.0000349
22.490  0.6380283  0.0000354
22.510  0.6380409  0.0000350
22.530  0.6380402  0.0000357
22.550  0.6380543  0.0000353
22.570  0.6380507  0.0000351
22.590  0.6380276  0.0000351
22.610  0.6380504  0.0000355
22.630  0.6380650  0.0000350
22.650  0.6380573  0.0000353
22.670  0.6380438  0.0000347
22.690  0.6380340  0.0000354
22.710  0.6380625  0.0000349
22.730  0.6380526  0.0000359
22.750  0.6380613  0.0000353
22.770  0.6380399  0.0000352
22.790  0.6380425  0.0000356
22.810  0.6380821  0.0000354
22.830  0.6380209  0.0000353
22.850  0.6380264  0.0000351
22.870  0.6380892  0.0000349
22.890  0.6380460  0.0000347
22.910  0.6380655  0.0000350
22.930  0.6380545  0.0000348
22.950  0.6380446  0.0000351
22.970  0.6380254  0.0000344
22.990  0.6380800  0.0000342
23.010  0.6380297  0.0000356
23.030  0.6380484  0.0000354
23.050  0.6380292  0.0000350
23.070  0.6380594  0.0000352
23.090  0.6380782  0.0000349
23.110  0.6380724  0.0000353
23.130  0.6380695  0.0000349
23.150  0.6380241  0.0000354
23.170  0.6380295  0.0000357
23.190  0.6380116  0.0000352
23.210  0.6380433  0.0000350
23.230  0.6380349  0.0000347
23.250  0.6380365  0.0000351
23.270  0.6380642  0.0000356
23.290  0.6380636  0.0000351
23.310  0.6380640  0.0000358
23.330  0.6380395  0.0000349
23.350  0.6380640  0.0000349
23.370  0.6380615  0.0000349
23.390  0.6380325  0.0000354
23.410  0.6380533  0.0000354
23.430  0.6380547  0.0000353
23.450  0.6380742  0.0000353
23.470  0.6380434  0.0000348
23.490  0.6380819  0.0000347
23.510  0.6380924  0.0000342
23.530  0.6380456  0.0000345
23.550  0.6380433  0.0000352
23.570  0.6380554  0.0000354
23.590  0.6380672  0.0000354
23.610  0.6380128  0.0000355
23.630  0.6380436  0.0000361
23.650  0.6380494  0.0000356
23.670  0.6380501  0.0000352
23.690  0.6380447  0.0000355
23.710  0.6380416  0.0000352
23.730  0.6380553  0.0000352
23.750  0.6380514  0.0000358
23.770  0.6380567  0.0000347
23.790  0.6380445  0.0000354
23.810  0.6380742  0.0000351
23.830  0.6380669  0.0000354
23.850  0.6380308  0.0000353
23.870  0.6380416  0.0000351
23.890  0.6380559  0.0000353
23.910  0.6380963  0.0000350
23.930  0.6380483  0.0000357
23.950  0.6380642  0.0000354
23.970  0.6380508  0.0000357
23.990  0.6380690  0.0000355
24.010  0.6380481  0.0000353
24.030  0.6380512  0.0000347
24.050  0.6380649  0.0000352
24.070  0.6380717  0.0000354
24.090  0.6380411  0.0000358
24.110  0.6380582  0.0000356
24.130  0.6380121  0.0000355
24.150  0.6380309  0.0000355
24.170  0.6380139  0.0000353
24.190  0.6380254  0.0000358
24.210  0.6380465  0.0000353
24.230  0.6380700  0.0000352
24.250  0.6380485  0.0000351
24.270  0.6380714  0.0000360
24.290  0.6380399  0.0000346
24.310  0.6380938  0.0000346
24.330  0.6380623  0.0000350
24.350  0.6380805  0.0000350
24.370  0.6380526  0.0000356
24.390  0.6380541  0.0000353
24.410  0.6380560  0.0000350
24.430  0.6380359  0.0000348
24.450  0.6380390  0.0000354
24.470  0.6380464  0.0000353
24.490  0.6380526  0.0000357
24.510  0.6380165  0.0000353
24.530  0.6380366  0.0000357
24.550  0.6380202  0.0000349
24.570  0.6380377  0.0000354
24.590  0.6380559  0.0000350
24.610  0.6380374  0.0000357
24.630  0.6380145  0.0000358
24.650  0.6380582  0.0000354
24.670  0.6380640  0.0000354
24.690  0.6380252  0.0000357
24.710  0.6380477  0.0000352
24.730  0.6380704  0.0000355
24.750  0.6380528  0.0000353
24.770  0.6380692  0.0000360
24.790  0.6380670  0.0000355
24.810  0.6380546  0.0000351
24.830  0.6380603  0.0000356
24.850  0.6380359  0.0000349
24.870  0.6380541  0.0000354
24.890  0.6380636  0.0000355
24.910  0.6380333  0.0000348
24.930  0.6380662  0.0000350
24.950  0.6380653  0.0000352
24.970  0.6380625  0.0000352
24.990  0.6380557  0.0000353
25.010  0.6380450  0.0000351
25.030  0.6380224  0.0000354
25.050  0.6380764  0.0000354
25.070  0.6380446  0.0000356
25.090  0.6380516  0.0000356
25.110  0.6380957  0.0000352
25.130  0.6380615  0.0000357
25.150  0.6380215  0.0000353
25.170  0.6380289  0.0000357
25.190  0.6380724  0.0000354
25.210  0.6380456  0.0000348
25.230  0.6380323  0.0000351
25.250  0.6380517  0.0000352
25.270  0.6380290  0.0000350
25.290  0.6380755  0.0000357
25.310  0.6380602  0.0000346
25.330  0.6380418  0.0000358
25.350  0.6380155  0.0000348
25.370  0.6380595  0.0000349
25.390  0.6380533  0.0000351
25.410  0.6380583  0.0000355
25.430  0.6380585  0.0000350
25.450  0.6380294  0.0000355
25.470  0.6380183  0.0000351
25.490  0.6380479  0.0000353
25.510  0.6380578  0.0000352
25.530  0.6380545  0.0000353
25.550  0.6380762  0.0000350
25.570  0.6380459  0.0000351
25.590  0.6380684  0.0000350
25.610  0.6380606  0.0000353
25.630  0.6380771  0.0000347
25.650  0.6380576  0.0000357
25.670  0.6380769  0.0000358
25.690  0.6380304  0.0000353
25.710  0.6380450  0.0000356
25.730  0.6380532  0.0000350
25.750  0.6380318  0.0000356
25.770  0.6380542  0.0000355
25.790  0.6380395  0.0000350
25.810  0.6380526  0.0000352
25.830  0.6380384  0.0000351
25.850  0.6380330  0.0000358
25.870  0.6380393  0.0000361
25.890  0.6380590  0.0000351
25.910  0.6380547  0.0000353
25.930  0.6380396  0.0000350
25.950  0.6380572  0.0000347
25.970  0.6380565  0.0000356
25.990  0.6380560  0.0000351
26.010  0.6380442  0.0000352
26.030  0.6380516  0.0000353
26.050  0.6380499  0.0000351
26.070  0.6380089  0.0000349
26.090  0.6380345  0.0000349
26.110  0.6380690  0.0000355
26.130  0.6380300  0.0000358
26.150  0.6380506  0.0000362
26.170  0.6380618  0.0000349
26.190  0.6380219  0.0000352
26.210  0.6380361  0.0000359
26.230  0.6380321  0.0000355
26.250  0.6380166  0.0000357
26.270  0.6380293  0.0000353
26.290  0.6380215  0.0000358
26.310  0.6380422  0.0000351
26.330  0.6380249  0.0000350
26.350  0.6380510  0.0000353
26.370  0.6380495  0.0000349
26.390  0.6380328  0.0000352
26.410  0.6380639  0.0000356
26.430  0.6380398  0.0000355
26.450  0.6380562  0.0000358
26.470  0.6380470  0.0000355
26.490  0.6380538  0.0000362
26.510  0.6380566  0.0000352
26.530  0.6380470  0.0000362
26.550  0.6380638  0.0000353
26.570  0.6380608  0.0000351
26.590  0.6380644  0.0000357
26.610  0.6380395  0.0000357
26.630  0.6380535  0.0000357
26.650  0.6380438  0.0000359
26.670  0.6380349  0.0000349
26.690  0.6380451  0.0000348
26.710  0.6380313  0.0000360
26.730  0.6380649  0.0000360
26.750  0.6380764  0.0000347
26.770  0.6380628  0.0000353
26.790  0.6380522  0.0000353
26.810  0.6380638  0.0000359
26.830  0.6380550  0.0000354
26.850  0.6380860  0.0000355
26.870  0.6380656  0.0000353
26.890  0.6380578  0.0000349
26.910  0.6380593  0.0000356
26.930  0.6380313  0.0000355
26.950  0.6380670  0.0000356
26.970  0.6380471  0.0000354
26.990  0.6380453  0.0000359
27.010  0.6380435  0.0000360
27.030  0.6380764  0.0000352
27.050  0.6380568  0.0000348
27.070  0.6380499  0.0000347
27.090  0.6380440  0.0000355
27.110  0.6380496  0.0000357
27.130  0.6380687  0.0000353
27.150  0.6380514  0.0000348
27.170  0.6380455  0.0000353
27.190  0.6380713  0.0000349
27.210  0.6380794  0.0000354
27.230  0.6380659  0.0000353
27.250  0.6380718  0.0000357
27.270  0.6380482  0.0000354
27.290  0.6380748  0.0000350
27.310  0.6380592  0.0000360
27.330  0.6380499  0.0000357
27.350  0.6380484  0.0000353
27.370  0.6380497  0.0000356
27.390  0.6380256  0.0000356
27.410  0.6380401  0.0000359
27.430  0.6380768  0.0000354
27.450  0.6380441  0.0000352
27.470  0.6380404  0.0000362
27.490  0.6380281  0.0000356
27.510  0.6380057  0.0000363
27.530  0.6380283  0.0000353
27.550  0.6380323  0.0000355
27.570  0.6380437  0.0000357
27.590  0.6380440  0.0000352
27.610  0.6380489  0.0000351
27.630  0.6380446  0.0000358
27.650  0.6380569  0.0000349
27.670  0.6380430  0.0000352
27.690  0.6380700  0.0000355
27.710  0.6380741  0.0000358
27.730  0.6380540  0.0000353
27.750  0.6380443  0.0000355
27.770  0.6380531  0.0000355
27.790  0.6380411  0.0000350
27.810  0.6380513  0.0000356
27.830  0.6380720  0.0000352
27.850  0.6380635  0.0000356
27.870  0.6380673  0.0000356
27.890  0.6380657  0.0000351
27.910  0.6380461  0.0000352
27.930  0.6380668  0.0000351
27.950  0.6380767  0.0000350
27.970  0.6380478  0.0000353
27.990  0.6380334  0.0000356
28.010  0.6380473  0.0000358
28.030  0.6380628  0.0000356
28.050  0.6380570  0.0000354
28.070  0.6380226  0.0000352
28.090  0.6380238  0.0000357
28.110  0.6380218  0.0000357
28.130  0.6380665  0.0000355
28.150  0.6380433  0.0000359
28.170  0.6380736  0.0000353
28.190  0.6380631  0.0000351
28.210  0.6380233  0.0000356
28.230  0.6380496  0.0000355
28.250  0.6380499  0.0000348
28.270  0.6380505  0.0000357
28.290  0.6380399  0.0000359
28.310  0.6379982  0.0000356
28.330  0.6380416  0.0000357
28.350  0.6380518  0.0000359
28.370  0.6380549  0.0000357
28.390  0.6380510  0.0000356
28.410  0.6380625  0.0000358
28.430  0.6380361  0.0000360
28.450  0.6380265  0.0000353
28.470  0.6380638  0.0000357
28.490  0.6380660  0.0000354
28.510  0.6380626  0.0000352
28.530  0.6380614  0.0000361
28.550  0.6380675  0.0000354
28.570  0.6380606  0.0000357
28.590  0.6380510  0.0000355
28.610  0.6380504  0.0000357
28.630  0.6380443  0.0000360
28.650  0.6380502  0.0000359
28.670  0.6380514  0.0000357
28.690  0.6380227  0.0000361
28.710  0.6380706  0.0000351
28.730  0.6380682  0.0000352
28.750  0.6380801  0.0000355
28.770  0.6380617  0.0000354
28.790  0.6380312  0.0000347
28.810  0.6380475  0.0000351
28.830  0.6380396  0.0000354
28.850  0.6380546  0.0000355
28.870  0.6380572  0.0000358
28.890  0.6380564  0.0000360
28.910  0.6380463  0.0000358
28.930  0.6380250  0.0000355
28.950  0.6380714  0.0000352
28.970  0.6380495  0.0000351
28.990  0.6380490  0.0000355
29.010  0.6380652  0.0000354
29.030  0.6380740  0.0000361
29.050  0.6380355  0.0000350
29.070  0.6380717  0.0000356
29.090  0.6380533  0.0000355
29.110  0.6380616  0.0000362
29.130  0.6380502  0.0000361
29.150  0.6380693  0.0000353
29.170  0.6380559  0.0000354
29.190  0.6380602  0.0000348
29.210  0.6380787  0.0000355
29.230  0.6380633  0.0000352
29.250  0.6380666  0.0000357
29.270  0.6380454  0.0000365
29.290  0.6380566  0.0000354
29.310  0.6380449  0.0000358
29.330  0.6380652  0.0000354
29.350  0.6380398  0.0000357
29.370  0.6380952  0.0000362
29.390  0.6380334  0.0000353
29.410  0.6380444  0.0000355
29.430  0.6380060  0.0000355
29.450  0.6380284  0.0000364
29.470  0.6380394  0.0000359
29.490  0.6380617  0.0000354
29.510  0.6380604  0.0000359
29.530  0.6380504  0.0000360
29.550  0.6380367  0.0000358
29.570  0.6380626  0.0000362
29.590  0.6380534  0.0000356
29.610  0.6380610  0.0000353
29.630  0.6380291  0.0000349
29.650  0.6380699  0.0000356
29.670  0.6380408  0.0000356
29.690  0.6380558  0.0000356
29.710  0.6380336  0.0000351
29.730  0.6380301  0.0000357
29.750  0.6380378  0.0000353
29.770  0.6380441  0.0000353
29.790  0.6380295  0.0000352
29.810  0.6380381  0.0000359
29.830  0.6380640  0.0000349
29.850  0.6380578  0.0000353
29.870  0.6380389  0.0000352
29.890  0.6380805  0.0000351
29.910  0.6380562  0.0000358
29.930  0.6380576  0.0000360
29.950  0.6380769  0.0000352
29.970  0.6380467  0.0000359
29.990  0.6380719  0.0000357
30.010  0.6380981  0.0000360
30.030  0.6380584  0.0000354
30.050  0.6380609  0.0000352
30.070  0.6381033  0.0000358
30.090  0.6380966  0.0000363
30.110  0.6380727  0.0000354
30.130  0.6380540  0.0000356
30.150  0.6380520  0.0000354
30.170  0.6380467  0.0000358
30.190  0.6380280  0.0000352
30.210  0.6380563  0.0000351
30.230  0.6380340  0.0000350
30.250  0.6380624  0.0000360
30.270  0.6380764  0.0000351
30.290  0.6380669  0.0000355
30.310  0.6380623  0.0000354
30.330  0.6380633  0.0000359
30.350  0.6380451  0.0000354
30.370  0.6380735  0.0000359
30.390  0.6380470  0.0000355
30.410  0.6380773  0.0000354
30.430  0.6380569  0.0000350
30.450  0.6380275  0.0000348
30.470  0.6380308  0.0000357
30.490  0.6380536  0.0000359
30.510  0.6380462  0.0000358
30.530  0.6380297  0.0000356
30.550  0.6380269  0.0000360
30.570  0.6380370  0.0000358
30.590  0.6380412  0.0000348
30.610  0.6380315  0.0000357
30.630  0.6380175  0.0000355
30.650  0.6380618  0.0000353
30.670  0.6380221  0.0000360
30.690  0.6380383  0.0000359
30.710  0.6380583  0.0000354
30.730  0.6380395  0.0000359
30.750  0.6380498  0.0000354
30.770  0.6380346  0.0000356
30.790  0.6380392  0.0000352
30.810  0.6380250  0.0000351
30.830  0.6380427  0.0000357
30.850  0.6380449  0.0000362
30.870  0.6380442  0.0000353
30.890  0.6380463  0.0000359
30.910  0.6380437  0.0000362
30.930  0.6380287  0.0000358
30.950  0.6380619  0.0000360
30.970  0.6380346  0.0000359
30.990  0.6380523  0.0000360
31.010  0.6380649  0.0000353
31.030  0.6380792  0.0000355
31.050  0.6380799  0.0000362
31.070  0.6380545  0.0000352
31.090  0.6380804  0.0000360
31.110  0.6380497  0.0000365
31.130  0.6380663  0.0000359
31.150  0.6380489  0.0000358
31.170  0.6380534  0.0000358
31.190  0.6380564  0.0000358
31.210  0.6380685  0.0000360
31.230  0.6380866  0.0000356
31.250  0.6380494  0.0000361
31.270  0.6380659  0.0000363
31.290  0.6380591  0.0000358
31.310  0.6380666  0.0000359
31.330  0.6380569  0.0000365
31.350  0.6380531  0.0000358
31.370  0.6380516  0.0000357
31.390  0.6380453  0.0000359
31.410  0.6380644  0.0000362
31.430  0.6380890  0.0000359
31.450  0.6380723  0.0000354
31.470  0.6380447  0.0000355
31.490  0.6380593  0.0000350
31.510  0.6380431  0.0000355
31.530  0.6380547  0.0000354
31.550  0.6380663  0.0000351
31.570  0.6380476  0.0000352
31.590  0.6380298  0.0000352
31.610  0.6380583  0.0000349
31.630  0.6380630  0.0000350
31.650  0.6380534  0.0000357
31.670  0.6380421  0.0000355
31.690  0.6380576  0.0000360
31.710  0.6380594  0.0000357
31.730  0.6380785  0.0000364
31.750  0.6380469  0.0000363
31.770  0.6380289  0.0000364
31.790  0.6380473  0.0000361
31.810  0.6380357  0.0000363
31.830  0.6380396  0.0000363
31.850  0.6380253  0.0000368
31.870  0.6380203  0.0000356
31.890  0.6380186  0.0000354
31.910  0.6380553  0.0000356
31.930  0.6380395  0.0000361
31.950  0.6380422  0.0000357
31.970  0.6380060  0.0000349
31.990  0.6380295  0.0000352
32.010  0.6380249  0.0000349
32.030  0.6380539  0.0000355
32.050  0.6380358  0.0000350
32.070  0.6380457  0.0000342
32.090  0.6380497  0.0000350
32.110  0.6380736  0.0000344
32.130  0.6380863  0.0000356
32.150  0.6380764  0.0000354
32.170  0.6380433  0.0000357
32.190  0.6380635  0.0000360
32.210  0.6380558  0.0000360
32.230  0.6380404  0.0000364
32.250  0.6380597  0.0000378
32.270  0.6381018  0.0000379
32.290  0.6380873  0.0000374
32.310  0.6380756  0.0000370
32.330  0.6380673  0.0000369
32.350  0.6380508  0.0000371
32.370  0.6380602  0.0000369
32.390  0.6380909  0.0000360
32.410  0.6380588  0.0000362
32.430  0.6380609  0.0000355
32.450  0.6380467  0.0000346
32.470  0.6380434  0.0000342
32.490  0.6380599  0.0000345
32.510  0.6380529  0.0000340
32.530  0.6380545  0.0000345
32.550  0.6380357  0.0000338
32.570  0.6380471  0.0000341
32.590  0.6380700  0.0000335
32.610  0.6380374  0.0000342
32.630  0.6380560  0.0000342
32.650  0.6380483  0.0000342
32.670  0.6380615  0.0000348
32.690  0.6380368  0.0000347
32.710  0.6380270  0.0000359
32.730  0.6380456  0.0000361
32.750  0.6380379  0.0000378
32.770  0.6380303  0.0000323
