% Density Profile of Hard Spheres at a Hard Flat Wall: rho(z), rho(z < 0.5) = 0
% Bulk density: rho (95% CI) = 0.79231789(0.00000354)
%
% rho_i is the average density in the interval [z_i-0.01, z_i+0.01]
%
%  z_i    rho_i     95% CI 
 0.510  5.4800598  0.0002826
 0.530  4.5539622  0.0002144
 0.550  3.7978551  0.0001715
 0.570  3.1795809  0.0001387
 0.590  2.6728187  0.0001190
 0.610  2.2565963  0.0001055
 0.630  1.9141976  0.0000948
 0.650  1.6317644  0.0000896
 0.670  1.3982381  0.0000833
 0.690  1.2047763  0.0000770
 0.710  1.0441179  0.0000732
 0.730  0.9104294  0.0000697
 0.750  0.7988765  0.0000651
 0.770  0.7058350  0.0000617
 0.790  0.6278269  0.0000597
 0.810  0.5625894  0.0000565
 0.830  0.5078147  0.0000538
 0.850  0.4619328  0.0000513
 0.870  0.4235012  0.0000489
 0.890  0.3915101  0.0000487
 0.910  0.3649083  0.0000461
 0.930  0.3430711  0.0000450
 0.950  0.3253128  0.0000445
 0.970  0.3112559  0.0000438
 0.990  0.3005450  0.0000424
 1.010  0.2928712  0.0000416
 1.030  0.2880786  0.0000422
 1.050  0.2861012  0.0000412
 1.070  0.2868629  0.0000423
 1.090  0.2904599  0.0000423
 1.110  0.2970561  0.0000425
 1.130  0.3068012  0.0000436
 1.150  0.3200561  0.0000438
 1.170  0.3371443  0.0000454
 1.190  0.3586386  0.0000466
 1.210  0.3851827  0.0000478
 1.230  0.4175222  0.0000509
 1.250  0.4565966  0.0000523
 1.270  0.5032996  0.0000560
 1.290  0.5588581  0.0000573
 1.310  0.6242467  0.0000635
 1.330  0.7004992  0.0000672
 1.350  0.7879418  0.0000725
 1.370  0.8860984  0.0000795
 1.390  0.9918456  0.0000854
 1.410  1.0988442  0.0000923
 1.430  1.1996370  0.0000987
 1.450  1.2878566  0.0000999
 1.470  1.3591718  0.0001015
 1.490  1.4115229  0.0001022
 1.510  1.4400257  0.0000995
 1.530  1.4327505  0.0000966
 1.550  1.3973827  0.0000931
 1.570  1.3442234  0.0000899
 1.590  1.2808309  0.0000836
 1.610  1.2122543  0.0000820
 1.630  1.1422916  0.0000795
 1.650  1.0735304  0.0000764
 1.670  1.0075286  0.0000756
 1.690  0.9454781  0.0000717
 1.710  0.8878967  0.0000698
 1.730  0.8350885  0.0000673
 1.750  0.7871908  0.0000663
 1.770  0.7440460  0.0000654
 1.790  0.7055950  0.0000637
 1.810  0.6716749  0.0000617
 1.830  0.6419743  0.0000615
 1.850  0.6161465  0.0000609
 1.870  0.5942231  0.0000597
 1.890  0.5758507  0.0000574
 1.910  0.5608241  0.0000581
 1.930  0.5491227  0.0000568
 1.950  0.5404253  0.0000558
 1.970  0.5347624  0.0000567
 1.990  0.5320411  0.0000561
 2.010  0.5321773  0.0000559
 2.030  0.5351528  0.0000557
 2.050  0.5409311  0.0000563
 2.070  0.5494603  0.0000570
 2.090  0.5609753  0.0000572
 2.110  0.5752401  0.0000580
 2.130  0.5924286  0.0000582
 2.150  0.6124491  0.0000602
 2.170  0.6352788  0.0000610
 2.190  0.6608193  0.0000627
 2.210  0.6888235  0.0000662
 2.230  0.7191021  0.0000669
 2.250  0.7511793  0.0000688
 2.270  0.7845891  0.0000722
 2.290  0.8186155  0.0000718
 2.310  0.8522630  0.0000751
 2.330  0.8849373  0.0000752
 2.350  0.9155110  0.0000778
 2.370  0.9431776  0.0000788
 2.390  0.9670533  0.0000795
 2.410  0.9862464  0.0000795
 2.430  1.0004767  0.0000808
 2.450  1.0092455  0.0000795
 2.470  1.0126033  0.0000786
 2.490  1.0105913  0.0000779
 2.510  1.0036665  0.0000767
 2.530  0.9921676  0.0000757
 2.550  0.9768541  0.0000757
 2.570  0.9585343  0.0000732
 2.590  0.9378897  0.0000738
 2.610  0.9158204  0.0000714
 2.630  0.8928829  0.0000719
 2.650  0.8696135  0.0000695
 2.670  0.8466365  0.0000686
 2.690  0.8243052  0.0000680
 2.710  0.8029138  0.0000669
 2.730  0.7827298  0.0000658
 2.750  0.7640159  0.0000660
 2.770  0.7468606  0.0000651
 2.790  0.7313788  0.0000641
 2.810  0.7176536  0.0000643
 2.830  0.7057795  0.0000641
 2.850  0.6956519  0.0000636
 2.870  0.6873516  0.0000621
 2.890  0.6809590  0.0000633
 2.910  0.6763776  0.0000617
 2.930  0.6735145  0.0000629
 2.950  0.6724722  0.0000625
 2.970  0.6731764  0.0000616
 2.990  0.6756716  0.0000615
 3.010  0.6796807  0.0000625
 3.030  0.6852622  0.0000634
 3.050  0.6923520  0.0000640
 3.070  0.7008772  0.0000635
 3.090  0.7106809  0.0000655
 3.110  0.7216031  0.0000650
 3.130  0.7335058  0.0000648
 3.150  0.7462800  0.0000667
 3.170  0.7595808  0.0000658
 3.190  0.7732814  0.0000672
 3.210  0.7871070  0.0000692
 3.230  0.8007660  0.0000680
 3.250  0.8140516  0.0000697
 3.270  0.8266203  0.0000716
 3.290  0.8383201  0.0000726
 3.310  0.8488117  0.0000708
 3.330  0.8579719  0.0000716
 3.350  0.8655910  0.0000724
 3.370  0.8714394  0.0000730
 3.390  0.8756170  0.0000731
 3.410  0.8780247  0.0000721
 3.430  0.8786502  0.0000720
 3.450  0.8775949  0.0000726
 3.470  0.8748085  0.0000720
 3.490  0.8706567  0.0000701
 3.510  0.8651694  0.0000711
 3.530  0.8585649  0.0000712
 3.550  0.8510974  0.0000695
 3.570  0.8428791  0.0000687
 3.590  0.8341943  0.0000673
 3.610  0.8251748  0.0000672
 3.630  0.8159047  0.0000662
 3.650  0.8067537  0.0000678
 3.670  0.7978313  0.0000679
 3.690  0.7891811  0.0000675
 3.710  0.7810482  0.0000662
 3.730  0.7734684  0.0000671
 3.750  0.7665136  0.0000667
 3.770  0.7603202  0.0000655
 3.790  0.7548332  0.0000652
 3.810  0.7502315  0.0000653
 3.830  0.7464226  0.0000650
 3.850  0.7435336  0.0000650
 3.870  0.7415151  0.0000651
 3.890  0.7404347  0.0000651
 3.910  0.7401380  0.0000650
 3.930  0.7406894  0.0000644
 3.950  0.7420896  0.0000651
 3.970  0.7442850  0.0000648
 3.990  0.7471619  0.0000653
 4.010  0.7506890  0.0000657
 4.030  0.7548289  0.0000651
 4.050  0.7594715  0.0000661
 4.070  0.7644975  0.0000672
 4.090  0.7698867  0.0000676
 4.110  0.7755622  0.0000675
 4.130  0.7813122  0.0000680
 4.150  0.7871751  0.0000680
 4.170  0.7928478  0.0000672
 4.190  0.7983918  0.0000671
 4.210  0.8036934  0.0000691
 4.230  0.8086491  0.0000691
 4.250  0.8131034  0.0000701
 4.270  0.8171056  0.0000690
 4.290  0.8204933  0.0000706
 4.310  0.8232218  0.0000709
 4.330  0.8252817  0.0000696
 4.350  0.8266991  0.0000694
 4.370  0.8274705  0.0000691
 4.390  0.8275926  0.0000696
 4.410  0.8269360  0.0000687
 4.430  0.8258163  0.0000683
 4.450  0.8241282  0.0000696
 4.470  0.8218737  0.0000692
 4.490  0.8191565  0.0000691
 4.510  0.8162075  0.0000674
 4.530  0.8128123  0.0000678
 4.550  0.8092609  0.0000688
 4.570  0.8055604  0.0000687
 4.590  0.8017718  0.0000678
 4.610  0.7980253  0.0000682
 4.630  0.7942228  0.0000700
 4.650  0.7906943  0.0000665
 4.670  0.7872449  0.0000673
 4.690  0.7839121  0.0000678
 4.710  0.7810416  0.0000663
 4.730  0.7783719  0.0000664
 4.750  0.7761174  0.0000663
 4.770  0.7741277  0.0000671
 4.790  0.7725674  0.0000661
 4.810  0.7713428  0.0000661
 4.830  0.7705557  0.0000648
 4.850  0.7701649  0.0000657
 4.870  0.7701578  0.0000664
 4.890  0.7704346  0.0000671
 4.910  0.7711577  0.0000657
 4.930  0.7722797  0.0000653
 4.950  0.7736442  0.0000676
 4.970  0.7752194  0.0000678
 4.990  0.7770849  0.0000665
 5.010  0.7790815  0.0000672
 5.030  0.7813824  0.0000679
 5.050  0.7836589  0.0000673
 5.070  0.7860979  0.0000675
 5.090  0.7885008  0.0000685
 5.110  0.7909621  0.0000671
 5.130  0.7932946  0.0000680
 5.150  0.7956082  0.0000681
 5.170  0.7977256  0.0000691
 5.190  0.7997157  0.0000674
 5.210  0.8014410  0.0000688
 5.230  0.8030365  0.0000685
 5.250  0.8043566  0.0000679
 5.270  0.8054045  0.0000685
 5.290  0.8061402  0.0000675
 5.310  0.8067087  0.0000686
 5.330  0.8069757  0.0000689
 5.350  0.8069115  0.0000686
 5.370  0.8066394  0.0000679
 5.390  0.8060801  0.0000694
 5.410  0.8053332  0.0000680
 5.430  0.8043876  0.0000679
 5.450  0.8032724  0.0000680
 5.470  0.8019928  0.0000679
 5.490  0.8006239  0.0000674
 5.510  0.7991319  0.0000675
 5.530  0.7975528  0.0000681
 5.550  0.7960208  0.0000687
 5.570  0.7944373  0.0000665
 5.590  0.7928479  0.0000673
 5.610  0.7913576  0.0000675
 5.630  0.7899415  0.0000673
 5.650  0.7885535  0.0000673
 5.670  0.7873230  0.0000664
 5.690  0.7862355  0.0000660
 5.710  0.7852709  0.0000671
 5.730  0.7845249  0.0000656
 5.750  0.7838627  0.0000663
 5.770  0.7833486  0.0000669
 5.790  0.7831493  0.0000671
 5.810  0.7829539  0.0000675
 5.830  0.7830242  0.0000668
 5.850  0.7831631  0.0000668
 5.870  0.7834751  0.0000674
 5.890  0.7839859  0.0000659
 5.910  0.7845874  0.0000678
 5.930  0.7852617  0.0000675
 5.950  0.7861374  0.0000672
 5.970  0.7869865  0.0000670
 5.990  0.7879973  0.0000686
 6.010  0.7889537  0.0000675
 6.030  0.7900758  0.0000694
 6.050  0.7909833  0.0000670
 6.070  0.7920338  0.0000675
 6.090  0.7929397  0.0000673
 6.110  0.7939612  0.0000670
 6.130  0.7948907  0.0000670
 6.150  0.7956165  0.0000683
 6.170  0.7963131  0.0000675
 6.190  0.7970006  0.0000664
 6.210  0.7975045  0.0000660
 6.230  0.7978912  0.0000680
 6.250  0.7981861  0.0000670
 6.270  0.7984036  0.0000668
 6.290  0.7984279  0.0000674
 6.310  0.7983939  0.0000687
 6.330  0.7982592  0.0000690
 6.350  0.7980365  0.0000668
 6.370  0.7977037  0.0000676
 6.390  0.7972307  0.0000675
 6.410  0.7968028  0.0000683
 6.430  0.7962367  0.0000676
 6.450  0.7956513  0.0000680
 6.470  0.7949495  0.0000684
 6.490  0.7943345  0.0000679
 6.510  0.7937078  0.0000681
 6.530  0.7929871  0.0000678
 6.550  0.7923804  0.0000661
 6.570  0.7917323  0.0000674
 6.590  0.7911137  0.0000683
 6.610  0.7906419  0.0000665
 6.630  0.7901462  0.0000687
 6.650  0.7896486  0.0000667
 6.670  0.7892948  0.0000672
 6.690  0.7889490  0.0000670
 6.710  0.7887226  0.0000668
 6.730  0.7885743  0.0000669
 6.750  0.7884203  0.0000666
 6.770  0.7883916  0.0000678
 6.790  0.7884109  0.0000667
 6.810  0.7885252  0.0000682
 6.830  0.7886571  0.0000670
 6.850  0.7888605  0.0000689
 6.870  0.7891637  0.0000671
 6.890  0.7894133  0.0000678
 6.910  0.7897880  0.0000676
 6.930  0.7901827  0.0000676
 6.950  0.7906007  0.0000663
 6.970  0.7910431  0.0000673
 6.990  0.7914431  0.0000689
 7.010  0.7918521  0.0000668
 7.030  0.7923082  0.0000698
 7.050  0.7927415  0.0000671
 7.070  0.7931169  0.0000678
 7.090  0.7934892  0.0000671
 7.110  0.7937844  0.0000672
 7.130  0.7940384  0.0000670
 7.150  0.7943372  0.0000665
 7.170  0.7945685  0.0000676
 7.190  0.7947118  0.0000680
 7.210  0.7947780  0.0000675
 7.230  0.7949371  0.0000669
 7.250  0.7948870  0.0000681
 7.270  0.7947993  0.0000665
 7.290  0.7948024  0.0000676
 7.310  0.7946910  0.0000673
 7.330  0.7944690  0.0000668
 7.350  0.7942772  0.0000687
 7.370  0.7941454  0.0000681
 7.390  0.7939045  0.0000685
 7.410  0.7936147  0.0000674
 7.430  0.7933684  0.0000684
 7.450  0.7930831  0.0000683
 7.470  0.7928253  0.0000679
 7.490  0.7925629  0.0000683
 7.510  0.7922667  0.0000675
 7.530  0.7920145  0.0000679
 7.550  0.7918061  0.0000661
 7.570  0.7915555  0.0000679
 7.590  0.7913039  0.0000671
 7.610  0.7911405  0.0000664
 7.630  0.7910252  0.0000674
 7.650  0.7908936  0.0000661
 7.670  0.7908324  0.0000667
 7.690  0.7907208  0.0000675
 7.710  0.7906348  0.0000671
 7.730  0.7907205  0.0000681
 7.750  0.7906912  0.0000670
 7.770  0.7907592  0.0000661
 7.790  0.7908317  0.0000672
 7.810  0.7908902  0.0000683
 7.830  0.7910244  0.0000677
 7.850  0.7911953  0.0000672
 7.870  0.7913466  0.0000672
 7.890  0.7914727  0.0000680
 7.910  0.7916283  0.0000685
 7.930  0.7918200  0.0000686
 7.950  0.7919929  0.0000675
 7.970  0.7921273  0.0000668
 7.990  0.7923393  0.0000682
 8.010  0.7924672  0.0000663
 8.030  0.7927264  0.0000677
 8.050  0.7928362  0.0000666
 8.070  0.7929748  0.0000661
 8.090  0.7930845  0.0000668
 8.110  0.7931468  0.0000670
 8.130  0.7932645  0.0000667
 8.150  0.7932980  0.0000673
 8.170  0.7933714  0.0000677
 8.190  0.7933820  0.0000665
 8.210  0.7933730  0.0000676
 8.230  0.7933715  0.0000663
 8.250  0.7933072  0.0000677
 8.270  0.7932858  0.0000669
 8.290  0.7931960  0.0000675
 8.310  0.7931441  0.0000677
 8.330  0.7930396  0.0000672
 8.350  0.7929025  0.0000673
 8.370  0.7928443  0.0000677
 8.390  0.7927759  0.0000676
 8.410  0.7926174  0.0000684
 8.430  0.7925565  0.0000683
 8.450  0.7924021  0.0000659
 8.470  0.7922364  0.0000674
 8.490  0.7921385  0.0000674
 8.510  0.7920939  0.0000681
 8.530  0.7919870  0.0000675
 8.550  0.7918544  0.0000658
 8.570  0.7918303  0.0000666
 8.590  0.7917331  0.0000676
 8.610  0.7916936  0.0000670
 8.630  0.7916960  0.0000669
 8.650  0.7916493  0.0000671
 8.670  0.7916333  0.0000678
 8.690  0.7915826  0.0000667
 8.710  0.7916228  0.0000681
 8.730  0.7916754  0.0000680
 8.750  0.7916684  0.0000660
 8.770  0.7918068  0.0000669
 8.790  0.7918159  0.0000670
 8.810  0.7918527  0.0000679
 8.830  0.7919802  0.0000687
 8.850  0.7920022  0.0000673
 8.870  0.7920530  0.0000680
 8.890  0.7921229  0.0000673
 8.910  0.7922383  0.0000681
 8.930  0.7922760  0.0000676
 8.950  0.7923522  0.0000677
 8.970  0.7924483  0.0000674
 8.990  0.7925321  0.0000676
 9.010  0.7925743  0.0000665
 9.030  0.7926184  0.0000676
 9.050  0.7926120  0.0000681
 9.070  0.7927058  0.0000673
 9.090  0.7926980  0.0000673
 9.110  0.7927260  0.0000678
 9.130  0.7927704  0.0000668
 9.150  0.7927527  0.0000678
 9.170  0.7927594  0.0000673
 9.190  0.7927231  0.0000664
 9.210  0.7926763  0.0000680
 9.230  0.7927203  0.0000671
 9.250  0.7926568  0.0000672
 9.270  0.7926357  0.0000673
 9.290  0.7926439  0.0000665
 9.310  0.7925212  0.0000664
 9.330  0.7925124  0.0000674
 9.350  0.7925264  0.0000672
 9.370  0.7924005  0.0000665
 9.390  0.7924137  0.0000661
 9.410  0.7923436  0.0000670
 9.430  0.7923463  0.0000671
 9.450  0.7922555  0.0000668
 9.470  0.7921961  0.0000660
 9.490  0.7921416  0.0000674
 9.510  0.7921048  0.0000671
 9.530  0.7921320  0.0000674
 9.550  0.7920185  0.0000664
 9.570  0.7920290  0.0000675
 9.590  0.7919902  0.0000668
 9.610  0.7920711  0.0000671
 9.630  0.7920063  0.0000666
 9.650  0.7920250  0.0000672
 9.670  0.7920119  0.0000686
 9.690  0.7920514  0.0000665
 9.710  0.7920197  0.0000679
 9.730  0.7921251  0.0000678
 9.750  0.7920782  0.0000684
 9.770  0.7921439  0.0000682
 9.790  0.7921079  0.0000660
 9.810  0.7922004  0.0000680
 9.830  0.7922041  0.0000675
 9.850  0.7922850  0.0000687
 9.870  0.7923190  0.0000670
 9.890  0.7923393  0.0000682
 9.910  0.7923523  0.0000674
 9.930  0.7923555  0.0000677
 9.950  0.7923629  0.0000677
 9.970  0.7924894  0.0000660
 9.990  0.7924585  0.0000669
10.010  0.7924825  0.0000669
10.030  0.7925269  0.0000683
10.050  0.7925077  0.0000686
10.070  0.7925206  0.0000672
10.090  0.7925131  0.0000663
10.110  0.7924845  0.0000678
10.130  0.7925738  0.0000673
10.150  0.7925474  0.0000670
10.170  0.7925073  0.0000665
10.190  0.7925374  0.0000679
10.210  0.7924851  0.0000668
10.230  0.7924489  0.0000659
10.250  0.7924895  0.0000679
10.270  0.7923946  0.0000668
10.290  0.7923537  0.0000673
10.310  0.7924019  0.0000688
10.330  0.7923898  0.0000672
10.350  0.7923469  0.0000684
10.370  0.7923424  0.0000670
10.390  0.7923502  0.0000666
10.410  0.7922579  0.0000667
10.430  0.7922510  0.0000667
10.450  0.7922007  0.0000668
10.470  0.7922177  0.0000680
10.490  0.7921734  0.0000659
10.510  0.7922359  0.0000670
10.530  0.7921947  0.0000659
10.550  0.7921696  0.0000667
10.570  0.7921857  0.0000677
10.590  0.7921568  0.0000672
10.610  0.7921551  0.0000668
10.630  0.7921826  0.0000677
10.650  0.7921248  0.0000670
10.670  0.7922274  0.0000669
10.690  0.7921856  0.0000674
10.710  0.7922044  0.0000668
10.730  0.7922643  0.0000680
10.750  0.7922294  0.0000669
10.770  0.7921847  0.0000678
10.790  0.7922496  0.0000676
10.810  0.7923149  0.0000675
10.830  0.7923548  0.0000683
10.850  0.7924358  0.0000671
10.870  0.7923872  0.0000680
10.890  0.7924213  0.0000673
10.910  0.7923322  0.0000673
10.930  0.7924054  0.0000670
10.950  0.7923652  0.0000671
10.970  0.7924080  0.0000672
10.990  0.7924409  0.0000667
11.010  0.7923876  0.0000681
11.030  0.7924297  0.0000675
11.050  0.7924412  0.0000671
11.070  0.7924132  0.0000674
11.090  0.7923794  0.0000665
11.110  0.7924258  0.0000666
11.130  0.7924063  0.0000673
11.150  0.7924198  0.0000673
11.170  0.7923963  0.0000680
11.190  0.7923310  0.0000684
11.210  0.7923489  0.0000681
11.230  0.7923839  0.0000663
11.250  0.7923180  0.0000678
11.270  0.7923332  0.0000666
11.290  0.7923040  0.0000670
11.310  0.7923302  0.0000678
11.330  0.7922743  0.0000676
11.350  0.7923322  0.0000666
11.370  0.7922941  0.0000661
11.390  0.7922661  0.0000663
11.410  0.7923559  0.0000677
11.430  0.7923277  0.0000671
11.450  0.7923582  0.0000668
11.470  0.7923018  0.0000672
11.490  0.7922116  0.0000677
11.510  0.7922227  0.0000677
11.530  0.7922257  0.0000668
11.550  0.7922214  0.0000671
11.570  0.7922375  0.0000688
11.590  0.7922469  0.0000665
11.610  0.7922274  0.0000667
11.630  0.7922478  0.0000669
11.650  0.7922934  0.0000675
11.670  0.7923077  0.0000671
11.690  0.7922329  0.0000681
11.710  0.7923069  0.0000677
11.730  0.7923464  0.0000680
11.750  0.7922920  0.0000670
11.770  0.7922930  0.0000673
11.790  0.7922808  0.0000661
11.810  0.7923348  0.0000687
11.830  0.7923331  0.0000667
11.850  0.7922899  0.0000667
11.870  0.7923902  0.0000675
11.890  0.7923446  0.0000668
11.910  0.7923742  0.0000672
11.930  0.7923618  0.0000680
11.950  0.7924239  0.0000670
11.970  0.7923966  0.0000668
11.990  0.7923369  0.0000672
12.010  0.7923887  0.0000677
12.030  0.7923989  0.0000664
12.050  0.7923638  0.0000679
12.070  0.7923451  0.0000688
12.090  0.7923271  0.0000683
12.110  0.7922845  0.0000667
12.130  0.7923540  0.0000669
12.150  0.7923800  0.0000669
12.170  0.7923572  0.0000677
12.190  0.7922983  0.0000669
12.210  0.7922623  0.0000666
12.230  0.7923093  0.0000667
12.250  0.7922843  0.0000677
12.270  0.7922842  0.0000683
12.290  0.7923165  0.0000677
12.310  0.7922858  0.0000679
12.330  0.7922553  0.0000679
12.350  0.7922616  0.0000675
12.370  0.7923551  0.0000674
12.390  0.7922351  0.0000685
12.410  0.7922929  0.0000680
12.430  0.7922638  0.0000679
12.450  0.7923497  0.0000685
12.470  0.7923027  0.0000668
12.490  0.7923125  0.0000674
12.510  0.7922713  0.0000657
12.530  0.7923081  0.0000684
12.550  0.7922791  0.0000668
12.570  0.7923047  0.0000682
12.590  0.7923491  0.0000672
12.610  0.7923778  0.0000673
12.630  0.7923378  0.0000676
12.650  0.7923058  0.0000679
12.670  0.7923274  0.0000661
12.690  0.7923128  0.0000669
12.710  0.7923302  0.0000686
12.730  0.7923239  0.0000665
12.750  0.7923423  0.0000683
12.770  0.7923179  0.0000670
12.790  0.7922795  0.0000678
12.810  0.7923666  0.0000695
12.830  0.7923467  0.0000656
12.850  0.7923365  0.0000669
12.870  0.7922914  0.0000676
12.890  0.7923273  0.0000662
12.910  0.7923699  0.0000676
12.930  0.7923817  0.0000669
12.950  0.7922733  0.0000670
12.970  0.7923378  0.0000673
12.990  0.7922771  0.0000661
13.010  0.7923363  0.0000682
13.030  0.7922907  0.0000674
13.050  0.7923441  0.0000664
13.070  0.7923383  0.0000675
13.090  0.7923138  0.0000674
13.110  0.7923846  0.0000670
13.130  0.7923720  0.0000687
13.150  0.7923237  0.0000678
13.170  0.7923040  0.0000666
13.190  0.7922616  0.0000676
13.210  0.7923521  0.0000682
13.230  0.7922935  0.0000669
13.250  0.7922768  0.0000667
13.270  0.7923027  0.0000670
13.290  0.7923424  0.0000673
13.310  0.7922988  0.0000675
13.330  0.7923063  0.0000665
13.350  0.7923051  0.0000673
13.370  0.7923055  0.0000661
13.390  0.7923314  0.0000676
13.410  0.7923372  0.0000670
13.430  0.7922966  0.0000663
13.450  0.7922580  0.0000673
13.470  0.7923170  0.0000674
13.490  0.7923488  0.0000673
13.510  0.7923672  0.0000674
13.530  0.7922979  0.0000661
13.550  0.7923417  0.0000668
13.570  0.7922844  0.0000671
13.590  0.7923173  0.0000676
13.610  0.7922875  0.0000679
13.630  0.7923183  0.0000672
13.650  0.7922888  0.0000673
13.670  0.7922803  0.0000668
13.690  0.7923457  0.0000675
13.710  0.7923789  0.0000663
13.730  0.7923451  0.0000673
13.750  0.7923233  0.0000670
13.770  0.7923812  0.0000671
13.790  0.7923753  0.0000678
13.810  0.7923478  0.0000669
13.830  0.7923357  0.0000674
13.850  0.7923551  0.0000669
13.870  0.7922423  0.0000666
13.890  0.7923065  0.0000669
13.910  0.7923138  0.0000675
13.930  0.7922847  0.0000673
13.950  0.7923236  0.0000661
13.970  0.7923332  0.0000670
13.990  0.7923397  0.0000677
14.010  0.7923163  0.0000674
14.030  0.7922984  0.0000677
14.050  0.7923362  0.0000647
14.070  0.7923041  0.0000671
14.090  0.7923621  0.0000663
14.110  0.7923121  0.0000674
14.130  0.7923494  0.0000664
14.150  0.7922791  0.0000668
14.170  0.7923230  0.0000669
14.190  0.7922519  0.0000668
14.210  0.7923446  0.0000674
14.230  0.7922537  0.0000677
14.250  0.7923087  0.0000670
14.270  0.7922430  0.0000671
14.290  0.7922789  0.0000670
14.310  0.7923255  0.0000675
14.330  0.7922876  0.0000667
14.350  0.7923011  0.0000661
14.370  0.7923145  0.0000680
14.390  0.7923311  0.0000664
14.410  0.7922989  0.0000677
14.430  0.7923538  0.0000674
14.450  0.7922920  0.0000683
14.470  0.7923252  0.0000661
14.490  0.7923138  0.0000662
14.510  0.7923464  0.0000667
14.530  0.7923517  0.0000658
14.550  0.7922901  0.0000670
14.570  0.7922741  0.0000671
14.590  0.7923255  0.0000657
14.610  0.7923434  0.0000672
14.630  0.7923647  0.0000662
14.650  0.7922834  0.0000669
14.670  0.7923246  0.0000666
14.690  0.7923916  0.0000679
14.710  0.7923739  0.0000666
14.730  0.7923657  0.0000680
14.750  0.7923360  0.0000665
14.770  0.7923188  0.0000681
14.790  0.7923247  0.0000660
14.810  0.7923140  0.0000679
14.830  0.7923238  0.0000672
14.850  0.7923368  0.0000661
14.870  0.7923246  0.0000664
14.890  0.7922654  0.0000676
14.910  0.7923291  0.0000676
14.930  0.7923220  0.0000675
14.950  0.7923315  0.0000676
14.970  0.7923385  0.0000677
14.990  0.7923187  0.0000671
15.010  0.7922839  0.0000670
15.030  0.7922909  0.0000668
15.050  0.7923165  0.0000681
15.070  0.7922906  0.0000676
15.090  0.7922910  0.0000681
15.110  0.7923229  0.0000664
15.130  0.7922978  0.0000678
15.150  0.7923410  0.0000671
15.170  0.7923621  0.0000673
15.190  0.7923642  0.0000662
15.210  0.7922873  0.0000675
15.230  0.7923319  0.0000672
15.250  0.7923521  0.0000672
15.270  0.7922882  0.0000668
15.290  0.7922839  0.0000679
15.310  0.7922845  0.0000670
15.330  0.7923061  0.0000676
15.350  0.7922532  0.0000676
15.370  0.7922378  0.0000662
15.390  0.7922824  0.0000673
15.410  0.7923286  0.0000665
15.430  0.7922873  0.0000683
15.450  0.7923181  0.0000671
15.470  0.7923146  0.0000671
15.490  0.7923365  0.0000674
15.510  0.7923348  0.0000682
15.530  0.7923582  0.0000679
15.550  0.7923088  0.0000671
15.570  0.7923228  0.0000670
15.590  0.7923092  0.0000670
15.610  0.7923182  0.0000670
15.630  0.7923273  0.0000664
15.650  0.7923523  0.0000665
15.670  0.7923665  0.0000676
15.690  0.7923001  0.0000664
15.710  0.7923381  0.0000677
15.730  0.7923034  0.0000671
15.750  0.7923217  0.0000671
15.770  0.7922851  0.0000671
15.790  0.7923222  0.0000674
15.810  0.7923622  0.0000668
15.830  0.7923395  0.0000661
15.850  0.7923331  0.0000662
15.870  0.7924250  0.0000665
15.890  0.7923374  0.0000675
15.910  0.7923479  0.0000663
15.930  0.7923305  0.0000667
15.950  0.7923082  0.0000675
15.970  0.7922944  0.0000680
15.990  0.7923291  0.0000680
16.010  0.7923339  0.0000673
16.030  0.7923143  0.0000662
16.050  0.7923126  0.0000660
16.070  0.7922556  0.0000678
16.090  0.7923226  0.0000671
16.110  0.7922870  0.0000666
16.130  0.7923409  0.0000668
16.150  0.7922540  0.0000668
16.170  0.7923584  0.0000675
16.190  0.7923359  0.0000669
16.210  0.7922712  0.0000673
16.230  0.7923406  0.0000678
16.250  0.7923218  0.0000666
16.270  0.7923322  0.0000671
16.290  0.7922320  0.0000662
16.310  0.7923129  0.0000681
16.330  0.7923088  0.0000667
16.350  0.7922343  0.0000666
16.370  0.7923083  0.0000672
16.390  0.7923102  0.0000669
16.410  0.7923089  0.0000668
16.430  0.7923221  0.0000668
16.450  0.7923028  0.0000667
16.470  0.7922886  0.0000666
16.490  0.7922180  0.0000677
16.510  0.7923059  0.0000683
16.530  0.7922846  0.0000673
16.550  0.7923024  0.0000661
16.570  0.7922379  0.0000672
16.590  0.7923666  0.0000671
16.610  0.7923755  0.0000673
16.630  0.7923229  0.0000677
16.650  0.7923211  0.0000677
16.670  0.7923338  0.0000680
16.690  0.7923414  0.0000677
16.710  0.7923449  0.0000673
16.730  0.7923636  0.0000681
16.750  0.7923438  0.0000674
16.770  0.7923320  0.0000666
16.790  0.7923743  0.0000680
16.810  0.7923381  0.0000669
16.830  0.7922925  0.0000658
16.850  0.7923377  0.0000670
16.870  0.7923519  0.0000668
16.890  0.7923445  0.0000684
16.910  0.7923359  0.0000669
16.930  0.7923198  0.0000659
16.950  0.7923376  0.0000678
16.970  0.7922677  0.0000675
16.990  0.7923254  0.0000670
17.010  0.7922851  0.0000662
17.030  0.7923372  0.0000668
17.050  0.7923042  0.0000668
17.070  0.7922875  0.0000683
17.090  0.7922707  0.0000672
17.110  0.7923226  0.0000677
17.130  0.7922799  0.0000669
17.150  0.7923318  0.0000679
17.170  0.7923181  0.0000690
17.190  0.7922716  0.0000679
17.210  0.7922786  0.0000679
17.230  0.7923433  0.0000677
17.250  0.7923223  0.0000674
17.270  0.7923552  0.0000669
17.290  0.7923322  0.0000665
17.310  0.7922851  0.0000670
17.330  0.7922739  0.0000662
17.350  0.7922965  0.0000681
17.370  0.7923084  0.0000672
17.390  0.7922572  0.0000658
17.410  0.7922909  0.0000672
17.430  0.7922762  0.0000661
17.450  0.7923321  0.0000672
17.470  0.7923182  0.0000675
17.490  0.7923059  0.0000675
17.510  0.7923217  0.0000682
17.530  0.7923494  0.0000672
17.550  0.7923803  0.0000667
17.570  0.7923048  0.0000670
17.590  0.7923674  0.0000675
17.610  0.7923390  0.0000670
17.630  0.7923411  0.0000676
17.650  0.7924013  0.0000665
17.670  0.7923444  0.0000661
17.690  0.7923487  0.0000679
17.710  0.7923105  0.0000671
17.730  0.7923256  0.0000682
17.750  0.7923235  0.0000671
17.770  0.7923217  0.0000665
17.790  0.7923622  0.0000658
17.810  0.7923731  0.0000665
17.830  0.7923052  0.0000668
17.850  0.7923409  0.0000661
17.870  0.7923555  0.0000672
17.890  0.7923401  0.0000680
17.910  0.7922996  0.0000692
17.930  0.7923183  0.0000676
17.950  0.7922631  0.0000679
17.970  0.7923093  0.0000680
17.990  0.7922975  0.0000676
18.010  0.7923202  0.0000664
18.030  0.7923006  0.0000664
18.050  0.7923513  0.0000683
18.070  0.7923011  0.0000671
18.090  0.7922978  0.0000668
18.110  0.7922513  0.0000672
18.130  0.7923090  0.0000666
18.150  0.7922457  0.0000668
18.170  0.7923060  0.0000670
18.190  0.7922938  0.0000673
18.210  0.7923192  0.0000661
18.230  0.7922498  0.0000659
18.250  0.7922711  0.0000657
18.270  0.7922855  0.0000670
18.290  0.7922853  0.0000670
18.310  0.7923069  0.0000675
18.330  0.7922975  0.0000670
18.350  0.7922853  0.0000673
18.370  0.7923170  0.0000664
18.390  0.7922976  0.0000662
18.410  0.7923022  0.0000671
18.430  0.7923593  0.0000664
18.450  0.7922621  0.0000676
18.470  0.7923137  0.0000678
18.490  0.7923755  0.0000671
18.510  0.7923176  0.0000672
18.530  0.7923570  0.0000684
18.550  0.7924079  0.0000671
18.570  0.7923374  0.0000658
18.590  0.7922996  0.0000690
18.610  0.7923467  0.0000664
18.630  0.7923295  0.0000676
18.650  0.7923264  0.0000670
18.670  0.7923292  0.0000671
18.690  0.7923428  0.0000673
18.710  0.7923815  0.0000663
18.730  0.7923161  0.0000677
18.750  0.7922986  0.0000667
18.770  0.7923409  0.0000665
18.790  0.7924068  0.0000673
18.810  0.7923393  0.0000676
18.830  0.7923384  0.0000681
18.850  0.7923765  0.0000667
18.870  0.7922751  0.0000671
18.890  0.7922926  0.0000677
18.910  0.7923288  0.0000674
18.930  0.7922829  0.0000670
18.950  0.7923017  0.0000676
18.970  0.7923201  0.0000675
18.990  0.7922679  0.0000668
19.010  0.7922916  0.0000670
19.030  0.7922943  0.0000676
19.050  0.7923141  0.0000682
19.070  0.7923635  0.0000686
19.090  0.7923774  0.0000672
19.110  0.7922892  0.0000677
19.130  0.7923045  0.0000673
19.150  0.7922777  0.0000679
19.170  0.7922795  0.0000686
19.190  0.7922822  0.0000674
19.210  0.7922827  0.0000676
19.230  0.7922877  0.0000678
19.250  0.7923158  0.0000678
19.270  0.7922967  0.0000673
19.290  0.7922836  0.0000668
19.310  0.7922649  0.0000677
19.330  0.7922649  0.0000678
19.350  0.7923078  0.0000656
19.370  0.7923723  0.0000662
19.390  0.7923455  0.0000671
19.410  0.7923102  0.0000666
19.430  0.7922927  0.0000669
19.450  0.7923213  0.0000667
19.470  0.7923403  0.0000680
19.490  0.7922824  0.0000683
19.510  0.7923158  0.0000677
19.530  0.7922960  0.0000676
19.550  0.7923560  0.0000675
19.570  0.7923631  0.0000682
19.590  0.7923497  0.0000665
19.610  0.7923564  0.0000668
19.630  0.7923814  0.0000673
19.650  0.7923834  0.0000675
19.670  0.7923782  0.0000671
19.690  0.7923533  0.0000674
19.710  0.7923312  0.0000680
19.730  0.7923240  0.0000675
19.750  0.7923358  0.0000677
19.770  0.7922722  0.0000664
19.790  0.7922811  0.0000674
19.810  0.7922263  0.0000664
19.830  0.7922967  0.0000679
19.850  0.7922152  0.0000669
19.870  0.7923337  0.0000678
19.890  0.7922781  0.0000676
19.910  0.7922521  0.0000663
19.930  0.7922914  0.0000666
19.950  0.7923199  0.0000683
19.970  0.7923063  0.0000675
19.990  0.7922771  0.0000673
20.010  0.7922803  0.0000672
20.030  0.7923575  0.0000666
20.050  0.7923359  0.0000675
20.070  0.7923260  0.0000664
20.090  0.7922514  0.0000674
20.110  0.7923326  0.0000680
20.130  0.7922756  0.0000666
20.150  0.7922698  0.0000664
20.170  0.7922824  0.0000681
20.190  0.7923226  0.0000674
20.210  0.7923238  0.0000665
20.230  0.7923242  0.0000664
20.250  0.7923128  0.0000678
20.270  0.7924031  0.0000671
20.290  0.7923121  0.0000666
20.310  0.7923347  0.0000683
20.330  0.7923813  0.0000667
20.350  0.7922868  0.0000682
20.370  0.7923518  0.0000662
20.390  0.7923110  0.0000678
20.410  0.7923256  0.0000671
20.430  0.7922755  0.0000691
20.450  0.7923875  0.0000681
20.470  0.7923369  0.0000670
20.490  0.7923420  0.0000672
20.510  0.7923349  0.0000675
20.530  0.7923301  0.0000675
20.550  0.7923802  0.0000670
20.570  0.7923398  0.0000673
20.590  0.7923151  0.0000679
20.610  0.7923932  0.0000675
20.630  0.7923969  0.0000673
20.650  0.7923488  0.0000668
20.670  0.7922830  0.0000677
20.690  0.7923377  0.0000658
20.710  0.7923454  0.0000674
20.730  0.7922792  0.0000671
20.750  0.7922885  0.0000665
20.770  0.7922954  0.0000681
20.790  0.7922664  0.0000669
20.810  0.7922515  0.0000665
20.830  0.7923776  0.0000655
20.850  0.7922762  0.0000673
20.870  0.7923551  0.0000680
20.890  0.7922962  0.0000679
20.910  0.7922780  0.0000677
20.930  0.7922980  0.0000667
20.950  0.7923415  0.0000662
20.970  0.7922590  0.0000669
20.990  0.7923518  0.0000676
21.010  0.7923577  0.0000671
21.030  0.7923285  0.0000667
21.050  0.7923074  0.0000679
21.070  0.7922803  0.0000678
21.090  0.7923098  0.0000669
21.110  0.7923240  0.0000674
21.130  0.7922347  0.0000678
21.150  0.7923161  0.0000681
21.170  0.7923450  0.0000670
21.190  0.7922802  0.0000662
21.210  0.7923510  0.0000676
21.230  0.7923130  0.0000684
21.250  0.7922908  0.0000675
21.270  0.7922834  0.0000674
21.290  0.7923442  0.0000683
21.310  0.7923185  0.0000670
21.330  0.7923534  0.0000671
21.350  0.7923486  0.0000679
21.370  0.7922911  0.0000673
21.390  0.7923225  0.0000676
21.410  0.7923192  0.0000675
21.430  0.7923192  0.0000660
21.450  0.7923636  0.0000675
21.470  0.7923666  0.0000664
21.490  0.7923301  0.0000668
21.510  0.7922872  0.0000670
21.530  0.7923187  0.0000679
21.550  0.7923161  0.0000673
21.570  0.7922456  0.0000675
21.590  0.7923058  0.0000677
21.610  0.7922984  0.0000664
21.630  0.7923474  0.0000662
21.650  0.7923236  0.0000682
21.670  0.7923171  0.0000672
21.690  0.7923718  0.0000680
21.710  0.7922902  0.0000672
21.730  0.7923241  0.0000686
21.750  0.7923286  0.0000675
21.770  0.7922502  0.0000669
21.790  0.7923002  0.0000674
21.810  0.7922536  0.0000674
21.830  0.7923128  0.0000672
21.850  0.7922969  0.0000672
21.870  0.7923287  0.0000682
21.890  0.7923271  0.0000670
21.910  0.7923323  0.0000669
21.930  0.7923067  0.0000675
21.950  0.7923024  0.0000682
21.970  0.7923453  0.0000687
21.990  0.7923417  0.0000666
22.010  0.7922708  0.0000672
22.030  0.7923567  0.0000666
22.050  0.7923489  0.0000683
22.070  0.7923483  0.0000666
22.090  0.7923774  0.0000673
22.110  0.7923581  0.0000680
22.130  0.7923036  0.0000671
22.150  0.7923604  0.0000670
22.170  0.7923753  0.0000673
22.190  0.7923256  0.0000677
22.210  0.7923270  0.0000677
22.230  0.7923369  0.0000674
22.250  0.7923346  0.0000678
22.270  0.7923205  0.0000678
22.290  0.7923063  0.0000672
22.310  0.7923259  0.0000672
22.330  0.7922892  0.0000656
22.350  0.7922314  0.0000663
22.370  0.7922544  0.0000669
22.390  0.7922185  0.0000669
22.410  0.7923307  0.0000675
22.430  0.7922767  0.0000672
22.450  0.7922955  0.0000668
22.470  0.7922670  0.0000671
22.490  0.7923333  0.0000684
22.510  0.7923276  0.0000685
22.530  0.7923083  0.0000678
22.550  0.7923354  0.0000666
22.570  0.7922913  0.0000677
22.590  0.7922872  0.0000669
22.610  0.7923725  0.0000670
22.630  0.7923357  0.0000668
22.650  0.7923078  0.0000668
22.670  0.7922840  0.0000674
22.690  0.7923421  0.0000670
22.710  0.7923064  0.0000682
22.730  0.7923125  0.0000675
22.750  0.7923551  0.0000675
22.770  0.7922999  0.0000677
22.790  0.7922586  0.0000665
22.810  0.7923732  0.0000675
22.830  0.7922969  0.0000682
22.850  0.7923115  0.0000676
22.870  0.7923047  0.0000669
22.890  0.7923257  0.0000680
22.910  0.7923353  0.0000669
22.930  0.7923972  0.0000668
22.950  0.7922734  0.0000660
22.970  0.7922851  0.0000690
22.990  0.7923296  0.0000676
23.010  0.7923029  0.0000673
23.030  0.7923191  0.0000675
23.050  0.7923432  0.0000670
23.070  0.7923074  0.0000677
23.090  0.7923522  0.0000669
23.110  0.7923428  0.0000668
23.130  0.7923481  0.0000681
23.150  0.7923623  0.0000670
23.170  0.7923698  0.0000668
23.190  0.7923551  0.0000671
23.210  0.7923437  0.0000650
23.230  0.7922824  0.0000669
23.250  0.7922965  0.0000669
23.270  0.7923311  0.0000661
23.290  0.7923195  0.0000668
23.310  0.7923180  0.0000660
23.330  0.7923563  0.0000667
23.350  0.7923741  0.0000668
23.370  0.7923623  0.0000677
23.390  0.7922950  0.0000677
23.410  0.7923298  0.0000670
23.430  0.7923295  0.0000671
23.450  0.7923296  0.0000669
23.470  0.7922909  0.0000681
23.490  0.7922692  0.0000682
23.510  0.7923509  0.0000667
23.530  0.7922997  0.0000668
23.550  0.7922480  0.0000673
23.570  0.7922514  0.0000663
23.590  0.7922892  0.0000668
23.610  0.7923127  0.0000673
23.630  0.7923415  0.0000670
23.650  0.7923210  0.0000672
23.670  0.7923516  0.0000672
23.690  0.7923176  0.0000671
23.710  0.7922973  0.0000686
23.730  0.7922721  0.0000666
23.750  0.7922670  0.0000686
23.770  0.7923174  0.0000675
23.790  0.7922796  0.0000675
23.810  0.7923096  0.0000670
23.830  0.7922571  0.0000672
23.850  0.7922977  0.0000672
23.870  0.7922657  0.0000671
23.890  0.7923458  0.0000676
23.910  0.7923246  0.0000681
23.930  0.7923058  0.0000675
23.950  0.7923310  0.0000676
23.970  0.7923674  0.0000674
23.990  0.7923794  0.0000683
24.010  0.7923475  0.0000676
24.030  0.7923353  0.0000670
24.050  0.7923010  0.0000661
24.070  0.7923454  0.0000673
24.090  0.7923225  0.0000678
24.110  0.7923244  0.0000674
24.130  0.7923518  0.0000684
24.150  0.7922915  0.0000668
24.170  0.7923090  0.0000672
24.190  0.7924021  0.0000665
24.210  0.7923144  0.0000686
24.230  0.7923458  0.0000675
24.250  0.7923679  0.0000678
24.270  0.7923409  0.0000664
24.290  0.7923314  0.0000670
24.310  0.7923229  0.0000679
24.330  0.7922785  0.0000678
24.350  0.7923346  0.0000663
24.370  0.7923001  0.0000678
24.390  0.7923238  0.0000671
24.410  0.7922939  0.0000668
24.430  0.7923152  0.0000681
24.450  0.7923295  0.0000664
24.470  0.7923227  0.0000672
24.490  0.7922968  0.0000686
24.510  0.7922504  0.0000670
24.530  0.7923347  0.0000670
24.550  0.7923058  0.0000678
24.570  0.7922678  0.0000684
24.590  0.7923831  0.0000677
24.610  0.7923519  0.0000675
24.630  0.7923510  0.0000681
24.650  0.7922858  0.0000668
24.670  0.7922729  0.0000667
24.690  0.7923741  0.0000675
24.710  0.7923189  0.0000684
24.730  0.7922617  0.0000674
24.750  0.7923329  0.0000669
24.770  0.7923306  0.0000662
24.790  0.7923681  0.0000675
24.810  0.7922751  0.0000667
24.830  0.7923021  0.0000675
24.850  0.7923140  0.0000663
24.870  0.7923299  0.0000669
24.890  0.7922797  0.0000672
24.910  0.7923494  0.0000678
24.930  0.7923418  0.0000672
24.950  0.7923501  0.0000665
24.970  0.7923408  0.0000677
24.990  0.7922937  0.0000663
25.010  0.7923083  0.0000667
25.030  0.7923192  0.0000685
25.050  0.7923165  0.0000680
25.070  0.7923352  0.0000671
25.090  0.7923045  0.0000674
25.110  0.7923774  0.0000675
25.130  0.7923273  0.0000681
25.150  0.7923187  0.0000676
25.170  0.7922872  0.0000669
25.190  0.7922535  0.0000667
25.210  0.7923006  0.0000685
25.230  0.7923031  0.0000668
25.250  0.7923075  0.0000673
25.270  0.7922867  0.0000661
25.290  0.7923642  0.0000672
25.310  0.7923339  0.0000663
25.330  0.7923687  0.0000670
25.350  0.7923456  0.0000668
25.370  0.7923610  0.0000675
25.390  0.7923738  0.0000671
25.410  0.7923132  0.0000687
25.430  0.7923144  0.0000665
25.450  0.7923448  0.0000677
25.470  0.7923151  0.0000679
25.490  0.7922990  0.0000675
25.510  0.7923806  0.0000672
25.530  0.7923709  0.0000686
25.550  0.7922681  0.0000676
25.570  0.7923300  0.0000673
25.590  0.7922892  0.0000664
25.610  0.7923393  0.0000677
25.630  0.7922361  0.0000674
25.650  0.7923115  0.0000674
25.670  0.7922843  0.0000661
25.690  0.7923129  0.0000661
25.710  0.7923022  0.0000673
25.730  0.7923470  0.0000669
25.750  0.7922892  0.0000678
25.770  0.7923244  0.0000670
25.790  0.7922941  0.0000668
25.810  0.7923479  0.0000669
25.830  0.7922478  0.0000673
25.850  0.7923056  0.0000680
25.870  0.7923330  0.0000671
25.890  0.7923322  0.0000665
25.910  0.7922525  0.0000676
25.930  0.7922691  0.0000685
25.950  0.7922962  0.0000674
25.970  0.7922393  0.0000668
25.990  0.7923369  0.0000676
26.010  0.7923474  0.0000668
26.030  0.7923186  0.0000674
26.050  0.7923091  0.0000680
26.070  0.7923369  0.0000675
26.090  0.7922834  0.0000678
26.110  0.7923859  0.0000673
26.130  0.7923181  0.0000678
26.150  0.7923409  0.0000677
26.170  0.7923604  0.0000684
26.190  0.7923427  0.0000679
26.210  0.7923099  0.0000665
26.230  0.7923715  0.0000668
26.250  0.7923207  0.0000682
26.270  0.7923805  0.0000672
26.290  0.7923606  0.0000682
26.310  0.7923519  0.0000682
26.330  0.7923247  0.0000675
26.350  0.7922836  0.0000671
26.370  0.7923163  0.0000676
26.390  0.7923332  0.0000685
26.410  0.7923124  0.0000687
26.430  0.7922839  0.0000675
26.450  0.7923473  0.0000669
26.470  0.7923269  0.0000679
26.490  0.7923337  0.0000668
26.510  0.7923544  0.0000682
26.530  0.7923160  0.0000671
26.550  0.7922986  0.0000673
26.570  0.7923579  0.0000665
26.590  0.7923550  0.0000675
26.610  0.7923417  0.0000664
26.630  0.7923050  0.0000664
26.650  0.7923135  0.0000668
26.670  0.7923291  0.0000668
26.690  0.7923121  0.0000670
26.710  0.7923209  0.0000674
26.730  0.7923058  0.0000671
26.750  0.7922720  0.0000680
26.770  0.7922912  0.0000685
26.790  0.7923130  0.0000684
26.810  0.7922891  0.0000668
26.830  0.7923183  0.0000669
26.850  0.7922562  0.0000686
26.870  0.7922983  0.0000680
26.890  0.7923151  0.0000669
26.910  0.7923324  0.0000681
26.930  0.7923154  0.0000672
26.950  0.7923033  0.0000672
26.970  0.7923678  0.0000666
26.990  0.7923432  0.0000675
27.010  0.7922987  0.0000666
27.030  0.7923289  0.0000687
27.050  0.7923505  0.0000675
27.070  0.7923152  0.0000674
27.090  0.7923459  0.0000672
27.110  0.7923120  0.0000687
27.130  0.7923590  0.0000681
27.150  0.7922973  0.0000682
27.170  0.7922757  0.0000684
27.190  0.7923271  0.0000674
27.210  0.7923219  0.0000665
27.230  0.7923657  0.0000669
27.250  0.7923083  0.0000676
27.270  0.7923518  0.0000669
27.290  0.7923474  0.0000675
27.310  0.7923460  0.0000677
27.330  0.7923476  0.0000680
27.350  0.7923532  0.0000679
27.370  0.7923136  0.0000673
27.390  0.7923389  0.0000676
27.410  0.7923016  0.0000671
27.430  0.7922978  0.0000683
27.450  0.7923305  0.0000670
27.470  0.7922946  0.0000674
27.490  0.7923555  0.0000679
27.510  0.7923448  0.0000671
27.530  0.7923222  0.0000664
27.550  0.7923039  0.0000676
27.570  0.7923182  0.0000668
27.590  0.7923199  0.0000672
27.610  0.7923725  0.0000678
27.630  0.7923260  0.0000662
27.650  0.7923190  0.0000662
27.670  0.7922777  0.0000669
27.690  0.7923134  0.0000670
27.710  0.7923892  0.0000685
27.730  0.7922734  0.0000670
27.750  0.7922920  0.0000673
27.770  0.7923253  0.0000680
27.790  0.7922966  0.0000680
27.810  0.7922990  0.0000676
27.830  0.7922809  0.0000687
27.850  0.7922964  0.0000678
27.870  0.7922965  0.0000684
27.890  0.7923506  0.0000676
27.910  0.7923447  0.0000684
27.930  0.7922576  0.0000693
27.950  0.7922816  0.0000684
27.970  0.7922555  0.0000678
27.990  0.7922834  0.0000685
28.010  0.7923202  0.0000682
28.030  0.7923694  0.0000678
28.050  0.7923365  0.0000675
28.070  0.7923607  0.0000673
28.090  0.7922926  0.0000674
28.110  0.7922562  0.0000672
28.130  0.7923192  0.0000688
28.150  0.7923156  0.0000674
28.170  0.7922994  0.0000678
28.190  0.7923439  0.0000679
28.210  0.7922895  0.0000666
28.230  0.7923579  0.0000683
28.250  0.7923315  0.0000658
28.270  0.7923391  0.0000676
28.290  0.7923621  0.0000687
28.310  0.7923659  0.0000668
28.330  0.7923694  0.0000685
28.350  0.7923391  0.0000677
28.370  0.7923524  0.0000675
28.390  0.7923579  0.0000668
28.410  0.7922766  0.0000667
28.430  0.7923469  0.0000674
28.450  0.7922734  0.0000684
28.470  0.7923486  0.0000673
28.490  0.7923310  0.0000687
28.510  0.7923202  0.0000669
28.530  0.7923228  0.0000671
28.550  0.7923226  0.0000666
28.570  0.7923647  0.0000678
28.590  0.7922996  0.0000677
28.610  0.7923055  0.0000673
28.630  0.7923334  0.0000673
28.650  0.7923692  0.0000683
28.670  0.7923198  0.0000682
28.690  0.7922930  0.0000674
28.710  0.7923227  0.0000675
28.730  0.7922808  0.0000681
28.750  0.7922756  0.0000676
28.770  0.7923081  0.0000679
28.790  0.7922822  0.0000679
28.810  0.7922879  0.0000681
28.830  0.7922656  0.0000688
28.850  0.7922968  0.0000680
28.870  0.7922926  0.0000686
28.890  0.7923105  0.0000691
28.910  0.7923342  0.0000678
28.930  0.7922815  0.0000676
28.950  0.7923268  0.0000679
28.970  0.7923510  0.0000681
28.990  0.7923651  0.0000672
29.010  0.7923409  0.0000665
29.030  0.7923439  0.0000678
29.050  0.7923113  0.0000670
29.070  0.7923191  0.0000673
29.090  0.7922327  0.0000692
29.110  0.7923092  0.0000674
29.130  0.7923284  0.0000675
29.150  0.7923439  0.0000676
29.170  0.7923045  0.0000667
29.190  0.7923446  0.0000677
29.210  0.7922866  0.0000677
29.230  0.7922791  0.0000675
29.250  0.7923269  0.0000675
29.270  0.7922941  0.0000659
29.290  0.7923394  0.0000674
29.310  0.7923481  0.0000664
29.330  0.7923409  0.0000661
29.350  0.7923567  0.0000661
29.370  0.7923231  0.0000678
29.390  0.7923624  0.0000675
29.410  0.7923635  0.0000683
29.430  0.7923875  0.0000678
29.450  0.7923695  0.0000674
29.470  0.7923091  0.0000683
29.490  0.7923835  0.0000673
29.510  0.7923587  0.0000671
29.530  0.7923579  0.0000668
29.550  0.7923101  0.0000667
29.570  0.7922883  0.0000679
29.590  0.7923063  0.0000664
29.610  0.7922677  0.0000672
29.630  0.7922697  0.0000661
29.650  0.7923033  0.0000677
29.670  0.7923151  0.0000678
29.690  0.7922822  0.0000668
29.710  0.7922803  0.0000665
29.730  0.7922931  0.0000681
29.750  0.7923091  0.0000659
29.770  0.7922798  0.0000671
29.790  0.7922465  0.0000674
29.810  0.7922393  0.0000667
29.830  0.7922151  0.0000671
29.850  0.7923322  0.0000675
29.870  0.7922728  0.0000679
29.890  0.7922994  0.0000689
29.910  0.7923428  0.0000678
29.930  0.7923338  0.0000678
29.950  0.7923331  0.0000680
29.970  0.7923014  0.0000670
29.990  0.7922672  0.0000685
30.010  0.7922848  0.0000680
30.030  0.7923526  0.0000677
30.050  0.7923326  0.0000677
30.070  0.7922874  0.0000685
30.090  0.7923705  0.0000680
30.110  0.7923727  0.0000685
30.130  0.7923470  0.0000676
30.150  0.7923203  0.0000682
30.170  0.7923570  0.0000668
30.190  0.7923512  0.0000670
30.210  0.7923105  0.0000688
30.230  0.7923564  0.0000672
30.250  0.7923429  0.0000675
30.270  0.7923750  0.0000672
30.290  0.7923177  0.0000686
30.310  0.7923423  0.0000684
30.330  0.7923221  0.0000678
30.350  0.7923040  0.0000676
30.370  0.7923497  0.0000664
30.390  0.7922730  0.0000676
30.410  0.7923663  0.0000677
30.430  0.7922995  0.0000676
30.450  0.7923171  0.0000672
30.470  0.7923300  0.0000689
30.490  0.7923198  0.0000678
30.510  0.7922881  0.0000675
30.530  0.7922876  0.0000678
30.550  0.7923151  0.0000681
30.570  0.7922733  0.0000669
30.590  0.7922677  0.0000680
30.610  0.7923487  0.0000682
30.630  0.7922979  0.0000669
30.650  0.7922821  0.0000664
30.670  0.7922904  0.0000669
30.690  0.7922726  0.0000672
30.710  0.7923455  0.0000670
30.730  0.7923384  0.0000679
30.750  0.7923200  0.0000675
30.770  0.7923595  0.0000687
30.790  0.7922589  0.0000682
30.810  0.7923667  0.0000674
30.830  0.7923483  0.0000684
30.850  0.7923638  0.0000682
30.870  0.7923554  0.0000681
30.890  0.7923306  0.0000688
30.910  0.7923286  0.0000681
30.930  0.7923437  0.0000693
30.950  0.7922971  0.0000679
30.970  0.7923378  0.0000689
30.990  0.7923071  0.0000680
31.010  0.7922514  0.0000671
31.030  0.7923222  0.0000669
31.050  0.7923201  0.0000675
31.070  0.7923410  0.0000676
31.090  0.7922922  0.0000671
31.110  0.7922862  0.0000668
31.130  0.7923302  0.0000683
31.150  0.7923170  0.0000665
31.170  0.7923853  0.0000671
31.190  0.7923029  0.0000680
31.210  0.7922816  0.0000682
31.230  0.7923110  0.0000681
31.250  0.7923258  0.0000678
31.270  0.7922887  0.0000670
31.290  0.7923441  0.0000678
31.310  0.7923308  0.0000693
31.330  0.7923352  0.0000683
31.350  0.7923371  0.0000698
31.370  0.7923293  0.0000680
31.390  0.7922840  0.0000691
31.410  0.7923509  0.0000691
31.430  0.7923423  0.0000685
31.450  0.7923181  0.0000679
31.470  0.7923347  0.0000681
31.490  0.7923137  0.0000680
31.510  0.7923120  0.0000682
31.530  0.7923538  0.0000670
31.550  0.7923053  0.0000668
31.570  0.7923178  0.0000676
31.590  0.7923134  0.0000654
31.610  0.7923234  0.0000657
31.630  0.7923149  0.0000668
31.650  0.7922830  0.0000665
31.670  0.7923282  0.0000671
31.690  0.7922745  0.0000674
31.710  0.7923126  0.0000666
31.730  0.7923198  0.0000689
31.750  0.7923244  0.0000691
31.770  0.7923337  0.0000679
31.790  0.7923448  0.0000678
31.810  0.7922981  0.0000712
31.830  0.7923476  0.0000696
31.850  0.7923032  0.0000703
31.870  0.7922959  0.0000701
31.890  0.7922839  0.0000698
31.910  0.7923229  0.0000692
31.930  0.7922655  0.0000694
31.950  0.7923261  0.0000691
31.970  0.7923219  0.0000676
31.990  0.7922848  0.0000671
32.010  0.7922480  0.0000658
32.030  0.7923209  0.0000665
32.050  0.7923332  0.0000652
32.070  0.7923603  0.0000650
32.090  0.7923124  0.0000627
32.110  0.7923331  0.0000643
32.130  0.7923078  0.0000639
32.150  0.7922676  0.0000649
32.170  0.7923284  0.0000663
32.190  0.7923502  0.0000668
32.210  0.7923371  0.0000674
32.230  0.7923191  0.0000690
32.250  0.7923203  0.0000694
32.270  0.7923525  0.0000703
32.290  0.7923678  0.0000721
32.310  0.7923084  0.0000714
32.330  0.7923068  0.0000730
32.350  0.7922416  0.0000694
32.370  0.7923400  0.0000707
32.390  0.7923545  0.0000694
32.410  0.7923182  0.0000681
32.430  0.7922835  0.0000676
32.450  0.7923284  0.0000670
32.470  0.7922720  0.0000660
32.490  0.7922715  0.0000649
32.510  0.7923104  0.0000647
32.530  0.7923036  0.0000650
32.550  0.7923075  0.0000625
32.570  0.7923144  0.0000627
32.590  0.7922817  0.0000631
32.610  0.7922892  0.0000632
32.630  0.7923222  0.0000627
32.650  0.7923340  0.0000627
32.670  0.7923159  0.0000644
32.690  0.7923274  0.0000663
32.710  0.7923479  0.0000678
32.730  0.7923266  0.0000689
32.750  0.7923262  0.0000726
32.770  0.7923356  0.0000636
