% Density Profile of Hard Spheres at a Hard Flat Wall: rho(z), rho(z < 0.5) = 0
% Bulk density: rho (95% CI) = 0.05151651(0.00000003)
%
% rho_i is the average density in the interval [z_i-0.01, z_i+0.01]
%
%  z_i    rho_i     95% CI 
 0.510  0.0573676  0.0000007
 0.530  0.0571677  0.0000006
 0.550  0.0569685  0.0000006
 0.570  0.0567705  0.0000006
 0.590  0.0565742  0.0000006
 0.610  0.0563794  0.0000006
 0.630  0.0561856  0.0000006
 0.650  0.0559946  0.0000006
 0.670  0.0558051  0.0000006
 0.690  0.0556178  0.0000006
 0.710  0.0554331  0.0000006
 0.730  0.0552501  0.0000006
 0.750  0.0550699  0.0000006
 0.770  0.0548930  0.0000005
 0.790  0.0547180  0.0000006
 0.810  0.0545468  0.0000005
 0.830  0.0543783  0.0000006
 0.850  0.0542132  0.0000005
 0.870  0.0540513  0.0000005
 0.890  0.0538927  0.0000006
 0.910  0.0537385  0.0000005
 0.930  0.0535876  0.0000005
 0.950  0.0534402  0.0000005
 0.970  0.0532972  0.0000005
 0.990  0.0531582  0.0000005
 1.010  0.0530233  0.0000005
 1.030  0.0528928  0.0000005
 1.050  0.0527669  0.0000005
 1.070  0.0526457  0.0000005
 1.090  0.0525290  0.0000005
 1.110  0.0524173  0.0000005
 1.130  0.0523106  0.0000005
 1.150  0.0522089  0.0000005
 1.170  0.0521122  0.0000005
 1.190  0.0520212  0.0000005
 1.210  0.0519356  0.0000005
 1.230  0.0518552  0.0000005
 1.250  0.0517810  0.0000005
 1.270  0.0517117  0.0000005
 1.290  0.0516493  0.0000005
 1.310  0.0515928  0.0000005
 1.330  0.0515420  0.0000005
 1.350  0.0514983  0.0000005
 1.370  0.0514604  0.0000005
 1.390  0.0514290  0.0000005
 1.410  0.0514046  0.0000005
 1.430  0.0513873  0.0000005
 1.450  0.0513768  0.0000005
 1.470  0.0513731  0.0000005
 1.490  0.0513766  0.0000005
 1.510  0.0513868  0.0000005
 1.530  0.0513971  0.0000005
 1.550  0.0514069  0.0000005
 1.570  0.0514164  0.0000005
 1.590  0.0514249  0.0000005
 1.610  0.0514332  0.0000005
 1.630  0.0514408  0.0000005
 1.650  0.0514483  0.0000005
 1.670  0.0514552  0.0000005
 1.690  0.0514616  0.0000005
 1.710  0.0514675  0.0000005
 1.730  0.0514731  0.0000005
 1.750  0.0514783  0.0000005
 1.770  0.0514833  0.0000005
 1.790  0.0514873  0.0000005
 1.810  0.0514913  0.0000005
 1.830  0.0514954  0.0000005
 1.850  0.0514988  0.0000005
 1.870  0.0515015  0.0000005
 1.890  0.0515044  0.0000005
 1.910  0.0515068  0.0000005
 1.930  0.0515094  0.0000005
 1.950  0.0515110  0.0000005
 1.970  0.0515124  0.0000005
 1.990  0.0515140  0.0000005
 2.010  0.0515152  0.0000005
 2.030  0.0515162  0.0000005
 2.050  0.0515174  0.0000005
 2.070  0.0515183  0.0000005
 2.090  0.0515185  0.0000005
 2.110  0.0515190  0.0000005
 2.130  0.0515194  0.0000005
 2.150  0.0515200  0.0000005
 2.170  0.0515198  0.0000005
 2.190  0.0515198  0.0000005
 2.210  0.0515199  0.0000005
 2.230  0.0515199  0.0000005
 2.250  0.0515198  0.0000005
 2.270  0.0515197  0.0000005
 2.290  0.0515194  0.0000005
 2.310  0.0515193  0.0000005
 2.330  0.0515188  0.0000005
 2.350  0.0515189  0.0000005
 2.370  0.0515186  0.0000005
 2.390  0.0515182  0.0000005
 2.410  0.0515184  0.0000005
 2.430  0.0515179  0.0000005
 2.450  0.0515177  0.0000005
 2.470  0.0515178  0.0000005
 2.490  0.0515177  0.0000005
 2.510  0.0515169  0.0000005
 2.530  0.0515174  0.0000005
 2.550  0.0515169  0.0000005
 2.570  0.0515169  0.0000005
 2.590  0.0515168  0.0000005
 2.610  0.0515169  0.0000005
 2.630  0.0515167  0.0000005
 2.650  0.0515167  0.0000005
 2.670  0.0515166  0.0000005
 2.690  0.0515165  0.0000005
 2.710  0.0515166  0.0000005
 2.730  0.0515165  0.0000005
 2.750  0.0515163  0.0000005
 2.770  0.0515159  0.0000005
 2.790  0.0515165  0.0000005
 2.810  0.0515161  0.0000005
 2.830  0.0515159  0.0000005
 2.850  0.0515159  0.0000005
 2.870  0.0515160  0.0000005
 2.890  0.0515162  0.0000005
 2.910  0.0515162  0.0000005
 2.930  0.0515163  0.0000005
 2.950  0.0515161  0.0000005
 2.970  0.0515164  0.0000005
 2.990  0.0515163  0.0000005
 3.010  0.0515164  0.0000005
 3.030  0.0515163  0.0000005
 3.050  0.0515161  0.0000005
 3.070  0.0515160  0.0000005
 3.090  0.0515165  0.0000005
 3.110  0.0515163  0.0000005
 3.130  0.0515162  0.0000005
 3.150  0.0515163  0.0000005
 3.170  0.0515167  0.0000005
 3.190  0.0515165  0.0000005
 3.210  0.0515164  0.0000005
 3.230  0.0515166  0.0000005
 3.250  0.0515167  0.0000005
 3.270  0.0515168  0.0000005
 3.290  0.0515165  0.0000005
 3.310  0.0515165  0.0000005
 3.330  0.0515164  0.0000005
 3.350  0.0515160  0.0000005
 3.370  0.0515165  0.0000005
 3.390  0.0515165  0.0000005
 3.410  0.0515160  0.0000005
 3.430  0.0515165  0.0000005
 3.450  0.0515165  0.0000005
 3.470  0.0515165  0.0000005
 3.490  0.0515165  0.0000005
 3.510  0.0515163  0.0000005
 3.530  0.0515162  0.0000005
 3.550  0.0515164  0.0000005
 3.570  0.0515165  0.0000005
 3.590  0.0515167  0.0000005
 3.610  0.0515161  0.0000005
 3.630  0.0515162  0.0000005
 3.650  0.0515162  0.0000005
 3.670  0.0515164  0.0000005
 3.690  0.0515163  0.0000005
 3.710  0.0515162  0.0000005
 3.730  0.0515163  0.0000005
 3.750  0.0515161  0.0000005
 3.770  0.0515160  0.0000005
 3.790  0.0515163  0.0000005
 3.810  0.0515165  0.0000005
 3.830  0.0515163  0.0000005
 3.850  0.0515165  0.0000005
 3.870  0.0515158  0.0000005
 3.890  0.0515162  0.0000005
 3.910  0.0515161  0.0000005
 3.930  0.0515162  0.0000005
 3.950  0.0515163  0.0000005
 3.970  0.0515165  0.0000005
 3.990  0.0515161  0.0000005
 4.010  0.0515163  0.0000005
 4.030  0.0515163  0.0000005
 4.050  0.0515164  0.0000005
 4.070  0.0515165  0.0000005
 4.090  0.0515166  0.0000005
 4.110  0.0515165  0.0000005
 4.130  0.0515164  0.0000005
 4.150  0.0515162  0.0000005
 4.170  0.0515163  0.0000005
 4.190  0.0515161  0.0000005
 4.210  0.0515165  0.0000005
 4.230  0.0515165  0.0000005
 4.250  0.0515164  0.0000005
 4.270  0.0515165  0.0000005
 4.290  0.0515162  0.0000005
 4.310  0.0515166  0.0000005
 4.330  0.0515162  0.0000005
 4.350  0.0515160  0.0000005
 4.370  0.0515162  0.0000005
 4.390  0.0515165  0.0000005
 4.410  0.0515162  0.0000005
 4.430  0.0515163  0.0000005
 4.450  0.0515165  0.0000005
 4.470  0.0515163  0.0000005
 4.490  0.0515163  0.0000005
 4.510  0.0515162  0.0000005
 4.530  0.0515159  0.0000005
 4.550  0.0515164  0.0000005
 4.570  0.0515161  0.0000005
 4.590  0.0515164  0.0000005
 4.610  0.0515160  0.0000005
 4.630  0.0515164  0.0000005
 4.650  0.0515164  0.0000005
 4.670  0.0515164  0.0000005
 4.690  0.0515164  0.0000005
 4.710  0.0515163  0.0000005
 4.730  0.0515167  0.0000005
 4.750  0.0515162  0.0000005
 4.770  0.0515162  0.0000005
 4.790  0.0515164  0.0000005
 4.810  0.0515162  0.0000005
 4.830  0.0515161  0.0000005
 4.850  0.0515164  0.0000005
 4.870  0.0515163  0.0000005
 4.890  0.0515162  0.0000005
 4.910  0.0515161  0.0000005
 4.930  0.0515161  0.0000005
 4.950  0.0515161  0.0000005
 4.970  0.0515161  0.0000005
 4.990  0.0515164  0.0000005
 5.010  0.0515164  0.0000005
 5.030  0.0515165  0.0000005
 5.050  0.0515162  0.0000005
 5.070  0.0515164  0.0000005
 5.090  0.0515162  0.0000005
 5.110  0.0515166  0.0000005
 5.130  0.0515168  0.0000005
 5.150  0.0515166  0.0000005
 5.170  0.0515167  0.0000005
 5.190  0.0515164  0.0000005
 5.210  0.0515166  0.0000005
 5.230  0.0515165  0.0000005
 5.250  0.0515164  0.0000005
 5.270  0.0515165  0.0000005
 5.290  0.0515165  0.0000005
 5.310  0.0515166  0.0000005
 5.330  0.0515166  0.0000005
 5.350  0.0515166  0.0000005
 5.370  0.0515164  0.0000005
 5.390  0.0515167  0.0000005
 5.410  0.0515165  0.0000005
 5.430  0.0515164  0.0000005
 5.450  0.0515164  0.0000005
 5.470  0.0515165  0.0000005
 5.490  0.0515168  0.0000005
 5.510  0.0515164  0.0000005
 5.530  0.0515167  0.0000004
 5.550  0.0515168  0.0000005
 5.570  0.0515168  0.0000005
 5.590  0.0515164  0.0000005
 5.610  0.0515163  0.0000005
 5.630  0.0515167  0.0000005
 5.650  0.0515160  0.0000005
 5.670  0.0515163  0.0000005
 5.690  0.0515167  0.0000005
 5.710  0.0515160  0.0000005
 5.730  0.0515162  0.0000005
 5.750  0.0515162  0.0000005
 5.770  0.0515160  0.0000005
 5.790  0.0515163  0.0000005
 5.810  0.0515163  0.0000005
 5.830  0.0515162  0.0000005
 5.850  0.0515166  0.0000005
 5.870  0.0515160  0.0000005
 5.890  0.0515162  0.0000005
 5.910  0.0515159  0.0000005
 5.930  0.0515162  0.0000004
 5.950  0.0515164  0.0000005
 5.970  0.0515162  0.0000005
 5.990  0.0515165  0.0000005
 6.010  0.0515162  0.0000005
 6.030  0.0515163  0.0000005
 6.050  0.0515165  0.0000005
 6.070  0.0515161  0.0000005
 6.090  0.0515165  0.0000005
 6.110  0.0515165  0.0000005
 6.130  0.0515165  0.0000005
 6.150  0.0515162  0.0000005
 6.170  0.0515163  0.0000005
 6.190  0.0515162  0.0000005
 6.210  0.0515163  0.0000005
 6.230  0.0515162  0.0000005
 6.250  0.0515163  0.0000005
 6.270  0.0515165  0.0000005
 6.290  0.0515165  0.0000005
 6.310  0.0515167  0.0000005
 6.330  0.0515164  0.0000005
 6.350  0.0515163  0.0000005
 6.370  0.0515166  0.0000004
 6.390  0.0515166  0.0000005
 6.410  0.0515162  0.0000005
 6.430  0.0515165  0.0000004
 6.450  0.0515166  0.0000005
 6.470  0.0515165  0.0000005
 6.490  0.0515166  0.0000004
 6.510  0.0515166  0.0000005
 6.530  0.0515167  0.0000005
 6.550  0.0515167  0.0000005
 6.570  0.0515166  0.0000005
 6.590  0.0515166  0.0000005
 6.610  0.0515165  0.0000005
 6.630  0.0515165  0.0000005
 6.650  0.0515167  0.0000005
 6.670  0.0515167  0.0000005
 6.690  0.0515164  0.0000005
 6.710  0.0515164  0.0000005
 6.730  0.0515166  0.0000005
 6.750  0.0515164  0.0000005
 6.770  0.0515168  0.0000005
 6.790  0.0515165  0.0000004
 6.810  0.0515167  0.0000005
 6.830  0.0515165  0.0000005
 6.850  0.0515164  0.0000005
 6.870  0.0515165  0.0000005
 6.890  0.0515165  0.0000005
 6.910  0.0515164  0.0000005
 6.930  0.0515162  0.0000005
 6.950  0.0515166  0.0000005
 6.970  0.0515161  0.0000005
 6.990  0.0515163  0.0000005
 7.010  0.0515162  0.0000005
 7.030  0.0515165  0.0000005
 7.050  0.0515165  0.0000005
 7.070  0.0515166  0.0000005
 7.090  0.0515166  0.0000005
 7.110  0.0515164  0.0000005
 7.130  0.0515167  0.0000005
 7.150  0.0515166  0.0000005
 7.170  0.0515167  0.0000004
 7.190  0.0515164  0.0000004
 7.210  0.0515163  0.0000005
 7.230  0.0515166  0.0000005
 7.250  0.0515166  0.0000005
 7.270  0.0515168  0.0000005
 7.290  0.0515163  0.0000005
 7.310  0.0515162  0.0000004
 7.330  0.0515164  0.0000004
 7.350  0.0515160  0.0000004
 7.370  0.0515164  0.0000004
 7.390  0.0515160  0.0000005
 7.410  0.0515161  0.0000005
 7.430  0.0515160  0.0000004
 7.450  0.0515163  0.0000004
 7.470  0.0515163  0.0000005
 7.490  0.0515162  0.0000005
 7.510  0.0515160  0.0000004
 7.530  0.0515166  0.0000005
 7.550  0.0515161  0.0000005
 7.570  0.0515163  0.0000005
 7.590  0.0515161  0.0000005
 7.610  0.0515159  0.0000005
 7.630  0.0515163  0.0000005
 7.650  0.0515163  0.0000005
 7.670  0.0515165  0.0000005
 7.690  0.0515162  0.0000005
 7.710  0.0515165  0.0000005
 7.730  0.0515162  0.0000005
 7.750  0.0515163  0.0000005
 7.770  0.0515165  0.0000004
 7.790  0.0515161  0.0000004
 7.810  0.0515161  0.0000005
 7.830  0.0515165  0.0000004
 7.850  0.0515160  0.0000005
 7.870  0.0515166  0.0000005
 7.890  0.0515162  0.0000005
 7.910  0.0515162  0.0000005
 7.930  0.0515162  0.0000005
 7.950  0.0515163  0.0000005
 7.970  0.0515164  0.0000005
 7.990  0.0515162  0.0000005
 8.010  0.0515163  0.0000005
 8.030  0.0515165  0.0000005
 8.050  0.0515163  0.0000005
 8.070  0.0515168  0.0000005
 8.090  0.0515164  0.0000005
 8.110  0.0515166  0.0000004
 8.130  0.0515163  0.0000005
 8.150  0.0515169  0.0000005
 8.170  0.0515168  0.0000005
 8.190  0.0515164  0.0000005
 8.210  0.0515164  0.0000005
 8.230  0.0515166  0.0000005
 8.250  0.0515163  0.0000005
 8.270  0.0515167  0.0000005
 8.290  0.0515166  0.0000005
 8.310  0.0515167  0.0000005
 8.330  0.0515168  0.0000005
 8.350  0.0515167  0.0000005
 8.370  0.0515165  0.0000004
 8.390  0.0515167  0.0000005
 8.410  0.0515164  0.0000005
 8.430  0.0515169  0.0000004
 8.450  0.0515164  0.0000004
 8.470  0.0515169  0.0000005
 8.490  0.0515167  0.0000005
 8.510  0.0515169  0.0000005
 8.530  0.0515169  0.0000004
 8.550  0.0515168  0.0000005
 8.570  0.0515166  0.0000004
 8.590  0.0515168  0.0000005
 8.610  0.0515166  0.0000005
 8.630  0.0515166  0.0000005
 8.650  0.0515164  0.0000005
 8.670  0.0515164  0.0000005
 8.690  0.0515164  0.0000005
 8.710  0.0515164  0.0000005
 8.730  0.0515164  0.0000005
 8.750  0.0515163  0.0000005
 8.770  0.0515164  0.0000005
 8.790  0.0515165  0.0000005
 8.810  0.0515167  0.0000005
 8.830  0.0515168  0.0000005
 8.850  0.0515163  0.0000004
 8.870  0.0515168  0.0000005
 8.890  0.0515169  0.0000005
 8.910  0.0515164  0.0000005
 8.930  0.0515169  0.0000004
 8.950  0.0515165  0.0000005
 8.970  0.0515167  0.0000004
 8.990  0.0515166  0.0000005
 9.010  0.0515166  0.0000004
 9.030  0.0515168  0.0000004
 9.050  0.0515166  0.0000005
 9.070  0.0515167  0.0000005
 9.090  0.0515164  0.0000005
 9.110  0.0515163  0.0000005
 9.130  0.0515162  0.0000005
 9.150  0.0515165  0.0000004
 9.170  0.0515165  0.0000004
 9.190  0.0515167  0.0000005
 9.210  0.0515165  0.0000004
 9.230  0.0515160  0.0000005
 9.250  0.0515165  0.0000005
 9.270  0.0515160  0.0000005
 9.290  0.0515162  0.0000005
 9.310  0.0515160  0.0000005
 9.330  0.0515164  0.0000004
 9.350  0.0515160  0.0000005
 9.370  0.0515162  0.0000005
 9.390  0.0515160  0.0000004
 9.410  0.0515161  0.0000005
 9.430  0.0515160  0.0000005
 9.450  0.0515162  0.0000005
 9.470  0.0515166  0.0000005
 9.490  0.0515167  0.0000005
 9.510  0.0515164  0.0000005
 9.530  0.0515161  0.0000005
 9.550  0.0515164  0.0000005
 9.570  0.0515162  0.0000005
 9.590  0.0515165  0.0000005
 9.610  0.0515163  0.0000005
 9.630  0.0515164  0.0000004
 9.650  0.0515166  0.0000004
 9.670  0.0515165  0.0000004
 9.690  0.0515164  0.0000005
 9.710  0.0515167  0.0000004
 9.730  0.0515163  0.0000005
 9.750  0.0515164  0.0000004
 9.770  0.0515165  0.0000005
 9.790  0.0515167  0.0000005
 9.810  0.0515164  0.0000005
 9.830  0.0515168  0.0000005
 9.850  0.0515165  0.0000005
 9.870  0.0515162  0.0000005
 9.890  0.0515166  0.0000004
 9.910  0.0515164  0.0000005
 9.930  0.0515160  0.0000004
 9.950  0.0515163  0.0000005
 9.970  0.0515160  0.0000004
 9.990  0.0515163  0.0000004
10.010  0.0515163  0.0000004
10.030  0.0515162  0.0000005
10.050  0.0515164  0.0000005
10.070  0.0515165  0.0000005
10.090  0.0515166  0.0000005
10.110  0.0515162  0.0000005
10.130  0.0515164  0.0000005
10.150  0.0515159  0.0000005
10.170  0.0515162  0.0000004
10.190  0.0515162  0.0000005
10.210  0.0515164  0.0000005
10.230  0.0515162  0.0000004
10.250  0.0515166  0.0000005
10.270  0.0515163  0.0000005
10.290  0.0515163  0.0000005
10.310  0.0515169  0.0000005
10.330  0.0515166  0.0000004
10.350  0.0515165  0.0000005
10.370  0.0515165  0.0000004
10.390  0.0515163  0.0000005
10.410  0.0515161  0.0000005
10.430  0.0515162  0.0000004
10.450  0.0515164  0.0000004
10.470  0.0515163  0.0000005
10.490  0.0515164  0.0000005
10.510  0.0515165  0.0000005
10.530  0.0515163  0.0000005
10.550  0.0515164  0.0000005
10.570  0.0515164  0.0000005
10.590  0.0515164  0.0000005
10.610  0.0515164  0.0000004
10.630  0.0515166  0.0000005
10.650  0.0515165  0.0000005
10.670  0.0515164  0.0000004
10.690  0.0515166  0.0000005
10.710  0.0515165  0.0000005
10.730  0.0515165  0.0000005
10.750  0.0515164  0.0000005
10.770  0.0515163  0.0000005
10.790  0.0515162  0.0000004
10.810  0.0515163  0.0000004
10.830  0.0515162  0.0000005
10.850  0.0515162  0.0000005
10.870  0.0515166  0.0000004
10.890  0.0515166  0.0000005
10.910  0.0515164  0.0000004
10.930  0.0515166  0.0000004
10.950  0.0515164  0.0000005
10.970  0.0515162  0.0000004
10.990  0.0515166  0.0000005
11.010  0.0515164  0.0000004
11.030  0.0515166  0.0000005
11.050  0.0515164  0.0000004
11.070  0.0515165  0.0000005
11.090  0.0515162  0.0000004
11.110  0.0515163  0.0000005
11.130  0.0515166  0.0000005
11.150  0.0515166  0.0000005
11.170  0.0515164  0.0000004
11.190  0.0515165  0.0000004
11.210  0.0515164  0.0000004
11.230  0.0515165  0.0000005
11.250  0.0515160  0.0000005
11.270  0.0515161  0.0000004
11.290  0.0515165  0.0000004
11.310  0.0515163  0.0000005
11.330  0.0515163  0.0000005
11.350  0.0515166  0.0000005
11.370  0.0515165  0.0000005
11.390  0.0515165  0.0000005
11.410  0.0515165  0.0000005
11.430  0.0515167  0.0000004
11.450  0.0515163  0.0000005
11.470  0.0515165  0.0000004
11.490  0.0515164  0.0000005
11.510  0.0515165  0.0000005
11.530  0.0515167  0.0000004
11.550  0.0515161  0.0000004
11.570  0.0515168  0.0000004
11.590  0.0515162  0.0000004
11.610  0.0515163  0.0000005
11.630  0.0515164  0.0000005
11.650  0.0515166  0.0000004
11.670  0.0515166  0.0000005
11.690  0.0515159  0.0000005
11.710  0.0515166  0.0000004
11.730  0.0515166  0.0000005
11.750  0.0515165  0.0000005
11.770  0.0515168  0.0000004
11.790  0.0515167  0.0000005
11.810  0.0515166  0.0000004
11.830  0.0515166  0.0000005
11.850  0.0515168  0.0000004
11.870  0.0515168  0.0000004
11.890  0.0515165  0.0000004
11.910  0.0515163  0.0000005
11.930  0.0515166  0.0000004
11.950  0.0515168  0.0000004
11.970  0.0515162  0.0000004
11.990  0.0515164  0.0000005
12.010  0.0515165  0.0000005
12.030  0.0515165  0.0000005
12.050  0.0515166  0.0000004
12.070  0.0515164  0.0000005
12.090  0.0515166  0.0000004
12.110  0.0515166  0.0000004
12.130  0.0515163  0.0000005
12.150  0.0515163  0.0000005
12.170  0.0515164  0.0000005
12.190  0.0515162  0.0000004
12.210  0.0515165  0.0000005
12.230  0.0515164  0.0000005
12.250  0.0515163  0.0000004
12.270  0.0515162  0.0000004
12.290  0.0515165  0.0000005
12.310  0.0515161  0.0000004
12.330  0.0515167  0.0000004
12.350  0.0515161  0.0000004
12.370  0.0515164  0.0000004
12.390  0.0515162  0.0000005
12.410  0.0515163  0.0000004
12.430  0.0515166  0.0000005
12.450  0.0515162  0.0000004
12.470  0.0515166  0.0000004
12.490  0.0515163  0.0000005
12.510  0.0515166  0.0000005
12.530  0.0515165  0.0000005
12.550  0.0515166  0.0000004
12.570  0.0515166  0.0000005
12.590  0.0515168  0.0000004
12.610  0.0515166  0.0000004
12.630  0.0515164  0.0000004
12.650  0.0515166  0.0000005
12.670  0.0515166  0.0000004
12.690  0.0515165  0.0000004
12.710  0.0515166  0.0000005
12.730  0.0515165  0.0000004
12.750  0.0515165  0.0000005
12.770  0.0515164  0.0000004
12.790  0.0515166  0.0000005
12.810  0.0515166  0.0000005
12.830  0.0515162  0.0000005
12.850  0.0515166  0.0000004
12.870  0.0515161  0.0000005
12.890  0.0515164  0.0000005
12.910  0.0515165  0.0000004
12.930  0.0515164  0.0000004
12.950  0.0515162  0.0000004
12.970  0.0515163  0.0000004
12.990  0.0515164  0.0000004
13.010  0.0515164  0.0000005
13.030  0.0515165  0.0000004
13.050  0.0515161  0.0000004
13.070  0.0515161  0.0000005
13.090  0.0515166  0.0000004
13.110  0.0515164  0.0000004
13.130  0.0515165  0.0000004
13.150  0.0515166  0.0000005
13.170  0.0515165  0.0000005
13.190  0.0515161  0.0000004
13.210  0.0515167  0.0000004
13.230  0.0515162  0.0000005
13.250  0.0515164  0.0000005
13.270  0.0515160  0.0000004
13.290  0.0515162  0.0000004
13.310  0.0515165  0.0000004
13.330  0.0515165  0.0000005
13.350  0.0515166  0.0000004
13.370  0.0515163  0.0000005
13.390  0.0515161  0.0000004
13.410  0.0515164  0.0000004
13.430  0.0515162  0.0000004
13.450  0.0515164  0.0000005
13.470  0.0515162  0.0000004
13.490  0.0515168  0.0000004
13.510  0.0515167  0.0000005
13.530  0.0515165  0.0000004
13.550  0.0515166  0.0000005
13.570  0.0515166  0.0000004
13.590  0.0515165  0.0000004
13.610  0.0515163  0.0000005
13.630  0.0515162  0.0000004
13.650  0.0515161  0.0000005
13.670  0.0515163  0.0000004
13.690  0.0515164  0.0000005
13.710  0.0515160  0.0000004
13.730  0.0515162  0.0000005
13.750  0.0515165  0.0000004
13.770  0.0515165  0.0000005
13.790  0.0515163  0.0000004
13.810  0.0515164  0.0000005
13.830  0.0515164  0.0000005
13.850  0.0515165  0.0000005
13.870  0.0515163  0.0000004
13.890  0.0515165  0.0000005
13.910  0.0515162  0.0000004
13.930  0.0515164  0.0000004
13.950  0.0515163  0.0000005
13.970  0.0515163  0.0000004
13.990  0.0515161  0.0000004
14.010  0.0515169  0.0000004
14.030  0.0515162  0.0000004
14.050  0.0515160  0.0000004
14.070  0.0515162  0.0000004
14.090  0.0515162  0.0000004
14.110  0.0515163  0.0000004
14.130  0.0515163  0.0000004
14.150  0.0515166  0.0000004
14.170  0.0515164  0.0000004
14.190  0.0515160  0.0000004
14.210  0.0515161  0.0000005
14.230  0.0515164  0.0000004
14.250  0.0515160  0.0000005
14.270  0.0515165  0.0000005
14.290  0.0515163  0.0000004
14.310  0.0515159  0.0000004
14.330  0.0515165  0.0000004
14.350  0.0515165  0.0000004
14.370  0.0515164  0.0000005
14.390  0.0515161  0.0000004
14.410  0.0515161  0.0000004
14.430  0.0515161  0.0000005
14.450  0.0515165  0.0000005
14.470  0.0515165  0.0000005
14.490  0.0515167  0.0000005
14.510  0.0515163  0.0000005
14.530  0.0515168  0.0000005
14.550  0.0515169  0.0000005
14.570  0.0515168  0.0000004
14.590  0.0515165  0.0000005
14.610  0.0515164  0.0000004
14.630  0.0515164  0.0000004
14.650  0.0515163  0.0000004
14.670  0.0515166  0.0000005
14.690  0.0515166  0.0000005
14.710  0.0515162  0.0000005
14.730  0.0515170  0.0000005
14.750  0.0515167  0.0000005
14.770  0.0515166  0.0000004
14.790  0.0515163  0.0000004
14.810  0.0515166  0.0000005
14.830  0.0515166  0.0000004
14.850  0.0515166  0.0000005
14.870  0.0515165  0.0000005
14.890  0.0515166  0.0000004
14.910  0.0515169  0.0000004
14.930  0.0515164  0.0000004
14.950  0.0515165  0.0000005
14.970  0.0515164  0.0000004
14.990  0.0515165  0.0000004
15.010  0.0515168  0.0000005
15.030  0.0515163  0.0000004
15.050  0.0515167  0.0000004
15.070  0.0515167  0.0000004
15.090  0.0515166  0.0000005
15.110  0.0515165  0.0000004
15.130  0.0515169  0.0000005
15.150  0.0515167  0.0000005
15.170  0.0515164  0.0000005
15.190  0.0515168  0.0000004
15.210  0.0515163  0.0000005
15.230  0.0515162  0.0000004
15.250  0.0515165  0.0000004
15.270  0.0515165  0.0000004
15.290  0.0515163  0.0000004
15.310  0.0515163  0.0000005
15.330  0.0515164  0.0000005
15.350  0.0515163  0.0000005
15.370  0.0515168  0.0000004
15.390  0.0515167  0.0000005
15.410  0.0515166  0.0000005
15.430  0.0515164  0.0000005
15.450  0.0515163  0.0000005
15.470  0.0515161  0.0000004
15.490  0.0515164  0.0000005
15.510  0.0515164  0.0000005
15.530  0.0515161  0.0000004
15.550  0.0515164  0.0000004
15.570  0.0515163  0.0000005
15.590  0.0515164  0.0000005
15.610  0.0515164  0.0000004
15.630  0.0515161  0.0000004
15.650  0.0515166  0.0000004
15.670  0.0515163  0.0000004
15.690  0.0515163  0.0000004
15.710  0.0515166  0.0000005
15.730  0.0515163  0.0000004
15.750  0.0515162  0.0000005
15.770  0.0515163  0.0000004
15.790  0.0515163  0.0000005
15.810  0.0515165  0.0000005
15.830  0.0515163  0.0000004
15.850  0.0515165  0.0000005
15.870  0.0515167  0.0000005
15.890  0.0515163  0.0000005
15.910  0.0515164  0.0000004
15.930  0.0515162  0.0000005
15.950  0.0515164  0.0000004
15.970  0.0515167  0.0000004
15.990  0.0515162  0.0000004
16.010  0.0515163  0.0000005
16.030  0.0515165  0.0000005
16.050  0.0515165  0.0000005
16.070  0.0515166  0.0000004
16.090  0.0515162  0.0000004
16.110  0.0515163  0.0000005
16.130  0.0515162  0.0000004
16.150  0.0515167  0.0000004
16.170  0.0515162  0.0000004
16.190  0.0515165  0.0000004
16.210  0.0515164  0.0000004
16.230  0.0515164  0.0000004
16.250  0.0515164  0.0000005
16.270  0.0515166  0.0000004
16.290  0.0515168  0.0000005
16.310  0.0515169  0.0000005
16.330  0.0515169  0.0000005
16.350  0.0515163  0.0000004
16.370  0.0515167  0.0000005
16.390  0.0515168  0.0000004
16.410  0.0515167  0.0000004
16.430  0.0515168  0.0000004
16.450  0.0515165  0.0000005
16.470  0.0515169  0.0000005
16.490  0.0515166  0.0000004
16.510  0.0515170  0.0000004
16.530  0.0515168  0.0000004
16.550  0.0515166  0.0000004
16.570  0.0515167  0.0000005
16.590  0.0515166  0.0000004
16.610  0.0515165  0.0000004
16.630  0.0515168  0.0000005
16.650  0.0515167  0.0000005
16.670  0.0515168  0.0000005
16.690  0.0515167  0.0000005
16.710  0.0515167  0.0000004
16.730  0.0515166  0.0000005
16.750  0.0515166  0.0000004
16.770  0.0515166  0.0000004
16.790  0.0515166  0.0000005
16.810  0.0515164  0.0000004
16.830  0.0515171  0.0000004
16.850  0.0515167  0.0000004
16.870  0.0515170  0.0000004
16.890  0.0515167  0.0000005
16.910  0.0515165  0.0000004
16.930  0.0515166  0.0000005
16.950  0.0515166  0.0000004
16.970  0.0515168  0.0000005
16.990  0.0515167  0.0000005
17.010  0.0515167  0.0000005
17.030  0.0515166  0.0000004
17.050  0.0515166  0.0000004
17.070  0.0515165  0.0000005
17.090  0.0515166  0.0000004
17.110  0.0515167  0.0000004
17.130  0.0515169  0.0000004
17.150  0.0515167  0.0000005
17.170  0.0515167  0.0000004
17.190  0.0515165  0.0000004
17.210  0.0515168  0.0000005
17.230  0.0515164  0.0000004
17.250  0.0515166  0.0000005
17.270  0.0515169  0.0000005
17.290  0.0515164  0.0000005
17.310  0.0515171  0.0000005
17.330  0.0515167  0.0000005
17.350  0.0515168  0.0000005
17.370  0.0515165  0.0000004
17.390  0.0515165  0.0000004
17.410  0.0515169  0.0000004
17.430  0.0515168  0.0000004
17.450  0.0515166  0.0000005
17.470  0.0515169  0.0000005
17.490  0.0515167  0.0000005
17.510  0.0515169  0.0000005
17.530  0.0515167  0.0000005
17.550  0.0515165  0.0000005
17.570  0.0515166  0.0000005
17.590  0.0515167  0.0000004
17.610  0.0515167  0.0000005
17.630  0.0515164  0.0000005
17.650  0.0515166  0.0000005
17.670  0.0515168  0.0000004
17.690  0.0515169  0.0000005
17.710  0.0515166  0.0000005
17.730  0.0515168  0.0000004
17.750  0.0515170  0.0000004
17.770  0.0515169  0.0000005
17.790  0.0515164  0.0000004
17.810  0.0515168  0.0000004
17.830  0.0515166  0.0000004
17.850  0.0515167  0.0000005
17.870  0.0515163  0.0000004
17.890  0.0515164  0.0000004
17.910  0.0515167  0.0000004
17.930  0.0515165  0.0000004
17.950  0.0515166  0.0000004
17.970  0.0515166  0.0000004
17.990  0.0515167  0.0000004
18.010  0.0515165  0.0000005
18.030  0.0515167  0.0000004
18.050  0.0515161  0.0000005
18.070  0.0515165  0.0000005
18.090  0.0515162  0.0000005
18.110  0.0515164  0.0000005
18.130  0.0515164  0.0000005
18.150  0.0515162  0.0000005
18.170  0.0515165  0.0000004
18.190  0.0515164  0.0000004
18.210  0.0515161  0.0000005
18.230  0.0515165  0.0000005
18.250  0.0515165  0.0000004
18.270  0.0515164  0.0000004
18.290  0.0515164  0.0000005
18.310  0.0515166  0.0000005
18.330  0.0515164  0.0000005
18.350  0.0515167  0.0000004
18.370  0.0515167  0.0000004
18.390  0.0515166  0.0000004
18.410  0.0515163  0.0000004
18.430  0.0515167  0.0000005
18.450  0.0515166  0.0000004
18.470  0.0515165  0.0000004
18.490  0.0515166  0.0000005
18.510  0.0515170  0.0000005
18.530  0.0515166  0.0000005
18.550  0.0515164  0.0000005
18.570  0.0515169  0.0000005
18.590  0.0515169  0.0000005
18.610  0.0515167  0.0000004
18.630  0.0515167  0.0000005
18.650  0.0515169  0.0000005
18.670  0.0515168  0.0000004
18.690  0.0515166  0.0000005
18.710  0.0515167  0.0000004
18.730  0.0515171  0.0000004
18.750  0.0515170  0.0000004
18.770  0.0515165  0.0000004
18.790  0.0515170  0.0000004
18.810  0.0515169  0.0000005
18.830  0.0515169  0.0000005
18.850  0.0515167  0.0000004
18.870  0.0515169  0.0000005
18.890  0.0515167  0.0000005
18.910  0.0515167  0.0000004
18.930  0.0515167  0.0000004
18.950  0.0515168  0.0000005
18.970  0.0515167  0.0000005
18.990  0.0515171  0.0000005
19.010  0.0515167  0.0000005
19.030  0.0515166  0.0000005
19.050  0.0515170  0.0000005
19.070  0.0515167  0.0000005
19.090  0.0515168  0.0000004
19.110  0.0515167  0.0000005
19.130  0.0515167  0.0000005
19.150  0.0515168  0.0000005
19.170  0.0515168  0.0000005
19.190  0.0515166  0.0000005
19.210  0.0515168  0.0000005
19.230  0.0515167  0.0000004
19.250  0.0515166  0.0000005
19.270  0.0515166  0.0000005
19.290  0.0515168  0.0000005
19.310  0.0515167  0.0000005
19.330  0.0515164  0.0000005
19.350  0.0515167  0.0000005
19.370  0.0515165  0.0000005
19.390  0.0515167  0.0000004
19.410  0.0515163  0.0000004
19.430  0.0515167  0.0000004
19.450  0.0515165  0.0000004
19.470  0.0515167  0.0000005
19.490  0.0515166  0.0000005
19.510  0.0515167  0.0000005
19.530  0.0515168  0.0000004
19.550  0.0515167  0.0000005
19.570  0.0515166  0.0000005
19.590  0.0515169  0.0000005
19.610  0.0515172  0.0000004
19.630  0.0515168  0.0000005
19.650  0.0515168  0.0000004
19.670  0.0515166  0.0000005
19.690  0.0515164  0.0000004
19.710  0.0515166  0.0000005
19.730  0.0515168  0.0000004
19.750  0.0515166  0.0000004
19.770  0.0515166  0.0000005
19.790  0.0515167  0.0000004
19.810  0.0515165  0.0000004
19.830  0.0515170  0.0000005
19.850  0.0515166  0.0000005
19.870  0.0515167  0.0000004
19.890  0.0515167  0.0000004
19.910  0.0515167  0.0000005
19.930  0.0515170  0.0000004
19.950  0.0515167  0.0000005
19.970  0.0515166  0.0000005
19.990  0.0515168  0.0000005
20.010  0.0515166  0.0000004
20.030  0.0515167  0.0000005
20.050  0.0515166  0.0000005
20.070  0.0515166  0.0000005
20.090  0.0515170  0.0000005
20.110  0.0515168  0.0000004
20.130  0.0515167  0.0000004
20.150  0.0515167  0.0000004
20.170  0.0515167  0.0000005
20.190  0.0515164  0.0000004
20.210  0.0515168  0.0000005
20.230  0.0515165  0.0000005
20.250  0.0515164  0.0000005
20.270  0.0515169  0.0000005
20.290  0.0515167  0.0000005
20.310  0.0515166  0.0000004
20.330  0.0515167  0.0000005
20.350  0.0515165  0.0000004
20.370  0.0515167  0.0000004
20.390  0.0515167  0.0000005
20.410  0.0515167  0.0000004
20.430  0.0515166  0.0000005
20.450  0.0515167  0.0000005
20.470  0.0515170  0.0000005
20.490  0.0515167  0.0000004
20.510  0.0515163  0.0000005
20.530  0.0515167  0.0000004
20.550  0.0515165  0.0000005
20.570  0.0515168  0.0000004
20.590  0.0515167  0.0000005
20.610  0.0515165  0.0000005
20.630  0.0515167  0.0000005
20.650  0.0515168  0.0000004
20.670  0.0515167  0.0000005
20.690  0.0515164  0.0000005
20.710  0.0515170  0.0000004
20.730  0.0515166  0.0000005
20.750  0.0515167  0.0000005
20.770  0.0515168  0.0000004
20.790  0.0515166  0.0000004
20.810  0.0515164  0.0000004
20.830  0.0515166  0.0000004
20.850  0.0515167  0.0000004
20.870  0.0515165  0.0000005
20.890  0.0515166  0.0000004
20.910  0.0515166  0.0000005
20.930  0.0515167  0.0000004
20.950  0.0515168  0.0000004
20.970  0.0515168  0.0000005
20.990  0.0515165  0.0000004
21.010  0.0515168  0.0000005
21.030  0.0515169  0.0000004
21.050  0.0515166  0.0000005
21.070  0.0515165  0.0000005
21.090  0.0515169  0.0000005
21.110  0.0515166  0.0000005
21.130  0.0515171  0.0000004
21.150  0.0515169  0.0000005
21.170  0.0515170  0.0000005
21.190  0.0515167  0.0000004
21.210  0.0515167  0.0000005
21.230  0.0515170  0.0000005
21.250  0.0515171  0.0000004
21.270  0.0515166  0.0000004
21.290  0.0515167  0.0000005
21.310  0.0515168  0.0000004
21.330  0.0515170  0.0000005
21.350  0.0515168  0.0000005
21.370  0.0515167  0.0000004
21.390  0.0515168  0.0000005
21.410  0.0515166  0.0000005
21.430  0.0515168  0.0000004
21.450  0.0515168  0.0000004
21.470  0.0515167  0.0000005
21.490  0.0515165  0.0000004
21.510  0.0515167  0.0000005
21.530  0.0515167  0.0000004
21.550  0.0515166  0.0000005
21.570  0.0515168  0.0000004
21.590  0.0515165  0.0000005
21.610  0.0515166  0.0000005
21.630  0.0515167  0.0000005
21.650  0.0515165  0.0000004
21.670  0.0515168  0.0000005
21.690  0.0515165  0.0000004
21.710  0.0515166  0.0000005
21.730  0.0515165  0.0000005
21.750  0.0515164  0.0000005
21.770  0.0515166  0.0000004
21.790  0.0515164  0.0000005
21.810  0.0515166  0.0000005
21.830  0.0515167  0.0000005
21.850  0.0515165  0.0000005
21.870  0.0515164  0.0000005
21.890  0.0515165  0.0000005
21.910  0.0515166  0.0000005
21.930  0.0515163  0.0000004
21.950  0.0515163  0.0000005
21.970  0.0515163  0.0000005
21.990  0.0515164  0.0000005
22.010  0.0515166  0.0000005
22.030  0.0515168  0.0000005
22.050  0.0515168  0.0000004
22.070  0.0515164  0.0000005
22.090  0.0515163  0.0000004
22.110  0.0515165  0.0000005
22.130  0.0515166  0.0000005
22.150  0.0515170  0.0000005
22.170  0.0515163  0.0000005
22.190  0.0515165  0.0000005
22.210  0.0515163  0.0000004
22.230  0.0515164  0.0000005
22.250  0.0515166  0.0000005
22.270  0.0515168  0.0000005
22.290  0.0515166  0.0000005
22.310  0.0515163  0.0000005
22.330  0.0515170  0.0000004
22.350  0.0515167  0.0000005
22.370  0.0515168  0.0000004
22.390  0.0515168  0.0000005
22.410  0.0515166  0.0000005
22.430  0.0515168  0.0000005
22.450  0.0515168  0.0000005
22.470  0.0515166  0.0000005
22.490  0.0515166  0.0000005
22.510  0.0515171  0.0000005
22.530  0.0515169  0.0000004
22.550  0.0515169  0.0000005
22.570  0.0515170  0.0000004
22.590  0.0515167  0.0000005
22.610  0.0515169  0.0000005
22.630  0.0515168  0.0000004
22.650  0.0515167  0.0000004
22.670  0.0515168  0.0000004
22.690  0.0515168  0.0000004
22.710  0.0515168  0.0000005
22.730  0.0515167  0.0000005
22.750  0.0515164  0.0000005
22.770  0.0515163  0.0000005
22.790  0.0515167  0.0000005
22.810  0.0515164  0.0000004
22.830  0.0515163  0.0000004
22.850  0.0515165  0.0000005
22.870  0.0515166  0.0000004
22.890  0.0515165  0.0000005
22.910  0.0515164  0.0000005
22.930  0.0515166  0.0000005
22.950  0.0515163  0.0000005
22.970  0.0515165  0.0000005
22.990  0.0515169  0.0000004
23.010  0.0515160  0.0000005
23.030  0.0515163  0.0000004
23.050  0.0515161  0.0000004
23.070  0.0515166  0.0000005
23.090  0.0515163  0.0000005
23.110  0.0515165  0.0000005
23.130  0.0515161  0.0000005
23.150  0.0515164  0.0000005
23.170  0.0515167  0.0000005
23.190  0.0515166  0.0000005
23.210  0.0515164  0.0000005
23.230  0.0515165  0.0000005
23.250  0.0515166  0.0000004
23.270  0.0515165  0.0000005
23.290  0.0515164  0.0000005
23.310  0.0515165  0.0000005
23.330  0.0515165  0.0000005
23.350  0.0515163  0.0000005
23.370  0.0515164  0.0000005
23.390  0.0515165  0.0000005
23.410  0.0515163  0.0000005
23.430  0.0515165  0.0000005
23.450  0.0515167  0.0000005
23.470  0.0515161  0.0000005
23.490  0.0515161  0.0000005
23.510  0.0515164  0.0000005
23.530  0.0515164  0.0000005
23.550  0.0515162  0.0000005
23.570  0.0515164  0.0000005
23.590  0.0515162  0.0000005
23.610  0.0515165  0.0000005
23.630  0.0515168  0.0000005
23.650  0.0515163  0.0000005
23.670  0.0515165  0.0000005
23.690  0.0515164  0.0000005
23.710  0.0515164  0.0000005
23.730  0.0515163  0.0000004
23.750  0.0515167  0.0000005
23.770  0.0515164  0.0000004
23.790  0.0515161  0.0000005
23.810  0.0515163  0.0000005
23.830  0.0515168  0.0000005
23.850  0.0515166  0.0000005
23.870  0.0515163  0.0000005
23.890  0.0515166  0.0000005
23.910  0.0515168  0.0000004
23.930  0.0515165  0.0000005
23.950  0.0515166  0.0000005
23.970  0.0515164  0.0000004
23.990  0.0515166  0.0000005
24.010  0.0515166  0.0000005
24.030  0.0515164  0.0000004
24.050  0.0515164  0.0000005
24.070  0.0515165  0.0000005
24.090  0.0515163  0.0000005
24.110  0.0515164  0.0000004
24.130  0.0515166  0.0000004
24.150  0.0515166  0.0000005
24.170  0.0515166  0.0000004
24.190  0.0515165  0.0000005
24.210  0.0515165  0.0000005
24.230  0.0515168  0.0000004
24.250  0.0515169  0.0000005
24.270  0.0515162  0.0000004
24.290  0.0515167  0.0000004
24.310  0.0515163  0.0000005
24.330  0.0515161  0.0000005
24.350  0.0515166  0.0000004
24.370  0.0515164  0.0000005
24.390  0.0515165  0.0000004
24.410  0.0515165  0.0000005
24.430  0.0515163  0.0000005
24.450  0.0515163  0.0000004
24.470  0.0515165  0.0000005
24.490  0.0515164  0.0000005
24.510  0.0515166  0.0000004
24.530  0.0515164  0.0000005
24.550  0.0515164  0.0000005
24.570  0.0515162  0.0000005
24.590  0.0515164  0.0000005
24.610  0.0515163  0.0000005
24.630  0.0515167  0.0000005
24.650  0.0515167  0.0000004
24.670  0.0515164  0.0000005
24.690  0.0515167  0.0000005
24.710  0.0515163  0.0000005
24.730  0.0515170  0.0000005
24.750  0.0515164  0.0000005
24.770  0.0515167  0.0000005
24.790  0.0515164  0.0000005
24.810  0.0515166  0.0000004
24.830  0.0515163  0.0000005
24.850  0.0515163  0.0000005
24.870  0.0515166  0.0000005
24.890  0.0515163  0.0000005
24.910  0.0515164  0.0000004
24.930  0.0515163  0.0000005
24.950  0.0515165  0.0000005
24.970  0.0515164  0.0000004
24.990  0.0515162  0.0000005
25.010  0.0515166  0.0000005
25.030  0.0515165  0.0000005
25.050  0.0515166  0.0000005
25.070  0.0515164  0.0000005
25.090  0.0515167  0.0000005
25.110  0.0515164  0.0000005
25.130  0.0515168  0.0000004
25.150  0.0515168  0.0000005
25.170  0.0515164  0.0000005
25.190  0.0515164  0.0000005
25.210  0.0515161  0.0000004
25.230  0.0515165  0.0000005
25.250  0.0515164  0.0000005
25.270  0.0515166  0.0000005
25.290  0.0515166  0.0000005
25.310  0.0515170  0.0000005
25.330  0.0515168  0.0000005
25.350  0.0515167  0.0000005
25.370  0.0515167  0.0000005
25.390  0.0515166  0.0000005
25.410  0.0515165  0.0000004
25.430  0.0515165  0.0000005
25.450  0.0515165  0.0000005
25.470  0.0515167  0.0000005
25.490  0.0515169  0.0000005
25.510  0.0515164  0.0000005
25.530  0.0515165  0.0000005
25.550  0.0515164  0.0000005
25.570  0.0515168  0.0000005
25.590  0.0515166  0.0000004
25.610  0.0515167  0.0000005
25.630  0.0515166  0.0000004
25.650  0.0515165  0.0000005
25.670  0.0515168  0.0000004
25.690  0.0515167  0.0000005
25.710  0.0515166  0.0000005
25.730  0.0515165  0.0000005
25.750  0.0515168  0.0000005
25.770  0.0515167  0.0000005
25.790  0.0515164  0.0000004
25.810  0.0515165  0.0000005
25.830  0.0515166  0.0000005
25.850  0.0515167  0.0000005
25.870  0.0515166  0.0000004
25.890  0.0515162  0.0000005
25.910  0.0515166  0.0000005
25.930  0.0515167  0.0000005
25.950  0.0515163  0.0000005
25.970  0.0515166  0.0000005
25.990  0.0515167  0.0000005
26.010  0.0515167  0.0000005
26.030  0.0515164  0.0000005
26.050  0.0515166  0.0000005
26.070  0.0515163  0.0000004
26.090  0.0515165  0.0000005
26.110  0.0515163  0.0000005
26.130  0.0515167  0.0000005
26.150  0.0515164  0.0000005
26.170  0.0515165  0.0000005
26.190  0.0515165  0.0000005
26.210  0.0515167  0.0000004
26.230  0.0515167  0.0000005
26.250  0.0515168  0.0000004
26.270  0.0515167  0.0000005
26.290  0.0515167  0.0000005
26.310  0.0515166  0.0000005
26.330  0.0515168  0.0000005
26.350  0.0515168  0.0000005
26.370  0.0515166  0.0000005
26.390  0.0515163  0.0000004
26.410  0.0515166  0.0000005
26.430  0.0515171  0.0000005
26.450  0.0515170  0.0000005
26.470  0.0515166  0.0000005
26.490  0.0515168  0.0000005
26.510  0.0515168  0.0000005
26.530  0.0515171  0.0000005
26.550  0.0515166  0.0000005
26.570  0.0515167  0.0000005
26.590  0.0515171  0.0000005
26.610  0.0515165  0.0000005
26.630  0.0515166  0.0000004
26.650  0.0515168  0.0000005
26.670  0.0515166  0.0000005
26.690  0.0515164  0.0000005
26.710  0.0515166  0.0000004
26.730  0.0515168  0.0000005
26.750  0.0515165  0.0000005
26.770  0.0515164  0.0000005
26.790  0.0515164  0.0000005
26.810  0.0515165  0.0000005
26.830  0.0515163  0.0000005
26.850  0.0515165  0.0000005
26.870  0.0515168  0.0000005
26.890  0.0515164  0.0000005
26.910  0.0515169  0.0000005
26.930  0.0515168  0.0000005
26.950  0.0515163  0.0000005
26.970  0.0515170  0.0000005
26.990  0.0515162  0.0000005
27.010  0.0515168  0.0000005
27.030  0.0515163  0.0000005
27.050  0.0515165  0.0000005
27.070  0.0515169  0.0000005
27.090  0.0515168  0.0000005
27.110  0.0515167  0.0000005
27.130  0.0515164  0.0000005
27.150  0.0515165  0.0000004
27.170  0.0515167  0.0000005
27.190  0.0515167  0.0000005
27.210  0.0515167  0.0000005
27.230  0.0515166  0.0000005
27.250  0.0515168  0.0000005
27.270  0.0515168  0.0000005
27.290  0.0515166  0.0000005
27.310  0.0515166  0.0000005
27.330  0.0515163  0.0000005
27.350  0.0515168  0.0000005
27.370  0.0515166  0.0000005
27.390  0.0515167  0.0000005
27.410  0.0515164  0.0000005
27.430  0.0515164  0.0000005
27.450  0.0515167  0.0000005
27.470  0.0515167  0.0000005
27.490  0.0515165  0.0000005
27.510  0.0515163  0.0000005
27.530  0.0515168  0.0000005
27.550  0.0515168  0.0000005
27.570  0.0515165  0.0000005
27.590  0.0515168  0.0000005
27.610  0.0515168  0.0000005
27.630  0.0515167  0.0000005
27.650  0.0515167  0.0000005
27.670  0.0515169  0.0000004
27.690  0.0515167  0.0000005
27.710  0.0515165  0.0000005
27.730  0.0515167  0.0000005
27.750  0.0515168  0.0000005
27.770  0.0515165  0.0000005
27.790  0.0515163  0.0000005
27.810  0.0515165  0.0000005
27.830  0.0515164  0.0000005
27.850  0.0515164  0.0000005
27.870  0.0515164  0.0000005
27.890  0.0515167  0.0000005
27.910  0.0515169  0.0000005
27.930  0.0515165  0.0000005
27.950  0.0515166  0.0000005
27.970  0.0515167  0.0000005
27.990  0.0515169  0.0000005
28.010  0.0515163  0.0000005
28.030  0.0515164  0.0000005
28.050  0.0515164  0.0000005
28.070  0.0515166  0.0000005
28.090  0.0515170  0.0000005
28.110  0.0515165  0.0000005
28.130  0.0515167  0.0000005
28.150  0.0515169  0.0000005
28.170  0.0515164  0.0000005
28.190  0.0515166  0.0000005
28.210  0.0515169  0.0000005
28.230  0.0515169  0.0000005
28.250  0.0515166  0.0000005
28.270  0.0515166  0.0000005
28.290  0.0515167  0.0000005
28.310  0.0515166  0.0000005
28.330  0.0515167  0.0000005
28.350  0.0515166  0.0000005
28.370  0.0515165  0.0000005
28.390  0.0515163  0.0000005
28.410  0.0515165  0.0000005
28.430  0.0515163  0.0000005
28.450  0.0515166  0.0000005
28.470  0.0515164  0.0000005
28.490  0.0515165  0.0000005
28.510  0.0515165  0.0000005
28.530  0.0515166  0.0000005
28.550  0.0515162  0.0000005
28.570  0.0515165  0.0000005
28.590  0.0515166  0.0000005
28.610  0.0515163  0.0000005
28.630  0.0515164  0.0000005
28.650  0.0515161  0.0000005
28.670  0.0515164  0.0000005
28.690  0.0515162  0.0000005
28.710  0.0515162  0.0000005
28.730  0.0515165  0.0000005
28.750  0.0515163  0.0000005
28.770  0.0515161  0.0000005
28.790  0.0515164  0.0000005
28.810  0.0515166  0.0000005
28.830  0.0515167  0.0000005
28.850  0.0515167  0.0000005
28.870  0.0515167  0.0000005
28.890  0.0515168  0.0000005
28.910  0.0515166  0.0000005
28.930  0.0515166  0.0000005
28.950  0.0515167  0.0000005
28.970  0.0515165  0.0000005
28.990  0.0515163  0.0000005
29.010  0.0515165  0.0000005
29.030  0.0515163  0.0000005
29.050  0.0515165  0.0000005
29.070  0.0515164  0.0000005
29.090  0.0515164  0.0000005
29.110  0.0515166  0.0000005
29.130  0.0515164  0.0000005
29.150  0.0515165  0.0000005
29.170  0.0515166  0.0000005
29.190  0.0515166  0.0000005
29.210  0.0515164  0.0000005
29.230  0.0515164  0.0000005
29.250  0.0515166  0.0000005
29.270  0.0515165  0.0000005
29.290  0.0515170  0.0000005
29.310  0.0515168  0.0000005
29.330  0.0515166  0.0000005
29.350  0.0515166  0.0000005
29.370  0.0515165  0.0000005
29.390  0.0515167  0.0000005
29.410  0.0515161  0.0000005
29.430  0.0515164  0.0000005
29.450  0.0515169  0.0000005
29.470  0.0515165  0.0000005
29.490  0.0515167  0.0000005
29.510  0.0515167  0.0000005
29.530  0.0515167  0.0000005
29.550  0.0515169  0.0000005
29.570  0.0515171  0.0000005
29.590  0.0515166  0.0000005
29.610  0.0515167  0.0000005
29.630  0.0515164  0.0000005
29.650  0.0515164  0.0000005
29.670  0.0515166  0.0000005
29.690  0.0515166  0.0000005
29.710  0.0515165  0.0000005
29.730  0.0515166  0.0000005
29.750  0.0515164  0.0000005
29.770  0.0515167  0.0000005
29.790  0.0515166  0.0000005
29.810  0.0515164  0.0000005
29.830  0.0515166  0.0000005
29.850  0.0515165  0.0000005
29.870  0.0515166  0.0000005
29.890  0.0515165  0.0000005
29.910  0.0515163  0.0000005
29.930  0.0515164  0.0000005
29.950  0.0515165  0.0000005
29.970  0.0515164  0.0000005
29.990  0.0515168  0.0000005
30.010  0.0515166  0.0000005
30.030  0.0515170  0.0000005
30.050  0.0515171  0.0000005
30.070  0.0515167  0.0000005
30.090  0.0515169  0.0000005
30.110  0.0515165  0.0000005
30.130  0.0515166  0.0000005
30.150  0.0515168  0.0000005
30.170  0.0515168  0.0000005
30.190  0.0515167  0.0000005
30.210  0.0515165  0.0000005
30.230  0.0515167  0.0000005
30.250  0.0515170  0.0000005
30.270  0.0515169  0.0000005
30.290  0.0515167  0.0000005
30.310  0.0515166  0.0000005
30.330  0.0515166  0.0000005
30.350  0.0515162  0.0000005
30.370  0.0515164  0.0000005
30.390  0.0515162  0.0000005
30.410  0.0515162  0.0000005
30.430  0.0515164  0.0000005
30.450  0.0515167  0.0000005
30.470  0.0515163  0.0000005
30.490  0.0515167  0.0000005
30.510  0.0515164  0.0000005
30.530  0.0515164  0.0000005
30.550  0.0515162  0.0000005
30.570  0.0515166  0.0000005
30.590  0.0515164  0.0000005
30.610  0.0515161  0.0000005
30.630  0.0515165  0.0000005
30.650  0.0515167  0.0000005
30.670  0.0515164  0.0000005
30.690  0.0515165  0.0000005
30.710  0.0515163  0.0000005
30.730  0.0515163  0.0000005
30.750  0.0515164  0.0000005
30.770  0.0515161  0.0000005
30.790  0.0515166  0.0000005
30.810  0.0515165  0.0000005
30.830  0.0515164  0.0000005
30.850  0.0515165  0.0000005
30.870  0.0515163  0.0000005
30.890  0.0515165  0.0000005
30.910  0.0515167  0.0000005
30.930  0.0515166  0.0000005
30.950  0.0515163  0.0000005
30.970  0.0515161  0.0000005
30.990  0.0515169  0.0000005
31.010  0.0515163  0.0000005
31.030  0.0515163  0.0000005
31.050  0.0515165  0.0000005
31.070  0.0515165  0.0000005
31.090  0.0515160  0.0000005
31.110  0.0515166  0.0000005
31.130  0.0515163  0.0000005
31.150  0.0515165  0.0000005
31.170  0.0515166  0.0000005
31.190  0.0515163  0.0000005
31.210  0.0515163  0.0000005
31.230  0.0515167  0.0000005
31.250  0.0515162  0.0000005
31.270  0.0515165  0.0000005
31.290  0.0515163  0.0000005
31.310  0.0515168  0.0000005
31.330  0.0515165  0.0000005
31.350  0.0515161  0.0000005
31.370  0.0515164  0.0000005
31.390  0.0515164  0.0000005
31.410  0.0515165  0.0000005
31.430  0.0515165  0.0000005
31.450  0.0515165  0.0000005
31.470  0.0515165  0.0000005
31.490  0.0515165  0.0000005
31.510  0.0515165  0.0000005
31.530  0.0515166  0.0000005
31.550  0.0515164  0.0000005
31.570  0.0515167  0.0000005
31.590  0.0515168  0.0000005
31.610  0.0515166  0.0000005
31.630  0.0515164  0.0000005
31.650  0.0515165  0.0000005
31.670  0.0515164  0.0000005
31.690  0.0515164  0.0000005
31.710  0.0515166  0.0000005
31.730  0.0515163  0.0000005
31.750  0.0515162  0.0000005
31.770  0.0515167  0.0000005
31.790  0.0515166  0.0000005
31.810  0.0515165  0.0000005
31.830  0.0515164  0.0000005
31.850  0.0515167  0.0000005
31.870  0.0515163  0.0000005
31.890  0.0515167  0.0000005
31.910  0.0515164  0.0000005
31.930  0.0515166  0.0000005
31.950  0.0515165  0.0000005
31.970  0.0515165  0.0000005
31.990  0.0515167  0.0000005
32.010  0.0515166  0.0000005
32.030  0.0515168  0.0000005
32.050  0.0515165  0.0000005
32.070  0.0515166  0.0000005
32.090  0.0515166  0.0000005
32.110  0.0515167  0.0000005
32.130  0.0515166  0.0000005
32.150  0.0515164  0.0000005
32.170  0.0515169  0.0000005
32.190  0.0515163  0.0000005
32.210  0.0515163  0.0000005
32.230  0.0515162  0.0000005
32.250  0.0515167  0.0000005
32.270  0.0515165  0.0000005
32.290  0.0515165  0.0000005
32.310  0.0515165  0.0000005
32.330  0.0515170  0.0000005
32.350  0.0515166  0.0000005
32.370  0.0515168  0.0000005
32.390  0.0515164  0.0000005
32.410  0.0515166  0.0000005
32.430  0.0515164  0.0000005
32.450  0.0515165  0.0000005
32.470  0.0515162  0.0000005
32.490  0.0515165  0.0000005
32.510  0.0515164  0.0000005
32.530  0.0515161  0.0000005
32.550  0.0515167  0.0000005
32.570  0.0515168  0.0000005
32.590  0.0515164  0.0000005
32.610  0.0515169  0.0000005
32.630  0.0515164  0.0000005
32.650  0.0515168  0.0000005
32.670  0.0515166  0.0000005
32.690  0.0515166  0.0000005
32.710  0.0515166  0.0000005
32.730  0.0515166  0.0000005
32.750  0.0515164  0.0000005
32.770  0.0515165  0.0000005
